Lead Time,Departure Station,Arrival Destination,Day of Week,Ticket Type
24 days,london paddington,liverpool lime street,Monday,advance
16 days,london kings cross,york,Monday,advance
14 days,liverpool lime street,manchester piccadilly,Tuesday,advance
12 days,london paddington,reading,Monday,advance
5 days,liverpool lime street,london euston,Monday,advance
2 days,london kings cross,york,Monday,advance
1 days,london euston,oxford,Monday,advance
1 days,liverpool lime street,manchester piccadilly,Monday,advance
1 days,london euston,york,Monday,advance
1 days,london paddington,reading,Monday,advance
1 days,york,durham,Monday,advance
1 days,london paddington,reading,Monday,advance
1 days,manchester piccadilly,liverpool lime street,Monday,advance
1 days,manchester piccadilly,liverpool lime street,Monday,advance
1 days,birmingham new street,london st pancras,Monday,advance
1 days,london paddington,reading,Monday,advance
1 days,london paddington,reading,Monday,advance
1 days,london st pancras,birmingham new street,Monday,advance
1 days,london kings cross,york,Monday,advance
1 days,london kings cross,york,Monday,advance
1 days,birmingham new street,manchester piccadilly,Monday,advance
1 days,liverpool lime street,manchester piccadilly,Monday,advance
1 days,london kings cross,york,Monday,advance
1 days,london euston,birmingham new street,Monday,advance
1 days,london euston,birmingham new street,Monday,advance
1 days,manchester piccadilly,london paddington,Monday,advance
1 days,oxford,bristol temple meads,Monday,advance
1 days,london paddington,reading,Monday,advance
1 days,london euston,birmingham new street,Monday,advance
1 days,london kings cross,york,Monday,advance
1 days,london st pancras,birmingham new street,Monday,advance
1 days,london paddington,reading,Monday,advance
1 days,london kings cross,york,Monday,advance
1 days,birmingham new street,tamworth,Monday,advance
0 days,london euston,birmingham new street,Monday,off-peak
0 days,manchester piccadilly,liverpool lime street,Monday,off-peak
0 days,london st pancras,birmingham new street,Monday,off-peak
0 days,birmingham new street,london st pancras,Monday,off-peak
0 days,liverpool lime street,manchester piccadilly,Monday,off-peak
1 days,london euston,birmingham new street,Tuesday,advance
0 days,manchester piccadilly,liverpool lime street,Monday,off-peak
0 days,liverpool lime street,manchester piccadilly,Monday,anytime
0 days,london kings cross,york,Monday,anytime
0 days,london kings cross,york,Monday,anytime
0 days,london st pancras,birmingham new street,Monday,anytime
1 days,manchester piccadilly,london euston,Tuesday,advance
0 days,birmingham new street,london st pancras,Monday,anytime
0 days,london kings cross,york,Monday,anytime
0 days,london kings cross,york,Monday,anytime
0 days,london paddington,london waterloo,Monday,anytime
0 days,london kings cross,york,Monday,anytime
0 days,liverpool lime street,london euston,Monday,anytime
0 days,london st pancras,birmingham new street,Monday,anytime
0 days,manchester piccadilly,sheffield,Monday,anytime
0 days,london paddington,reading,Monday,anytime
0 days,london paddington,reading,Monday,anytime
0 days,liverpool lime street,manchester piccadilly,Monday,off-peak
1 days,birmingham new street,london st pancras,Tuesday,advance
1 days,london st pancras,wolverhampton,Tuesday,advance
1 days,manchester piccadilly,liverpool lime street,Tuesday,advance
0 days,london euston,birmingham new street,Monday,off-peak
1 days,manchester piccadilly,london euston,Tuesday,advance
0 days,london kings cross,york,Monday,off-peak
0 days,manchester piccadilly,liverpool lime street,Monday,off-peak
0 days,london st pancras,birmingham new street,Monday,off-peak
0 days,london paddington,reading,Monday,off-peak
0 days,manchester piccadilly,liverpool lime street,Monday,anytime
0 days,london euston,birmingham new street,Monday,anytime
0 days,liverpool lime street,london euston,Monday,anytime
0 days,liverpool lime street,manchester piccadilly,Monday,anytime
0 days,manchester piccadilly,liverpool lime street,Monday,anytime
1 days,london st pancras,birmingham new street,Tuesday,advance
0 days,liverpool lime street,manchester piccadilly,Monday,anytime
1 days,london st pancras,birmingham new street,Tuesday,advance
0 days,london st pancras,birmingham new street,Monday,anytime
1 days,london euston,birmingham new street,Tuesday,advance
1 days,london st pancras,birmingham new street,Tuesday,advance
1 days,london st pancras,birmingham new street,Tuesday,advance
1 days,london st pancras,birmingham new street,Tuesday,advance
1 days,london st pancras,birmingham new street,Tuesday,advance
1 days,london kings cross,york,Tuesday,advance
1 days,manchester piccadilly,liverpool lime street,Tuesday,advance
1 days,manchester piccadilly,liverpool lime street,Tuesday,advance
1 days,liverpool lime street,manchester piccadilly,Tuesday,advance
1 days,manchester piccadilly,liverpool lime street,Tuesday,advance
1 days,london st pancras,birmingham new street,Tuesday,advance
0 days,oxford,bristol temple meads,Tuesday,off-peak
0 days,york,durham,Tuesday,off-peak
0 days,manchester piccadilly,london euston,Tuesday,off-peak
0 days,york,durham,Tuesday,off-peak
0 days,london paddington,reading,Tuesday,off-peak
0 days,london euston,birmingham new street,Tuesday,off-peak
1 days,liverpool lime street,manchester piccadilly,Wednesday,advance
0 days,manchester piccadilly,liverpool lime street,Tuesday,off-peak
1 days,london kings cross,york,Wednesday,advance
1 days,york,durham,Wednesday,advance
0 days,liverpool lime street,manchester piccadilly,Tuesday,off-peak
1 days,york,durham,Wednesday,advance
1 days,manchester piccadilly,liverpool lime street,Wednesday,advance
1 days,liverpool lime street,manchester piccadilly,Wednesday,advance
0 days,london paddington,reading,Tuesday,off-peak
0 days,manchester piccadilly,london euston,Tuesday,off-peak
1 days,liverpool lime street,manchester piccadilly,Wednesday,advance
1 days,london st pancras,birmingham new street,Wednesday,advance
0 days,london st pancras,birmingham new street,Tuesday,off-peak
1 days,manchester piccadilly,london paddington,Wednesday,advance
1 days,london kings cross,york,Wednesday,advance
1 days,liverpool lime street,leeds,Wednesday,advance
1 days,liverpool lime street,manchester piccadilly,Wednesday,advance
1 days,london paddington,reading,Wednesday,advance
1 days,london paddington,reading,Wednesday,advance
0 days,london st pancras,birmingham new street,Tuesday,off-peak
1 days,london paddington,reading,Wednesday,advance
1 days,london kings cross,york,Wednesday,advance
0 days,london euston,birmingham new street,Tuesday,off-peak
0 days,manchester piccadilly,liverpool lime street,Tuesday,off-peak
0 days,london euston,birmingham new street,Tuesday,off-peak
1 days,liverpool lime street,manchester piccadilly,Wednesday,advance
0 days,manchester piccadilly,liverpool lime street,Tuesday,anytime
0 days,london kings cross,york,Tuesday,anytime
1 days,london paddington,reading,Wednesday,advance
0 days,london paddington,reading,Tuesday,anytime
0 days,london paddington,reading,Tuesday,anytime
0 days,manchester piccadilly,liverpool lime street,Tuesday,anytime
0 days,london kings cross,york,Tuesday,anytime
0 days,manchester piccadilly,liverpool lime street,Tuesday,anytime
0 days,birmingham new street,stafford,Tuesday,anytime
0 days,london euston,birmingham new street,Tuesday,anytime
0 days,birmingham new street,london st pancras,Tuesday,anytime
0 days,london st pancras,birmingham new street,Tuesday,anytime
1 days,manchester piccadilly,london euston,Wednesday,advance
0 days,birmingham new street,london euston,Tuesday,anytime
0 days,york,doncaster,Tuesday,anytime
0 days,london euston,manchester piccadilly,Tuesday,anytime
0 days,london st pancras,wolverhampton,Tuesday,anytime
0 days,manchester piccadilly,liverpool lime street,Tuesday,anytime
1 days,london kings cross,york,Wednesday,advance
1 days,london kings cross,york,Wednesday,advance
0 days,london euston,birmingham new street,Tuesday,anytime
0 days,london euston,birmingham new street,Tuesday,anytime
0 days,london kings cross,york,Tuesday,anytime
0 days,liverpool lime street,manchester piccadilly,Tuesday,anytime
0 days,london kings cross,york,Tuesday,anytime
1 days,london st pancras,birmingham new street,Wednesday,advance
1 days,birmingham new street,london st pancras,Wednesday,advance
0 days,reading,swindon,Tuesday,anytime
0 days,london kings cross,york,Tuesday,anytime
0 days,london euston,birmingham new street,Tuesday,anytime
0 days,liverpool lime street,london euston,Tuesday,anytime
0 days,liverpool lime street,london euston,Tuesday,anytime
1 days,liverpool lime street,london euston,Wednesday,advance
0 days,liverpool lime street,london euston,Tuesday,anytime
0 days,london euston,manchester piccadilly,Tuesday,anytime
0 days,liverpool lime street,london euston,Tuesday,anytime
0 days,london st pancras,birmingham new street,Tuesday,anytime
0 days,oxford,bristol temple meads,Tuesday,anytime
0 days,liverpool lime street,london euston,Tuesday,anytime
1 days,liverpool lime street,london euston,Wednesday,advance
0 days,london st pancras,birmingham new street,Tuesday,anytime
0 days,london euston,birmingham new street,Tuesday,anytime
0 days,manchester piccadilly,liverpool lime street,Tuesday,anytime
1 days,manchester piccadilly,liverpool lime street,Wednesday,advance
0 days,london paddington,oxford,Tuesday,anytime
0 days,london paddington,reading,Tuesday,anytime
0 days,london paddington,reading,Tuesday,anytime
1 days,london euston,birmingham new street,Wednesday,advance
0 days,manchester piccadilly,liverpool lime street,Tuesday,anytime
0 days,london paddington,oxford,Tuesday,anytime
0 days,london kings cross,york,Tuesday,anytime
1 days,liverpool lime street,manchester piccadilly,Wednesday,advance
0 days,london paddington,reading,Tuesday,anytime
0 days,manchester piccadilly,nottingham,Tuesday,off-peak
0 days,manchester piccadilly,leeds,Tuesday,off-peak
0 days,london kings cross,york,Tuesday,off-peak
1 days,manchester piccadilly,liverpool lime street,Wednesday,advance
0 days,london kings cross,york,Tuesday,off-peak
1 days,manchester piccadilly,liverpool lime street,Wednesday,advance
0 days,manchester piccadilly,liverpool lime street,Tuesday,off-peak
1 days,manchester piccadilly,liverpool lime street,Wednesday,advance
0 days,manchester piccadilly,liverpool lime street,Tuesday,off-peak
1 days,manchester piccadilly,liverpool lime street,Wednesday,advance
1 days,york,doncaster,Wednesday,advance
1 days,birmingham new street,london st pancras,Wednesday,advance
1 days,london st pancras,birmingham new street,Wednesday,advance
1 days,london st pancras,birmingham new street,Wednesday,advance
1 days,london paddington,oxford,Wednesday,advance
0 days,london kings cross,york,Tuesday,off-peak
1 days,london paddington,reading,Wednesday,advance
1 days,london kings cross,york,Wednesday,advance
1 days,london kings cross,york,Wednesday,advance
1 days,london paddington,oxford,Wednesday,advance
0 days,london kings cross,york,Tuesday,off-peak
1 days,manchester piccadilly,liverpool lime street,Wednesday,advance
1 days,york,peterborough,Wednesday,advance
0 days,london kings cross,york,Tuesday,off-peak
1 days,liverpool lime street,manchester piccadilly,Wednesday,advance
1 days,reading,swindon,Wednesday,advance
1 days,liverpool lime street,manchester piccadilly,Wednesday,advance
1 days,reading,swindon,Wednesday,advance
0 days,liverpool lime street,manchester piccadilly,Tuesday,off-peak
1 days,london kings cross,york,Wednesday,advance
1 days,london euston,manchester piccadilly,Wednesday,advance
1 days,liverpool lime street,london euston,Wednesday,advance
1 days,liverpool lime street,london euston,Wednesday,advance
1 days,liverpool lime street,london euston,Wednesday,advance
0 days,london kings cross,york,Tuesday,off-peak
0 days,london st pancras,birmingham new street,Tuesday,off-peak
1 days,london euston,manchester piccadilly,Wednesday,advance
0 days,manchester piccadilly,liverpool lime street,Tuesday,off-peak
1 days,london euston,birmingham new street,Wednesday,advance
1 days,london euston,birmingham new street,Wednesday,advance
1 days,london paddington,reading,Wednesday,advance
1 days,manchester piccadilly,leeds,Wednesday,advance
1 days,liverpool lime street,manchester piccadilly,Wednesday,advance
0 days,london st pancras,birmingham new street,Tuesday,off-peak
1 days,london paddington,reading,Wednesday,advance
1 days,london kings cross,liverpool lime street,Wednesday,advance
0 days,liverpool lime street,manchester piccadilly,Tuesday,off-peak
1 days,london kings cross,liverpool lime street,Wednesday,advance
1 days,london kings cross,york,Wednesday,advance
1 days,london euston,birmingham new street,Wednesday,advance
0 days,london paddington,reading,Tuesday,off-peak
0 days,york,edinburgh,Tuesday,off-peak
0 days,london euston,birmingham new street,Tuesday,off-peak
0 days,reading,london paddington,Tuesday,off-peak
1 days,london kings cross,york,Wednesday,advance
0 days,manchester piccadilly,liverpool lime street,Tuesday,off-peak
1 days,manchester piccadilly,liverpool lime street,Wednesday,advance
1 days,london st pancras,birmingham new street,Wednesday,advance
1 days,london kings cross,york,Wednesday,advance
0 days,manchester piccadilly,liverpool lime street,Tuesday,off-peak
0 days,london kings cross,york,Tuesday,off-peak
0 days,london kings cross,york,Tuesday,off-peak
1 days,london euston,birmingham new street,Wednesday,advance
1 days,london kings cross,york,Wednesday,advance
1 days,london st pancras,birmingham new street,Wednesday,advance
0 days,london paddington,reading,Tuesday,off-peak
0 days,london paddington,reading,Tuesday,off-peak
0 days,london st pancras,birmingham new street,Tuesday,off-peak
0 days,london paddington,reading,Tuesday,off-peak
1 days,london euston,birmingham new street,Wednesday,advance
0 days,york,edinburgh,Tuesday,off-peak
1 days,london paddington,reading,Wednesday,advance
1 days,london euston,birmingham new street,Wednesday,advance
0 days,london euston,birmingham new street,Tuesday,off-peak
0 days,york,peterborough,Tuesday,anytime
0 days,london euston,birmingham new street,Tuesday,anytime
0 days,london euston,birmingham new street,Tuesday,anytime
0 days,liverpool lime street,manchester piccadilly,Tuesday,anytime
0 days,london st pancras,birmingham new street,Tuesday,anytime
0 days,london euston,birmingham new street,Tuesday,anytime
0 days,london euston,birmingham new street,Tuesday,anytime
0 days,london st pancras,birmingham new street,Tuesday,anytime
0 days,london kings cross,york,Tuesday,anytime
0 days,manchester piccadilly,liverpool lime street,Tuesday,anytime
1 days,liverpool lime street,manchester piccadilly,Wednesday,advance
1 days,liverpool lime street,manchester piccadilly,Wednesday,advance
0 days,london kings cross,york,Tuesday,anytime
1 days,manchester piccadilly,london paddington,Wednesday,advance
0 days,reading,swindon,Tuesday,anytime
0 days,birmingham new street,stafford,Tuesday,anytime
0 days,london kings cross,york,Tuesday,anytime
0 days,liverpool lime street,manchester piccadilly,Tuesday,anytime
0 days,manchester piccadilly,liverpool lime street,Tuesday,anytime
0 days,manchester piccadilly,liverpool lime street,Tuesday,anytime
1 days,liverpool lime street,london euston,Wednesday,advance
0 days,manchester piccadilly,liverpool lime street,Tuesday,anytime
1 days,manchester piccadilly,liverpool lime street,Wednesday,advance
1 days,manchester piccadilly,liverpool lime street,Wednesday,advance
1 days,york,edinburgh,Wednesday,advance
1 days,london kings cross,york,Wednesday,advance
1 days,london paddington,reading,Wednesday,advance
1 days,london euston,birmingham new street,Wednesday,advance
1 days,reading,london paddington,Wednesday,advance
1 days,reading,london paddington,Wednesday,advance
1 days,london euston,birmingham new street,Wednesday,advance
0 days,london st pancras,birmingham new street,Tuesday,anytime
0 days,birmingham new street,stafford,Tuesday,anytime
0 days,birmingham new street,tamworth,Tuesday,anytime
0 days,london st pancras,wolverhampton,Tuesday,anytime
1 days,london paddington,reading,Wednesday,advance
0 days,manchester piccadilly,liverpool lime street,Tuesday,anytime
0 days,london euston,manchester piccadilly,Tuesday,anytime
0 days,liverpool lime street,crewe,Tuesday,anytime
0 days,london st pancras,birmingham new street,Tuesday,anytime
0 days,london st pancras,wolverhampton,Tuesday,anytime
1 days,london paddington,reading,Wednesday,advance
1 days,london euston,birmingham new street,Wednesday,advance
1 days,manchester piccadilly,liverpool lime street,Wednesday,advance
1 days,london euston,birmingham new street,Wednesday,advance
1 days,london euston,birmingham new street,Wednesday,advance
1 days,london kings cross,york,Wednesday,advance
0 days,london st pancras,birmingham new street,Tuesday,off-peak
1 days,london kings cross,york,Wednesday,advance
1 days,birmingham new street,manchester piccadilly,Wednesday,advance
1 days,liverpool lime street,leeds,Wednesday,advance
0 days,london kings cross,york,Tuesday,off-peak
1 days,manchester piccadilly,london kings cross,Wednesday,advance
1 days,liverpool lime street,london euston,Wednesday,advance
1 days,liverpool lime street,leeds,Wednesday,advance
0 days,london st pancras,leicester,Tuesday,anytime
0 days,liverpool lime street,manchester piccadilly,Tuesday,off-peak
0 days,manchester piccadilly,liverpool lime street,Tuesday,anytime
1 days,london kings cross,york,Wednesday,advance
0 days,liverpool lime street,manchester piccadilly,Tuesday,off-peak
1 days,london kings cross,york,Wednesday,advance
1 days,manchester piccadilly,liverpool lime street,Wednesday,advance
1 days,london euston,birmingham new street,Wednesday,advance
1 days,london kings cross,york,Wednesday,advance
0 days,manchester piccadilly,liverpool lime street,Tuesday,off-peak
0 days,london kings cross,liverpool lime street,Tuesday,off-peak
1 days,london st pancras,birmingham new street,Wednesday,advance
1 days,manchester piccadilly,liverpool lime street,Wednesday,advance
1 days,reading,swindon,Wednesday,advance
1 days,manchester piccadilly,liverpool lime street,Wednesday,advance
1 days,manchester piccadilly,liverpool lime street,Wednesday,advance
1 days,london euston,birmingham new street,Wednesday,advance
1 days,london paddington,reading,Wednesday,advance
0 days,liverpool lime street,manchester piccadilly,Tuesday,off-peak
1 days,liverpool lime street,manchester piccadilly,Wednesday,advance
0 days,liverpool lime street,manchester piccadilly,Tuesday,off-peak
1 days,london kings cross,york,Wednesday,advance
0 days,london euston,birmingham new street,Tuesday,off-peak
1 days,london st pancras,birmingham new street,Wednesday,advance
1 days,manchester piccadilly,liverpool lime street,Wednesday,advance
1 days,birmingham new street,tamworth,Wednesday,advance
1 days,london st pancras,birmingham new street,Wednesday,advance
1 days,manchester piccadilly,liverpool lime street,Wednesday,advance
1 days,birmingham new street,nuneaton,Wednesday,advance
1 days,london st pancras,birmingham new street,Wednesday,advance
1 days,manchester piccadilly,liverpool lime street,Wednesday,advance
1 days,birmingham new street,nuneaton,Wednesday,advance
1 days,birmingham new street,nuneaton,Wednesday,advance
1 days,london euston,manchester piccadilly,Wednesday,advance
1 days,london kings cross,york,Wednesday,advance
1 days,london st pancras,birmingham new street,Wednesday,advance
1 days,london paddington,reading,Wednesday,advance
1 days,birmingham new street,stafford,Wednesday,advance
1 days,london st pancras,birmingham new street,Wednesday,advance
1 days,london st pancras,birmingham new street,Wednesday,advance
0 days,london kings cross,york,Tuesday,off-peak
0 days,london kings cross,york,Tuesday,off-peak
1 days,manchester piccadilly,liverpool lime street,Wednesday,advance
1 days,london kings cross,york,Wednesday,advance
1 days,london paddington,reading,Wednesday,advance
1 days,london paddington,reading,Wednesday,advance
1 days,london paddington,reading,Wednesday,advance
1 days,london paddington,reading,Wednesday,advance
1 days,manchester piccadilly,liverpool lime street,Wednesday,advance
1 days,liverpool lime street,manchester piccadilly,Wednesday,advance
1 days,manchester piccadilly,liverpool lime street,Wednesday,advance
1 days,manchester piccadilly,liverpool lime street,Wednesday,advance
1 days,birmingham new street,london st pancras,Wednesday,advance
1 days,london paddington,reading,Wednesday,advance
1 days,liverpool lime street,manchester piccadilly,Wednesday,advance
1 days,london kings cross,york,Wednesday,advance
1 days,liverpool lime street,manchester piccadilly,Wednesday,advance
1 days,liverpool lime street,manchester piccadilly,Wednesday,advance
1 days,liverpool lime street,manchester piccadilly,Wednesday,advance
1 days,london paddington,reading,Wednesday,advance
1 days,london euston,birmingham new street,Wednesday,advance
0 days,liverpool lime street,manchester piccadilly,Wednesday,off-peak
0 days,london euston,manchester piccadilly,Wednesday,off-peak
0 days,london paddington,reading,Wednesday,off-peak
0 days,london st pancras,birmingham new street,Wednesday,off-peak
0 days,liverpool lime street,manchester piccadilly,Wednesday,off-peak
0 days,liverpool lime street,manchester piccadilly,Wednesday,off-peak
0 days,liverpool lime street,manchester piccadilly,Wednesday,off-peak
0 days,york,durham,Wednesday,off-peak
0 days,london paddington,reading,Wednesday,off-peak
0 days,london st pancras,birmingham new street,Wednesday,off-peak
1 days,york,durham,Thursday,advance
0 days,london st pancras,birmingham new street,Wednesday,off-peak
0 days,london st pancras,birmingham new street,Wednesday,off-peak
0 days,york,durham,Wednesday,off-peak
0 days,liverpool lime street,manchester piccadilly,Wednesday,off-peak
1 days,liverpool lime street,manchester piccadilly,Thursday,advance
0 days,london paddington,reading,Wednesday,off-peak
1 days,liverpool lime street,manchester piccadilly,Thursday,advance
0 days,birmingham new street,reading,Wednesday,off-peak
0 days,york,durham,Wednesday,off-peak
0 days,york,birmingham new street,Wednesday,off-peak
0 days,liverpool lime street,manchester piccadilly,Wednesday,off-peak
0 days,london euston,birmingham new street,Wednesday,off-peak
0 days,london euston,birmingham new street,Wednesday,off-peak
1 days,liverpool lime street,manchester piccadilly,Thursday,advance
1 days,london st pancras,birmingham new street,Thursday,advance
1 days,york,durham,Thursday,advance
1 days,liverpool lime street,manchester piccadilly,Thursday,advance
0 days,manchester piccadilly,liverpool lime street,Wednesday,off-peak
0 days,london kings cross,york,Wednesday,off-peak
0 days,liverpool lime street,manchester piccadilly,Wednesday,off-peak
1 days,liverpool lime street,manchester piccadilly,Thursday,advance
1 days,london euston,birmingham new street,Thursday,advance
1 days,liverpool lime street,manchester piccadilly,Thursday,advance
0 days,london kings cross,york,Wednesday,anytime
0 days,reading,didcot,Wednesday,anytime
0 days,reading,oxford,Wednesday,anytime
0 days,manchester piccadilly,liverpool lime street,Wednesday,anytime
0 days,london kings cross,york,Wednesday,anytime
0 days,manchester piccadilly,liverpool lime street,Wednesday,anytime
0 days,york,doncaster,Wednesday,anytime
0 days,birmingham new street,london st pancras,Wednesday,anytime
0 days,london euston,birmingham new street,Wednesday,anytime
0 days,york,doncaster,Wednesday,anytime
0 days,birmingham new street,london st pancras,Wednesday,anytime
0 days,manchester piccadilly,liverpool lime street,Wednesday,anytime
0 days,london paddington,reading,Wednesday,anytime
0 days,liverpool lime street,manchester piccadilly,Wednesday,anytime
0 days,liverpool lime street,manchester piccadilly,Wednesday,anytime
1 days,london euston,birmingham new street,Thursday,advance
0 days,birmingham new street,london st pancras,Wednesday,anytime
1 days,london kings cross,york,Thursday,advance
0 days,london euston,birmingham new street,Wednesday,anytime
1 days,london euston,birmingham new street,Thursday,advance
1 days,manchester piccadilly,london paddington,Thursday,advance
0 days,reading,swindon,Wednesday,anytime
0 days,reading,swindon,Wednesday,anytime
0 days,london kings cross,york,Wednesday,anytime
1 days,birmingham new street,london st pancras,Thursday,advance
0 days,liverpool lime street,manchester piccadilly,Wednesday,anytime
0 days,york,doncaster,Wednesday,anytime
0 days,reading,swindon,Wednesday,anytime
0 days,reading,swindon,Wednesday,anytime
0 days,london euston,birmingham new street,Wednesday,anytime
0 days,london euston,birmingham new street,Wednesday,anytime
0 days,london euston,manchester piccadilly,Wednesday,anytime
0 days,liverpool lime street,london euston,Wednesday,anytime
0 days,liverpool lime street,london euston,Wednesday,anytime
0 days,liverpool lime street,london euston,Wednesday,anytime
0 days,liverpool lime street,london euston,Wednesday,anytime
0 days,birmingham new street,liverpool lime street,Wednesday,anytime
0 days,london euston,manchester piccadilly,Wednesday,anytime
0 days,london st pancras,birmingham new street,Wednesday,anytime
0 days,manchester piccadilly,liverpool lime street,Wednesday,anytime
0 days,london paddington,reading,Wednesday,anytime
0 days,london kings cross,york,Wednesday,anytime
1 days,london kings cross,liverpool lime street,Thursday,advance
0 days,london paddington,reading,Wednesday,anytime
0 days,london paddington,oxford,Wednesday,anytime
0 days,london paddington,reading,Wednesday,anytime
0 days,london kings cross,york,Wednesday,anytime
0 days,london paddington,oxford,Wednesday,anytime
0 days,london paddington,reading,Wednesday,anytime
1 days,liverpool lime street,manchester piccadilly,Thursday,advance
0 days,london paddington,reading,Wednesday,anytime
0 days,london paddington,reading,Wednesday,anytime
0 days,london paddington,reading,Wednesday,anytime
0 days,london paddington,reading,Wednesday,anytime
0 days,london paddington,oxford,Wednesday,anytime
0 days,liverpool lime street,manchester piccadilly,Wednesday,off-peak
1 days,manchester piccadilly,liverpool lime street,Thursday,advance
1 days,london paddington,reading,Thursday,advance
1 days,london paddington,reading,Thursday,advance
0 days,london kings cross,edinburgh waverley,Wednesday,anytime
1 days,london paddington,reading,Thursday,advance
0 days,london kings cross,edinburgh waverley,Wednesday,anytime
1 days,manchester piccadilly,liverpool lime street,Thursday,advance
1 days,manchester piccadilly,liverpool lime street,Thursday,advance
1 days,london euston,manchester piccadilly,Thursday,advance
1 days,birmingham new street,london st pancras,Thursday,advance
1 days,york,doncaster,Thursday,advance
1 days,birmingham new street,nuneaton,Thursday,advance
1 days,london st pancras,birmingham new street,Thursday,advance
1 days,london st pancras,birmingham new street,Thursday,advance
1 days,liverpool lime street,manchester piccadilly,Thursday,advance
1 days,london paddington,oxford,Thursday,advance
1 days,london paddington,oxford,Thursday,advance
1 days,london paddington,reading,Thursday,advance
1 days,london paddington,reading,Thursday,advance
1 days,london kings cross,york,Thursday,advance
0 days,manchester piccadilly,liverpool lime street,Wednesday,off-peak
1 days,london paddington,london waterloo,Thursday,advance
1 days,london euston,birmingham new street,Thursday,advance
1 days,london kings cross,york,Thursday,advance
0 days,london euston,birmingham new street,Wednesday,off-peak
1 days,london st pancras,birmingham new street,Thursday,advance
0 days,london euston,birmingham new street,Wednesday,off-peak
1 days,liverpool lime street,london euston,Thursday,advance
0 days,london st pancras,birmingham new street,Wednesday,off-peak
1 days,liverpool lime street,london euston,Thursday,advance
1 days,london euston,manchester piccadilly,Thursday,advance
1 days,liverpool lime street,london euston,Thursday,advance
0 days,manchester piccadilly,liverpool lime street,Wednesday,off-peak
1 days,liverpool lime street,london euston,Thursday,advance
1 days,liverpool lime street,london euston,Thursday,advance
1 days,london euston,manchester piccadilly,Thursday,advance
1 days,liverpool lime street,london euston,Thursday,advance
0 days,manchester piccadilly,liverpool lime street,Wednesday,off-peak
1 days,liverpool lime street,london euston,Thursday,advance
0 days,manchester piccadilly,york,Wednesday,off-peak
1 days,london euston,manchester piccadilly,Thursday,advance
1 days,london euston,manchester piccadilly,Thursday,advance
0 days,london euston,birmingham new street,Wednesday,off-peak
1 days,london paddington,reading,Thursday,advance
0 days,london euston,birmingham new street,Wednesday,off-peak
1 days,manchester piccadilly,leeds,Thursday,advance
1 days,london paddington,reading,Thursday,advance
0 days,london st pancras,birmingham new street,Wednesday,off-peak
0 days,liverpool lime street,manchester piccadilly,Wednesday,off-peak
1 days,london paddington,reading,Thursday,advance
0 days,liverpool lime street,manchester piccadilly,Wednesday,off-peak
1 days,manchester piccadilly,liverpool lime street,Thursday,advance
0 days,london paddington,reading,Wednesday,off-peak
0 days,london paddington,reading,Wednesday,off-peak
0 days,liverpool lime street,manchester piccadilly,Wednesday,off-peak
1 days,london st pancras,birmingham new street,Thursday,advance
0 days,manchester piccadilly,liverpool lime street,Wednesday,off-peak
1 days,liverpool lime street,london st pancras,Thursday,advance
0 days,london kings cross,york,Wednesday,off-peak
0 days,london paddington,reading,Wednesday,off-peak
1 days,london st pancras,birmingham new street,Thursday,advance
0 days,london paddington,reading,Wednesday,off-peak
0 days,london st pancras,birmingham new street,Wednesday,off-peak
1 days,london kings cross,york,Thursday,advance
0 days,london paddington,reading,Wednesday,off-peak
0 days,york,edinburgh,Wednesday,off-peak
0 days,manchester piccadilly,liverpool lime street,Wednesday,off-peak
1 days,london paddington,reading,Thursday,advance
0 days,london kings cross,york,Wednesday,off-peak
0 days,london paddington,reading,Wednesday,off-peak
1 days,london st pancras,birmingham new street,Thursday,advance
1 days,london kings cross,york,Thursday,advance
1 days,manchester piccadilly,liverpool lime street,Thursday,advance
0 days,london euston,birmingham new street,Wednesday,off-peak
0 days,london paddington,reading,Wednesday,off-peak
0 days,london st pancras,birmingham new street,Wednesday,off-peak
0 days,london kings cross,york,Wednesday,off-peak
0 days,london kings cross,york,Wednesday,anytime
0 days,london euston,birmingham new street,Wednesday,anytime
0 days,london paddington,reading,Wednesday,anytime
1 days,london euston,birmingham new street,Thursday,advance
0 days,london st pancras,leicester,Wednesday,anytime
0 days,london euston,birmingham new street,Wednesday,anytime
0 days,birmingham new street,manchester piccadilly,Wednesday,anytime
0 days,london kings cross,york,Wednesday,anytime
0 days,edinburgh waverley,london kings cross,Wednesday,off-peak
1 days,london paddington,reading,Thursday,advance
1 days,manchester piccadilly,liverpool lime street,Thursday,advance
0 days,manchester piccadilly,london euston,Wednesday,off-peak
0 days,manchester piccadilly,liverpool lime street,Wednesday,anytime
1 days,london euston,birmingham new street,Thursday,advance
1 days,london paddington,reading,Thursday,advance
1 days,london st pancras,birmingham new street,Thursday,advance
1 days,london euston,birmingham new street,Thursday,advance
0 days,manchester piccadilly,liverpool lime street,Wednesday,anytime
0 days,liverpool lime street,manchester piccadilly,Wednesday,anytime
1 days,london paddington,reading,Thursday,advance
0 days,london euston,birmingham new street,Wednesday,anytime
0 days,manchester piccadilly,liverpool lime street,Wednesday,anytime
0 days,london euston,birmingham new street,Wednesday,anytime
1 days,manchester piccadilly,liverpool lime street,Thursday,advance
1 days,london paddington,reading,Thursday,advance
1 days,london st pancras,birmingham new street,Thursday,advance
1 days,reading,london paddington,Thursday,advance
1 days,reading,london paddington,Thursday,advance
0 days,london st pancras,birmingham new street,Wednesday,anytime
0 days,london st pancras,birmingham new street,Wednesday,anytime
1 days,london euston,birmingham new street,Thursday,advance
1 days,london kings cross,york,Thursday,advance
0 days,birmingham new street,nuneaton,Wednesday,anytime
0 days,reading,didcot,Wednesday,anytime
0 days,london st pancras,birmingham new street,Wednesday,anytime
0 days,london paddington,reading,Wednesday,anytime
1 days,london euston,birmingham new street,Thursday,advance
1 days,london euston,birmingham new street,Thursday,advance
1 days,london kings cross,york,Thursday,advance
1 days,london kings cross,york,Thursday,advance
1 days,london paddington,reading,Thursday,advance
1 days,london kings cross,york,Thursday,advance
1 days,london kings cross,liverpool lime street,Thursday,advance
1 days,liverpool lime street,leeds,Thursday,advance
1 days,liverpool lime street,sheffield,Thursday,advance
1 days,london euston,birmingham new street,Thursday,advance
1 days,liverpool lime street,london euston,Thursday,advance
0 days,london st pancras,leicester,Wednesday,anytime
0 days,manchester piccadilly,liverpool lime street,Wednesday,anytime
0 days,london st pancras,leicester,Wednesday,anytime
1 days,liverpool lime street,london euston,Thursday,advance
0 days,london paddington,reading,Wednesday,off-peak
0 days,london paddington,reading,Wednesday,off-peak
0 days,london kings cross,york,Wednesday,off-peak
1 days,london kings cross,york,Thursday,advance
0 days,london kings cross,liverpool lime street,Wednesday,off-peak
0 days,manchester piccadilly,liverpool lime street,Wednesday,off-peak
0 days,birmingham new street,edinburgh,Wednesday,off-peak
0 days,manchester piccadilly,liverpool lime street,Wednesday,off-peak
0 days,london paddington,reading,Wednesday,off-peak
1 days,liverpool lime street,manchester piccadilly,Thursday,advance
1 days,liverpool lime street,manchester piccadilly,Thursday,advance
1 days,london st pancras,birmingham new street,Thursday,advance
1 days,london st pancras,leicester,Thursday,advance
1 days,london st pancras,birmingham new street,Thursday,advance
1 days,manchester piccadilly,liverpool lime street,Thursday,advance
1 days,manchester piccadilly,liverpool lime street,Thursday,advance
1 days,london euston,birmingham new street,Thursday,advance
0 days,london euston,birmingham new street,Wednesday,off-peak
1 days,manchester piccadilly,liverpool lime street,Thursday,advance
1 days,manchester piccadilly,liverpool lime street,Thursday,advance
1 days,london st pancras,birmingham new street,Thursday,advance
1 days,london kings cross,york,Thursday,advance
0 days,london euston,birmingham new street,Wednesday,off-peak
1 days,liverpool lime street,manchester piccadilly,Thursday,advance
0 days,london paddington,reading,Wednesday,off-peak
0 days,london paddington,reading,Wednesday,off-peak
0 days,liverpool lime street,manchester piccadilly,Wednesday,off-peak
0 days,liverpool lime street,manchester piccadilly,Wednesday,off-peak
1 days,york,peterborough,Thursday,advance
1 days,london paddington,reading,Thursday,advance
1 days,london st pancras,birmingham new street,Thursday,advance
1 days,london st pancras,birmingham new street,Thursday,advance
1 days,birmingham new street,nuneaton,Thursday,advance
1 days,london st pancras,birmingham new street,Thursday,advance
1 days,manchester piccadilly,liverpool lime street,Thursday,advance
1 days,london kings cross,york,Thursday,advance
1 days,london st pancras,birmingham new street,Thursday,advance
1 days,london euston,manchester piccadilly,Thursday,advance
1 days,birmingham new street,stafford,Thursday,advance
0 days,london paddington,reading,Wednesday,off-peak
1 days,london euston,birmingham new street,Thursday,advance
1 days,london st pancras,birmingham new street,Thursday,advance
1 days,london paddington,reading,Thursday,advance
1 days,london paddington,reading,Thursday,advance
1 days,london paddington,reading,Thursday,advance
1 days,liverpool lime street,manchester piccadilly,Thursday,advance
1 days,liverpool lime street,manchester piccadilly,Thursday,advance
1 days,london paddington,reading,Thursday,advance
1 days,manchester piccadilly,liverpool lime street,Thursday,advance
1 days,manchester piccadilly,liverpool lime street,Thursday,advance
1 days,manchester piccadilly,london euston,Thursday,advance
1 days,manchester piccadilly,london euston,Thursday,advance
1 days,manchester piccadilly,liverpool lime street,Thursday,advance
1 days,liverpool lime street,manchester piccadilly,Thursday,advance
1 days,london kings cross,york,Thursday,advance
1 days,london paddington,reading,Thursday,advance
1 days,manchester piccadilly,london euston,Friday,advance
0 days,manchester piccadilly,liverpool lime street,Thursday,off-peak
0 days,liverpool lime street,manchester piccadilly,Thursday,off-peak
0 days,york,edinburgh,Thursday,off-peak
0 days,manchester piccadilly,london paddington,Thursday,off-peak
0 days,liverpool lime street,leeds,Thursday,off-peak
0 days,manchester piccadilly,london paddington,Thursday,off-peak
0 days,london paddington,reading,Thursday,off-peak
0 days,london kings cross,york,Thursday,off-peak
1 days,liverpool lime street,manchester piccadilly,Friday,advance
0 days,london euston,birmingham new street,Thursday,off-peak
0 days,liverpool lime street,london euston,Thursday,off-peak
0 days,london st pancras,birmingham new street,Thursday,off-peak
1 days,london kings cross,york,Friday,advance
0 days,london paddington,reading,Thursday,off-peak
0 days,birmingham new street,london euston,Thursday,off-peak
1 days,liverpool lime street,manchester piccadilly,Friday,advance
1 days,liverpool lime street,manchester piccadilly,Friday,advance
0 days,london paddington,reading,Thursday,off-peak
0 days,manchester piccadilly,liverpool lime street,Thursday,off-peak
1 days,liverpool lime street,manchester piccadilly,Friday,advance
1 days,london kings cross,york,Friday,advance
0 days,london kings cross,york,Thursday,off-peak
0 days,manchester piccadilly,sheffield,Thursday,off-peak
0 days,london euston,birmingham new street,Thursday,off-peak
0 days,london euston,birmingham new street,Thursday,off-peak
0 days,london kings cross,york,Thursday,off-peak
0 days,london euston,birmingham new street,Thursday,off-peak
0 days,liverpool lime street,manchester piccadilly,Thursday,off-peak
0 days,london paddington,reading,Thursday,off-peak
0 days,london st pancras,birmingham new street,Thursday,off-peak
1 days,manchester piccadilly,london paddington,Friday,advance
1 days,london kings cross,york,Friday,advance
0 days,manchester piccadilly,liverpool lime street,Thursday,off-peak
0 days,liverpool lime street,london euston,Thursday,off-peak
0 days,london kings cross,york,Thursday,off-peak
0 days,liverpool lime street,manchester piccadilly,Thursday,off-peak
1 days,liverpool lime street,manchester piccadilly,Friday,advance
1 days,liverpool lime street,manchester piccadilly,Friday,advance
0 days,london kings cross,liverpool lime street,Thursday,off-peak
0 days,london st pancras,birmingham new street,Thursday,off-peak
0 days,liverpool lime street,manchester piccadilly,Thursday,off-peak
1 days,london kings cross,york,Friday,advance
0 days,london paddington,reading,Thursday,anytime
0 days,london paddington,reading,Thursday,anytime
0 days,birmingham new street,london paddington,Thursday,anytime
0 days,birmingham new street,london st pancras,Thursday,anytime
0 days,york,doncaster,Thursday,anytime
0 days,birmingham new street,london st pancras,Thursday,anytime
0 days,london euston,manchester piccadilly,Thursday,anytime
1 days,london kings cross,york,Friday,advance
1 days,liverpool lime street,manchester piccadilly,Friday,advance
0 days,london kings cross,york,Thursday,anytime
1 days,london euston,birmingham new street,Friday,advance
0 days,london st pancras,birmingham new street,Thursday,anytime
1 days,london kings cross,york,Friday,advance
0 days,liverpool lime street,manchester piccadilly,Thursday,anytime
0 days,liverpool lime street,manchester piccadilly,Thursday,anytime
0 days,london st pancras,birmingham new street,Thursday,anytime
1 days,manchester piccadilly,liverpool lime street,Friday,advance
1 days,london euston,birmingham new street,Friday,advance
1 days,london paddington,reading,Friday,advance
1 days,london euston,birmingham new street,Friday,advance
0 days,manchester piccadilly,liverpool lime street,Thursday,anytime
0 days,london paddington,reading,Thursday,anytime
0 days,london paddington,london waterloo,Thursday,anytime
0 days,liverpool lime street,crewe,Thursday,anytime
0 days,london kings cross,york,Thursday,anytime
0 days,york,peterborough,Thursday,anytime
1 days,london st pancras,birmingham new street,Friday,advance
0 days,london kings cross,york,Thursday,anytime
0 days,reading,swindon,Thursday,anytime
0 days,london st pancras,birmingham new street,Thursday,anytime
0 days,manchester piccadilly,liverpool lime street,Thursday,anytime
0 days,liverpool lime street,london euston,Thursday,anytime
0 days,london euston,manchester piccadilly,Thursday,anytime
0 days,manchester piccadilly,london euston,Thursday,anytime
0 days,liverpool lime street,london euston,Thursday,anytime
0 days,liverpool lime street,manchester piccadilly,Thursday,anytime
0 days,london euston,birmingham new street,Thursday,anytime
0 days,birmingham new street,liverpool lime street,Thursday,anytime
1 days,london paddington,reading,Friday,advance
0 days,london euston,birmingham new street,Thursday,anytime
0 days,london paddington,oxford,Thursday,anytime
1 days,liverpool lime street,manchester piccadilly,Friday,advance
0 days,london paddington,reading,Thursday,anytime
0 days,london euston,birmingham new street,Thursday,off-peak
0 days,london paddington,reading,Thursday,off-peak
0 days,manchester piccadilly,leeds,Thursday,off-peak
0 days,london paddington,reading,Thursday,off-peak
1 days,london paddington,reading,Friday,advance
0 days,london kings cross,liverpool lime street,Thursday,off-peak
1 days,liverpool lime street,crewe,Friday,advance
0 days,london kings cross,york,Thursday,off-peak
1 days,london euston,manchester piccadilly,Friday,advance
1 days,york,doncaster,Friday,advance
1 days,york,doncaster,Friday,advance
1 days,london euston,birmingham new street,Friday,advance
1 days,manchester piccadilly,liverpool lime street,Friday,advance
1 days,birmingham new street,london st pancras,Friday,advance
1 days,york,doncaster,Friday,advance
1 days,york,doncaster,Friday,advance
1 days,london st pancras,birmingham new street,Friday,advance
1 days,liverpool lime street,manchester piccadilly,Friday,advance
1 days,manchester piccadilly,liverpool lime street,Friday,advance
1 days,london paddington,reading,Friday,advance
1 days,london paddington,oxford,Friday,advance
1 days,liverpool lime street,manchester piccadilly,Friday,advance
1 days,london paddington,oxford,Friday,advance
0 days,london kings cross,york,Thursday,off-peak
1 days,london paddington,reading,Friday,advance
0 days,london kings cross,york,Thursday,off-peak
1 days,london paddington,reading,Friday,advance
1 days,london paddington,oxford,Friday,advance
1 days,london paddington,oxford,Friday,advance
1 days,london paddington,reading,Friday,advance
1 days,york,peterborough,Friday,advance
1 days,liverpool lime street,manchester piccadilly,Friday,advance
0 days,liverpool lime street,manchester piccadilly,Thursday,off-peak
1 days,london kings cross,york,Friday,advance
0 days,manchester piccadilly,liverpool lime street,Thursday,off-peak
0 days,london st pancras,birmingham new street,Thursday,off-peak
0 days,london euston,birmingham new street,Thursday,off-peak
0 days,manchester piccadilly,liverpool lime street,Thursday,off-peak
0 days,london euston,birmingham new street,Thursday,off-peak
0 days,manchester piccadilly,liverpool lime street,Thursday,off-peak
1 days,liverpool lime street,london euston,Friday,advance
1 days,london paddington,reading,Friday,advance
1 days,london euston,birmingham new street,Friday,advance
0 days,liverpool lime street,manchester piccadilly,Thursday,off-peak
1 days,manchester piccadilly,liverpool lime street,Friday,advance
0 days,london kings cross,york,Thursday,off-peak
1 days,london kings cross,york,Friday,advance
1 days,manchester piccadilly,london euston,Friday,advance
1 days,london paddington,reading,Friday,advance
1 days,manchester piccadilly,liverpool lime street,Friday,advance
1 days,manchester piccadilly,liverpool lime street,Friday,advance
1 days,manchester piccadilly,london euston,Friday,advance
1 days,manchester piccadilly,leeds,Friday,advance
1 days,london st pancras,birmingham new street,Friday,advance
1 days,london paddington,reading,Friday,advance
1 days,manchester piccadilly,liverpool lime street,Friday,advance
1 days,manchester piccadilly,leeds,Friday,advance
0 days,liverpool lime street,manchester piccadilly,Thursday,off-peak
1 days,liverpool lime street,manchester piccadilly,Friday,advance
1 days,manchester piccadilly,liverpool lime street,Friday,advance
1 days,liverpool lime street,manchester piccadilly,Friday,advance
0 days,london paddington,reading,Thursday,off-peak
0 days,london paddington,reading,Thursday,off-peak
0 days,london euston,birmingham new street,Thursday,off-peak
0 days,london euston,birmingham new street,Thursday,off-peak
1 days,birmingham new street,manchester piccadilly,Friday,advance
1 days,birmingham new street,manchester piccadilly,Friday,advance
1 days,birmingham new street,manchester piccadilly,Friday,advance
0 days,london st pancras,birmingham new street,Thursday,off-peak
1 days,liverpool lime street,manchester piccadilly,Friday,advance
1 days,london euston,birmingham new street,Friday,advance
1 days,liverpool lime street,manchester piccadilly,Friday,advance
1 days,manchester piccadilly,sheffield,Friday,advance
0 days,liverpool lime street,manchester piccadilly,Thursday,off-peak
0 days,london st pancras,birmingham new street,Thursday,off-peak
0 days,manchester piccadilly,liverpool lime street,Thursday,off-peak
1 days,london kings cross,york,Friday,advance
1 days,london st pancras,birmingham new street,Friday,advance
0 days,london paddington,reading,Thursday,off-peak
0 days,london euston,birmingham new street,Thursday,off-peak
0 days,reading,london paddington,Thursday,off-peak
0 days,london euston,birmingham new street,Thursday,off-peak
0 days,london euston,birmingham new street,Thursday,anytime
0 days,london euston,birmingham new street,Thursday,anytime
0 days,london euston,birmingham new street,Thursday,anytime
0 days,london st pancras,birmingham new street,Thursday,anytime
0 days,london euston,birmingham new street,Thursday,anytime
0 days,manchester piccadilly,liverpool lime street,Thursday,anytime
0 days,london paddington,reading,Thursday,anytime
0 days,london euston,birmingham new street,Thursday,anytime
1 days,liverpool lime street,manchester piccadilly,Friday,advance
0 days,manchester piccadilly,liverpool lime street,Thursday,anytime
1 days,london st pancras,birmingham new street,Friday,advance
1 days,london st pancras,birmingham new street,Friday,advance
0 days,liverpool lime street,sheffield,Thursday,anytime
0 days,edinburgh waverley,london kings cross,Thursday,off-peak
0 days,manchester piccadilly,liverpool lime street,Thursday,anytime
0 days,london kings cross,york,Thursday,anytime
1 days,liverpool lime street,sheffield,Friday,advance
1 days,london st pancras,birmingham new street,Friday,advance
1 days,london st pancras,birmingham new street,Friday,advance
1 days,london euston,birmingham new street,Friday,advance
1 days,london euston,birmingham new street,Friday,advance
0 days,liverpool lime street,manchester piccadilly,Thursday,anytime
0 days,manchester piccadilly,liverpool lime street,Thursday,anytime
0 days,manchester piccadilly,liverpool lime street,Thursday,anytime
0 days,manchester piccadilly,liverpool lime street,Thursday,anytime
0 days,manchester piccadilly,liverpool lime street,Thursday,anytime
0 days,manchester piccadilly,liverpool lime street,Thursday,anytime
0 days,birmingham new street,tamworth,Thursday,anytime
0 days,manchester piccadilly,liverpool lime street,Thursday,anytime
0 days,liverpool lime street,manchester piccadilly,Thursday,anytime
0 days,reading,swindon,Thursday,anytime
0 days,london euston,birmingham new street,Thursday,anytime
0 days,london euston,birmingham new street,Thursday,anytime
0 days,birmingham new street,york,Thursday,anytime
0 days,liverpool lime street,london euston,Thursday,anytime
0 days,liverpool lime street,london euston,Thursday,anytime
1 days,reading,london paddington,Friday,advance
0 days,liverpool lime street,manchester piccadilly,Thursday,anytime
1 days,london paddington,reading,Friday,advance
0 days,liverpool lime street,london euston,Thursday,anytime
0 days,manchester piccadilly,liverpool lime street,Thursday,anytime
0 days,london st pancras,birmingham new street,Thursday,anytime
0 days,liverpool lime street,crewe,Thursday,anytime
0 days,london euston,manchester piccadilly,Thursday,anytime
1 days,manchester piccadilly,liverpool lime street,Friday,advance
0 days,london st pancras,birmingham new street,Thursday,anytime
0 days,liverpool lime street,crewe,Thursday,anytime
0 days,london st pancras,birmingham new street,Thursday,anytime
1 days,london euston,birmingham new street,Friday,advance
1 days,manchester piccadilly,liverpool lime street,Friday,advance
1 days,london euston,birmingham new street,Friday,advance
1 days,london kings cross,york,Friday,advance
1 days,london st pancras,leicester,Friday,advance
1 days,liverpool lime street,manchester piccadilly,Friday,advance
1 days,manchester piccadilly,london euston,Friday,advance
1 days,liverpool lime street,sheffield,Friday,advance
0 days,london st pancras,leicester,Thursday,anytime
1 days,manchester piccadilly,liverpool lime street,Friday,advance
0 days,london st pancras,birmingham new street,Thursday,off-peak
0 days,london paddington,reading,Thursday,off-peak
1 days,london kings cross,york,Friday,advance
1 days,london st pancras,birmingham new street,Friday,advance
1 days,london kings cross,york,Friday,advance
1 days,reading,london paddington,Friday,advance
0 days,liverpool lime street,manchester piccadilly,Thursday,off-peak
1 days,london euston,birmingham new street,Friday,advance
0 days,manchester piccadilly,liverpool lime street,Thursday,off-peak
0 days,london euston,birmingham new street,Thursday,off-peak
0 days,london euston,birmingham new street,Thursday,off-peak
1 days,london euston,birmingham new street,Friday,advance
1 days,manchester piccadilly,liverpool lime street,Friday,advance
1 days,liverpool lime street,manchester piccadilly,Friday,advance
1 days,birmingham new street,york,Friday,advance
0 days,london paddington,reading,Thursday,off-peak
1 days,birmingham new street,liverpool lime street,Friday,advance
1 days,reading,birmingham new street,Friday,advance
0 days,birmingham new street,liverpool lime street,Thursday,off-peak
1 days,birmingham new street,nuneaton,Friday,advance
1 days,london st pancras,birmingham new street,Friday,advance
1 days,london st pancras,birmingham new street,Friday,advance
1 days,london st pancras,birmingham new street,Friday,advance
1 days,manchester piccadilly,liverpool lime street,Friday,advance
1 days,birmingham new street,tamworth,Friday,advance
1 days,birmingham new street,stafford,Friday,advance
0 days,london paddington,reading,Thursday,off-peak
0 days,liverpool lime street,manchester piccadilly,Thursday,off-peak
0 days,liverpool lime street,leeds,Thursday,off-peak
1 days,london st pancras,birmingham new street,Friday,advance
1 days,manchester piccadilly,liverpool lime street,Friday,advance
0 days,london euston,birmingham new street,Thursday,off-peak
1 days,london euston,birmingham new street,Friday,advance
1 days,london st pancras,birmingham new street,Friday,advance
1 days,manchester piccadilly,liverpool lime street,Friday,advance
1 days,liverpool lime street,manchester piccadilly,Friday,advance
1 days,manchester piccadilly,liverpool lime street,Friday,advance
1 days,manchester piccadilly,liverpool lime street,Friday,advance
1 days,manchester piccadilly,liverpool lime street,Friday,advance
1 days,manchester piccadilly,liverpool lime street,Friday,advance
1 days,liverpool lime street,manchester piccadilly,Friday,advance
1 days,manchester piccadilly,liverpool lime street,Friday,advance
1 days,london kings cross,york,Friday,advance
1 days,london euston,birmingham new street,Friday,advance
1 days,london paddington,reading,Friday,advance
1 days,london kings cross,york,Friday,advance
1 days,london euston,birmingham new street,Friday,advance
0 days,liverpool lime street,manchester piccadilly,Friday,off-peak
0 days,york,edinburgh,Friday,off-peak
0 days,liverpool lime street,manchester piccadilly,Friday,off-peak
0 days,london kings cross,liverpool lime street,Friday,off-peak
0 days,york,durham,Friday,off-peak
0 days,london st pancras,birmingham new street,Friday,off-peak
0 days,london paddington,reading,Friday,off-peak
0 days,liverpool lime street,manchester piccadilly,Friday,off-peak
0 days,london euston,birmingham new street,Friday,off-peak
0 days,london euston,birmingham new street,Friday,off-peak
1 days,york,durham,Saturday,advance
1 days,york,durham,Saturday,advance
0 days,liverpool lime street,manchester piccadilly,Friday,off-peak
0 days,london paddington,reading,Friday,off-peak
1 days,london st pancras,birmingham new street,Saturday,advance
1 days,liverpool lime street,manchester piccadilly,Saturday,advance
0 days,london euston,birmingham new street,Friday,off-peak
0 days,london paddington,reading,Friday,off-peak
0 days,london st pancras,birmingham new street,Friday,off-peak
0 days,birmingham new street,london st pancras,Friday,off-peak
0 days,liverpool lime street,manchester piccadilly,Friday,off-peak
1 days,liverpool lime street,manchester piccadilly,Saturday,advance
0 days,london st pancras,birmingham new street,Friday,off-peak
1 days,london st pancras,birmingham new street,Saturday,advance
1 days,london paddington,reading,Saturday,advance
1 days,london st pancras,birmingham new street,Saturday,advance
0 days,london kings cross,york,Friday,off-peak
0 days,london kings cross,york,Friday,off-peak
0 days,london kings cross,york,Friday,off-peak
1 days,london st pancras,birmingham new street,Saturday,advance
0 days,london euston,manchester piccadilly,Friday,off-peak
1 days,liverpool lime street,manchester piccadilly,Saturday,advance
0 days,london st pancras,birmingham new street,Friday,off-peak
1 days,manchester piccadilly,sheffield,Saturday,advance
1 days,london kings cross,york,Saturday,advance
0 days,liverpool lime street,manchester piccadilly,Friday,anytime
0 days,manchester piccadilly,liverpool lime street,Friday,anytime
1 days,london kings cross,york,Saturday,advance
0 days,manchester piccadilly,liverpool lime street,Friday,anytime
0 days,manchester piccadilly,liverpool lime street,Friday,anytime
0 days,london paddington,reading,Friday,anytime
0 days,london euston,manchester piccadilly,Friday,anytime
0 days,york,doncaster,Friday,anytime
0 days,london st pancras,birmingham new street,Friday,anytime
0 days,birmingham new street,london st pancras,Friday,anytime
0 days,london euston,birmingham new street,Friday,anytime
1 days,london euston,birmingham new street,Saturday,advance
0 days,london paddington,reading,Friday,anytime
0 days,york,peterborough,Friday,anytime
1 days,london st pancras,birmingham new street,Saturday,advance
0 days,london st pancras,birmingham new street,Friday,anytime
1 days,london st pancras,birmingham new street,Saturday,advance
0 days,york,peterborough,Friday,anytime
0 days,london kings cross,york,Friday,anytime
0 days,london st pancras,birmingham new street,Friday,anytime
1 days,birmingham new street,london st pancras,Saturday,advance
0 days,london st pancras,birmingham new street,Friday,anytime
1 days,manchester piccadilly,liverpool lime street,Saturday,advance
1 days,london kings cross,york,Saturday,advance
1 days,london st pancras,birmingham new street,Saturday,advance
1 days,liverpool lime street,manchester piccadilly,Saturday,advance
0 days,liverpool lime street,london euston,Friday,anytime
0 days,liverpool lime street,london euston,Friday,anytime
0 days,liverpool lime street,london euston,Friday,anytime
0 days,london euston,manchester piccadilly,Friday,anytime
0 days,london kings cross,york,Friday,anytime
0 days,liverpool lime street,london euston,Friday,anytime
0 days,london kings cross,york,Friday,anytime
1 days,london kings cross,york,Saturday,advance
0 days,london st pancras,birmingham new street,Friday,anytime
0 days,london kings cross,liverpool lime street,Friday,anytime
0 days,london paddington,reading,Friday,anytime
0 days,london paddington,reading,Friday,anytime
0 days,london paddington,reading,Friday,anytime
0 days,london paddington,oxford,Friday,anytime
0 days,london paddington,oxford,Friday,anytime
0 days,london paddington,oxford,Friday,anytime
0 days,london paddington,oxford,Friday,anytime
0 days,london paddington,reading,Friday,off-peak
0 days,london paddington,reading,Friday,off-peak
1 days,york,peterborough,Saturday,advance
1 days,london paddington,reading,Saturday,advance
1 days,london euston,birmingham new street,Saturday,advance
1 days,manchester piccadilly,liverpool lime street,Saturday,advance
1 days,manchester piccadilly,liverpool lime street,Saturday,advance
0 days,london kings cross,edinburgh waverley,Friday,anytime
1 days,london kings cross,york,Saturday,advance
1 days,london euston,birmingham new street,Saturday,advance
1 days,london euston,manchester piccadilly,Saturday,advance
1 days,york,doncaster,Saturday,advance
1 days,london euston,birmingham new street,Saturday,advance
1 days,london paddington,oxford,Saturday,advance
1 days,london paddington,reading,Saturday,advance
1 days,london kings cross,york,Saturday,advance
1 days,london paddington,oxford,Saturday,advance
1 days,london paddington,reading,Saturday,advance
1 days,london kings cross,york,Saturday,advance
1 days,birmingham new street,london st pancras,Saturday,advance
1 days,liverpool lime street,manchester piccadilly,Saturday,advance
1 days,reading,swindon,Saturday,advance
0 days,liverpool lime street,manchester piccadilly,Friday,off-peak
1 days,york,peterborough,Saturday,advance
0 days,liverpool lime street,manchester piccadilly,Friday,off-peak
1 days,london kings cross,york,Saturday,advance
0 days,london euston,birmingham new street,Friday,off-peak
0 days,manchester piccadilly,sheffield,Friday,off-peak
0 days,london st pancras,birmingham new street,Friday,off-peak
1 days,liverpool lime street,london euston,Saturday,advance
1 days,manchester piccadilly,london euston,Saturday,advance
1 days,london paddington,reading,Saturday,advance
1 days,liverpool lime street,london euston,Saturday,advance
0 days,york,edinburgh,Friday,off-peak
0 days,london kings cross,york,Friday,off-peak
1 days,liverpool lime street,london euston,Saturday,advance
1 days,london kings cross,york,Saturday,advance
1 days,london euston,manchester piccadilly,Saturday,advance
1 days,liverpool lime street,london euston,Saturday,advance
0 days,london st pancras,birmingham new street,Friday,off-peak
1 days,liverpool lime street,manchester piccadilly,Saturday,advance
1 days,london euston,birmingham new street,Saturday,advance
0 days,reading,london paddington,Friday,off-peak
1 days,london euston,birmingham new street,Saturday,advance
1 days,liverpool lime street,manchester piccadilly,Saturday,advance
0 days,birmingham new street,manchester piccadilly,Friday,off-peak
1 days,manchester piccadilly,liverpool lime street,Saturday,advance
1 days,london kings cross,liverpool lime street,Saturday,advance
1 days,london kings cross,liverpool lime street,Saturday,advance
0 days,london st pancras,birmingham new street,Friday,off-peak
0 days,london euston,birmingham new street,Friday,off-peak
1 days,birmingham new street,manchester piccadilly,Saturday,advance
0 days,manchester piccadilly,liverpool lime street,Friday,off-peak
1 days,birmingham new street,manchester piccadilly,Saturday,advance
0 days,manchester piccadilly,liverpool lime street,Friday,off-peak
1 days,liverpool lime street,manchester piccadilly,Saturday,advance
0 days,london paddington,reading,Friday,off-peak
1 days,york,edinburgh,Saturday,advance
1 days,york,edinburgh,Saturday,advance
1 days,london st pancras,birmingham new street,Saturday,advance
1 days,manchester piccadilly,liverpool lime street,Saturday,advance
0 days,manchester piccadilly,london euston,Friday,off-peak
0 days,birmingham new street,reading,Friday,off-peak
1 days,manchester piccadilly,london st pancras,Saturday,advance
1 days,liverpool lime street,manchester piccadilly,Saturday,advance
0 days,london paddington,reading,Friday,off-peak
0 days,london euston,birmingham new street,Friday,off-peak
1 days,london st pancras,birmingham new street,Saturday,advance
0 days,london euston,birmingham new street,Friday,off-peak
1 days,manchester piccadilly,liverpool lime street,Saturday,advance
1 days,london euston,birmingham new street,Saturday,advance
0 days,london euston,birmingham new street,Friday,off-peak
0 days,london euston,birmingham new street,Friday,anytime
1 days,london kings cross,york,Saturday,advance
0 days,london euston,birmingham new street,Friday,anytime
0 days,london euston,birmingham new street,Friday,anytime
0 days,london euston,birmingham new street,Friday,anytime
0 days,london euston,birmingham new street,Friday,anytime
0 days,london euston,birmingham new street,Friday,anytime
1 days,manchester piccadilly,liverpool lime street,Saturday,advance
0 days,london euston,birmingham new street,Friday,anytime
0 days,london euston,birmingham new street,Friday,anytime
0 days,london euston,birmingham new street,Friday,anytime
0 days,manchester piccadilly,liverpool lime street,Friday,anytime
1 days,manchester piccadilly,liverpool lime street,Saturday,advance
1 days,manchester piccadilly,liverpool lime street,Saturday,advance
1 days,manchester piccadilly,liverpool lime street,Saturday,advance
0 days,liverpool lime street,sheffield,Friday,anytime
0 days,london kings cross,york,Friday,anytime
0 days,london kings cross,york,Friday,anytime
0 days,birmingham new street,stafford,Friday,anytime
0 days,london kings cross,york,Friday,anytime
0 days,liverpool lime street,manchester piccadilly,Friday,anytime
0 days,london kings cross,york,Friday,anytime
0 days,reading,oxford,Friday,anytime
1 days,london paddington,reading,Saturday,advance
0 days,liverpool lime street,manchester piccadilly,Friday,anytime
0 days,reading,london paddington,Friday,anytime
0 days,london st pancras,birmingham new street,Friday,anytime
0 days,london euston,birmingham new street,Friday,anytime
0 days,manchester piccadilly,liverpool lime street,Friday,anytime
0 days,london euston,birmingham new street,Friday,anytime
1 days,manchester piccadilly,liverpool lime street,Saturday,advance
1 days,manchester piccadilly,london euston,Saturday,advance
1 days,manchester piccadilly,liverpool lime street,Saturday,advance
1 days,manchester piccadilly,liverpool lime street,Saturday,advance
0 days,liverpool lime street,london euston,Friday,anytime
1 days,london paddington,reading,Saturday,advance
0 days,birmingham new street,tamworth,Friday,anytime
0 days,birmingham new street,coventry,Friday,anytime
0 days,birmingham new street,tamworth,Friday,anytime
0 days,london st pancras,birmingham new street,Friday,anytime
0 days,birmingham new street,nuneaton,Friday,anytime
1 days,london paddington,reading,Saturday,advance
1 days,london euston,birmingham new street,Saturday,advance
1 days,london euston,birmingham new street,Saturday,advance
1 days,london euston,birmingham new street,Saturday,advance
1 days,london st pancras,leicester,Saturday,advance
1 days,manchester piccadilly,liverpool lime street,Saturday,advance
1 days,london paddington,reading,Saturday,advance
1 days,liverpool lime street,sheffield,Saturday,advance
0 days,london st pancras,leicester,Friday,anytime
1 days,london euston,birmingham new street,Saturday,advance
0 days,manchester piccadilly,liverpool lime street,Friday,anytime
0 days,manchester piccadilly,liverpool lime street,Friday,anytime
0 days,london st pancras,leicester,Friday,anytime
0 days,london st pancras,leicester,Friday,anytime
1 days,london kings cross,york,Saturday,advance
1 days,london kings cross,york,Saturday,advance
0 days,liverpool lime street,manchester piccadilly,Friday,off-peak
0 days,manchester piccadilly,liverpool lime street,Friday,off-peak
0 days,liverpool lime street,manchester piccadilly,Friday,off-peak
1 days,london kings cross,york,Saturday,advance
1 days,reading,swindon,Saturday,advance
1 days,manchester piccadilly,liverpool lime street,Saturday,advance
1 days,london euston,birmingham new street,Saturday,advance
0 days,london euston,birmingham new street,Friday,off-peak
1 days,london paddington,reading,Saturday,advance
0 days,liverpool lime street,manchester piccadilly,Friday,off-peak
0 days,liverpool lime street,manchester piccadilly,Friday,off-peak
1 days,london st pancras,birmingham new street,Saturday,advance
1 days,birmingham new street,coventry,Saturday,advance
1 days,liverpool lime street,crewe,Saturday,advance
1 days,london paddington,reading,Saturday,advance
1 days,london st pancras,birmingham new street,Saturday,advance
1 days,london st pancras,birmingham new street,Saturday,advance
1 days,london st pancras,birmingham new street,Saturday,advance
1 days,london kings cross,york,Saturday,advance
1 days,birmingham new street,stafford,Saturday,advance
1 days,london kings cross,york,Saturday,advance
0 days,liverpool lime street,leeds,Friday,off-peak
1 days,manchester piccadilly,liverpool lime street,Saturday,advance
1 days,manchester piccadilly,liverpool lime street,Saturday,advance
0 days,london euston,manchester piccadilly,Friday,off-peak
1 days,london st pancras,birmingham new street,Saturday,advance
1 days,liverpool lime street,manchester piccadilly,Saturday,advance
1 days,oxford,bristol temple meads,Saturday,advance
1 days,birmingham new street,edinburgh,Saturday,advance
1 days,london st pancras,birmingham new street,Saturday,advance
1 days,liverpool lime street,manchester piccadilly,Saturday,advance
1 days,manchester piccadilly,liverpool lime street,Saturday,advance
1 days,london paddington,reading,Saturday,advance
1 days,london paddington,reading,Saturday,advance
1 days,london kings cross,york,Saturday,advance
1 days,london kings cross,york,Saturday,advance
0 days,liverpool lime street,manchester piccadilly,Saturday,off-peak
1 days,london euston,birmingham new street,Sunday,advance
1 days,liverpool lime street,manchester piccadilly,Sunday,advance
0 days,london st pancras,birmingham new street,Saturday,off-peak
0 days,london euston,oxford,Saturday,off-peak
0 days,london euston,birmingham new street,Saturday,off-peak
0 days,york,durham,Saturday,off-peak
2 days,london kings cross,edinburgh waverley,Monday,advance
2 days,london kings cross,edinburgh waverley,Monday,advance
0 days,manchester piccadilly,nottingham,Saturday,off-peak
0 days,london paddington,reading,Saturday,off-peak
0 days,liverpool lime street,manchester piccadilly,Saturday,off-peak
0 days,liverpool lime street,manchester piccadilly,Saturday,off-peak
1 days,london euston,birmingham new street,Sunday,advance
0 days,london st pancras,birmingham new street,Saturday,off-peak
1 days,liverpool lime street,manchester piccadilly,Sunday,advance
0 days,york,durham,Saturday,off-peak
1 days,york,durham,Sunday,advance
0 days,birmingham new street,london euston,Saturday,off-peak
0 days,york,durham,Saturday,off-peak
0 days,london kings cross,york,Saturday,off-peak
0 days,liverpool lime street,manchester piccadilly,Saturday,off-peak
0 days,london euston,birmingham new street,Saturday,off-peak
0 days,manchester piccadilly,liverpool lime street,Saturday,off-peak
0 days,london euston,birmingham new street,Saturday,off-peak
0 days,manchester piccadilly,liverpool lime street,Saturday,off-peak
0 days,liverpool lime street,manchester piccadilly,Saturday,off-peak
1 days,liverpool lime street,manchester piccadilly,Sunday,advance
1 days,liverpool lime street,manchester piccadilly,Sunday,advance
1 days,manchester piccadilly,london paddington,Sunday,advance
1 days,london st pancras,birmingham new street,Sunday,advance
0 days,london kings cross,york,Saturday,off-peak
1 days,manchester piccadilly,nottingham,Sunday,advance
1 days,manchester piccadilly,nottingham,Sunday,advance
1 days,london paddington,reading,Sunday,advance
1 days,london kings cross,york,Sunday,advance
0 days,london kings cross,york,Saturday,off-peak
0 days,london kings cross,york,Saturday,off-peak
0 days,london paddington,reading,Saturday,off-peak
0 days,manchester piccadilly,liverpool lime street,Saturday,off-peak
0 days,london kings cross,york,Saturday,off-peak
0 days,manchester piccadilly,liverpool lime street,Saturday,off-peak
0 days,reading,didcot,Saturday,off-peak
0 days,london euston,birmingham new street,Saturday,off-peak
0 days,london euston,birmingham new street,Saturday,off-peak
0 days,birmingham new street,london st pancras,Saturday,off-peak
0 days,london st pancras,birmingham new street,Saturday,off-peak
0 days,birmingham new street,london st pancras,Saturday,off-peak
0 days,birmingham new street,london st pancras,Saturday,off-peak
0 days,london kings cross,york,Saturday,off-peak
0 days,london st pancras,birmingham new street,Saturday,off-peak
0 days,liverpool lime street,manchester piccadilly,Saturday,off-peak
1 days,london euston,birmingham new street,Sunday,advance
1 days,london euston,birmingham new street,Sunday,advance
0 days,london kings cross,york,Saturday,off-peak
0 days,birmingham new street,london st pancras,Saturday,off-peak
1 days,london paddington,reading,Sunday,advance
1 days,manchester piccadilly,london paddington,Sunday,advance
1 days,birmingham new street,london st pancras,Sunday,advance
1 days,london st pancras,birmingham new street,Sunday,advance
0 days,london kings cross,york,Saturday,off-peak
0 days,reading,swindon,Saturday,off-peak
0 days,london kings cross,york,Saturday,off-peak
0 days,reading,swindon,Saturday,off-peak
0 days,london kings cross,york,Saturday,off-peak
1 days,london kings cross,york,Sunday,advance
1 days,manchester piccadilly,liverpool lime street,Sunday,advance
1 days,liverpool lime street,london euston,Sunday,advance
0 days,liverpool lime street,london euston,Saturday,off-peak
0 days,liverpool lime street,london euston,Saturday,off-peak
1 days,manchester piccadilly,liverpool lime street,Sunday,advance
0 days,london st pancras,birmingham new street,Saturday,off-peak
0 days,reading,oxford,Saturday,off-peak
0 days,york,leeds,Saturday,off-peak
1 days,london euston,birmingham new street,Sunday,advance
0 days,london paddington,reading,Saturday,off-peak
0 days,london kings cross,york,Saturday,off-peak
1 days,london paddington,reading,Sunday,advance
0 days,london paddington,oxford,Saturday,off-peak
0 days,london paddington,reading,Saturday,off-peak
0 days,london kings cross,york,Saturday,off-peak
0 days,london paddington,reading,Saturday,off-peak
0 days,london kings cross,york,Saturday,off-peak
1 days,manchester piccadilly,liverpool lime street,Sunday,advance
0 days,london kings cross,edinburgh waverley,Saturday,off-peak
1 days,reading,oxford,Sunday,advance
1 days,manchester piccadilly,liverpool lime street,Sunday,advance
1 days,london paddington,reading,Sunday,advance
1 days,birmingham new street,nuneaton,Sunday,advance
1 days,london euston,birmingham new street,Sunday,advance
1 days,manchester piccadilly,liverpool lime street,Sunday,advance
1 days,london paddington,reading,Sunday,advance
1 days,london paddington,reading,Sunday,advance
1 days,london st pancras,birmingham new street,Sunday,advance
1 days,manchester piccadilly,liverpool lime street,Sunday,advance
1 days,liverpool lime street,manchester piccadilly,Sunday,advance
1 days,reading,swindon,Sunday,advance
1 days,reading,swindon,Sunday,advance
1 days,london kings cross,york,Sunday,advance
1 days,york,peterborough,Sunday,advance
1 days,london kings cross,york,Sunday,advance
1 days,liverpool lime street,manchester piccadilly,Sunday,advance
1 days,york,peterborough,Sunday,advance
1 days,manchester piccadilly,london paddington,Sunday,advance
0 days,london euston,birmingham new street,Saturday,off-peak
1 days,liverpool lime street,london euston,Sunday,advance
1 days,liverpool lime street,london euston,Sunday,advance
0 days,york,edinburgh,Saturday,off-peak
1 days,liverpool lime street,london euston,Sunday,advance
1 days,liverpool lime street,london euston,Sunday,advance
0 days,london paddington,liverpool lime street,Saturday,off-peak
1 days,manchester piccadilly,sheffield,Sunday,advance
1 days,london paddington,reading,Sunday,advance
0 days,london st pancras,birmingham new street,Saturday,off-peak
1 days,london paddington,reading,Sunday,advance
0 days,london st pancras,birmingham new street,Saturday,off-peak
0 days,birmingham new street,london st pancras,Saturday,off-peak
0 days,london st pancras,birmingham new street,Saturday,off-peak
1 days,london euston,birmingham new street,Sunday,advance
0 days,birmingham new street,manchester piccadilly,Saturday,off-peak
0 days,manchester piccadilly,liverpool lime street,Saturday,off-peak
1 days,london kings cross,york,Sunday,advance
0 days,london paddington,reading,Saturday,off-peak
0 days,london paddington,reading,Saturday,off-peak
0 days,manchester piccadilly,liverpool lime street,Saturday,off-peak
0 days,london euston,birmingham new street,Saturday,off-peak
0 days,london paddington,reading,Saturday,off-peak
0 days,liverpool lime street,manchester piccadilly,Saturday,off-peak
0 days,london euston,manchester piccadilly,Saturday,off-peak
0 days,manchester piccadilly,london paddington,Saturday,off-peak
1 days,london euston,birmingham new street,Sunday,advance
1 days,london st pancras,birmingham new street,Sunday,advance
1 days,london euston,birmingham new street,Sunday,advance
0 days,london paddington,reading,Saturday,off-peak
0 days,liverpool lime street,manchester piccadilly,Saturday,off-peak
0 days,london paddington,reading,Saturday,off-peak
0 days,london kings cross,york,Saturday,off-peak
0 days,london paddington,reading,Saturday,off-peak
0 days,london kings cross,york,Saturday,off-peak
0 days,birmingham new street,reading,Saturday,off-peak
1 days,london kings cross,york,Sunday,advance
1 days,manchester piccadilly,liverpool lime street,Sunday,advance
1 days,london st pancras,birmingham new street,Sunday,advance
1 days,manchester piccadilly,liverpool lime street,Sunday,advance
1 days,york,edinburgh,Sunday,advance
0 days,london kings cross,york,Saturday,off-peak
0 days,york,peterborough,Saturday,off-peak
0 days,london euston,birmingham new street,Saturday,off-peak
0 days,london euston,birmingham new street,Saturday,off-peak
0 days,manchester piccadilly,liverpool lime street,Saturday,off-peak
0 days,london euston,birmingham new street,Saturday,off-peak
0 days,london euston,birmingham new street,Saturday,off-peak
0 days,london kings cross,york,Saturday,off-peak
1 days,liverpool lime street,london euston,Sunday,advance
0 days,manchester piccadilly,liverpool lime street,Saturday,off-peak
1 days,manchester piccadilly,liverpool lime street,Sunday,advance
0 days,manchester piccadilly,liverpool lime street,Saturday,off-peak
1 days,london kings cross,york,Sunday,advance
0 days,london euston,birmingham new street,Saturday,off-peak
26 days,london euston,birmingham new street,Thursday,advance
1 days,manchester piccadilly,liverpool lime street,Sunday,advance
1 days,london paddington,reading,Sunday,advance
0 days,manchester piccadilly,london kings cross,Saturday,off-peak
0 days,london kings cross,york,Saturday,off-peak
0 days,london euston,manchester piccadilly,Saturday,off-peak
0 days,london kings cross,york,Saturday,off-peak
1 days,london euston,birmingham new street,Sunday,advance
1 days,manchester piccadilly,liverpool lime street,Sunday,advance
0 days,liverpool lime street,manchester piccadilly,Saturday,off-peak
0 days,manchester piccadilly,liverpool lime street,Saturday,off-peak
0 days,liverpool lime street,manchester piccadilly,Saturday,off-peak
0 days,manchester piccadilly,liverpool lime street,Saturday,off-peak
1 days,london euston,birmingham new street,Sunday,advance
1 days,manchester piccadilly,liverpool lime street,Sunday,advance
0 days,manchester piccadilly,london euston,Saturday,off-peak
1 days,london st pancras,birmingham new street,Sunday,advance
0 days,liverpool lime street,manchester piccadilly,Saturday,off-peak
0 days,birmingham new street,nuneaton,Saturday,off-peak
1 days,manchester piccadilly,liverpool lime street,Sunday,advance
0 days,liverpool lime street,crewe,Saturday,off-peak
0 days,birmingham new street,nuneaton,Saturday,off-peak
0 days,birmingham new street,london euston,Saturday,off-peak
0 days,london st pancras,birmingham new street,Saturday,off-peak
1 days,london euston,birmingham new street,Sunday,advance
0 days,london paddington,reading,Saturday,off-peak
0 days,london paddington,reading,Saturday,off-peak
0 days,birmingham new street,tamworth,Saturday,off-peak
1 days,london euston,birmingham new street,Sunday,advance
0 days,london st pancras,birmingham new street,Saturday,off-peak
1 days,london euston,birmingham new street,Sunday,advance
1 days,london kings cross,york,Sunday,advance
1 days,manchester piccadilly,liverpool lime street,Sunday,advance
1 days,manchester piccadilly,liverpool lime street,Sunday,advance
1 days,birmingham new street,liverpool lime street,Sunday,advance
1 days,manchester piccadilly,liverpool lime street,Sunday,advance
1 days,liverpool lime street,sheffield,Sunday,advance
0 days,manchester piccadilly,liverpool lime street,Saturday,off-peak
0 days,london st pancras,leicester,Saturday,off-peak
0 days,london st pancras,birmingham new street,Saturday,off-peak
0 days,manchester piccadilly,liverpool lime street,Saturday,off-peak
0 days,london st pancras,leicester,Saturday,off-peak
0 days,manchester piccadilly,liverpool lime street,Saturday,off-peak
1 days,london euston,birmingham new street,Sunday,advance
1 days,london euston,birmingham new street,Sunday,advance
0 days,liverpool lime street,manchester piccadilly,Saturday,off-peak
0 days,birmingham new street,london euston,Saturday,off-peak
0 days,london euston,birmingham new street,Saturday,off-peak
1 days,liverpool lime street,london euston,Sunday,advance
0 days,london paddington,reading,Saturday,off-peak
1 days,london paddington,reading,Sunday,advance
1 days,liverpool lime street,manchester piccadilly,Sunday,advance
1 days,manchester piccadilly,liverpool lime street,Sunday,advance
0 days,london euston,birmingham new street,Saturday,off-peak
1 days,london st pancras,leicester,Sunday,advance
1 days,london st pancras,birmingham new street,Sunday,advance
1 days,london st pancras,birmingham new street,Sunday,advance
1 days,manchester piccadilly,liverpool lime street,Sunday,advance
1 days,london st pancras,leicester,Sunday,advance
1 days,london st pancras,birmingham new street,Sunday,advance
1 days,manchester piccadilly,liverpool lime street,Sunday,advance
1 days,manchester piccadilly,liverpool lime street,Sunday,advance
1 days,london euston,birmingham new street,Sunday,advance
0 days,london euston,birmingham new street,Saturday,off-peak
1 days,manchester piccadilly,liverpool lime street,Sunday,advance
1 days,manchester piccadilly,liverpool lime street,Sunday,advance
1 days,reading,liverpool lime street,Sunday,advance
0 days,london euston,birmingham new street,Saturday,off-peak
0 days,london euston,birmingham new street,Saturday,off-peak
0 days,london euston,birmingham new street,Saturday,off-peak
1 days,london paddington,reading,Sunday,advance
1 days,birmingham new street,nuneaton,Sunday,advance
1 days,london kings cross,york,Sunday,advance
1 days,london kings cross,york,Sunday,advance
1 days,london st pancras,birmingham new street,Sunday,advance
1 days,london st pancras,wolverhampton,Sunday,advance
1 days,london st pancras,birmingham new street,Sunday,advance
1 days,birmingham new street,coventry,Sunday,advance
1 days,london st pancras,birmingham new street,Sunday,advance
1 days,london st pancras,birmingham new street,Sunday,advance
1 days,reading,swindon,Sunday,advance
1 days,london paddington,reading,Sunday,advance
0 days,london kings cross,york,Saturday,off-peak
0 days,london kings cross,york,Saturday,off-peak
1 days,manchester piccadilly,liverpool lime street,Sunday,advance
1 days,manchester piccadilly,liverpool lime street,Sunday,advance
0 days,london kings cross,york,Saturday,off-peak
0 days,london paddington,reading,Saturday,off-peak
1 days,london st pancras,birmingham new street,Sunday,advance
1 days,london paddington,reading,Sunday,advance
1 days,manchester piccadilly,liverpool lime street,Sunday,advance
1 days,manchester piccadilly,sheffield,Sunday,advance
1 days,london st pancras,birmingham new street,Sunday,advance
1 days,liverpool lime street,manchester piccadilly,Sunday,advance
1 days,london st pancras,birmingham new street,Sunday,advance
1 days,london euston,york,Sunday,advance
1 days,london euston,birmingham new street,Sunday,advance
1 days,london euston,manchester piccadilly,Sunday,advance
1 days,london kings cross,york,Sunday,advance
1 days,liverpool lime street,manchester piccadilly,Sunday,advance
1 days,liverpool lime street,manchester piccadilly,Monday,advance
1 days,oxford,bristol temple meads,Monday,advance
0 days,manchester piccadilly,leeds,Sunday,off-peak
0 days,london st pancras,birmingham new street,Sunday,off-peak
1 days,liverpool lime street,manchester piccadilly,Monday,advance
0 days,london kings cross,york,Sunday,off-peak
0 days,liverpool lime street,leeds,Sunday,off-peak
0 days,london st pancras,birmingham new street,Sunday,off-peak
2 days,london kings cross,edinburgh waverley,Tuesday,advance
0 days,manchester piccadilly,nottingham,Sunday,off-peak
0 days,london kings cross,york,Sunday,off-peak
0 days,london euston,manchester piccadilly,Sunday,off-peak
1 days,liverpool lime street,manchester piccadilly,Monday,advance
1 days,london euston,birmingham new street,Monday,advance
1 days,birmingham new street,london euston,Monday,advance
1 days,liverpool lime street,manchester piccadilly,Monday,advance
1 days,liverpool lime street,manchester piccadilly,Monday,advance
0 days,liverpool lime street,manchester piccadilly,Sunday,off-peak
1 days,manchester piccadilly,liverpool lime street,Monday,advance
1 days,liverpool lime street,manchester piccadilly,Monday,advance
0 days,birmingham new street,reading,Sunday,off-peak
1 days,london kings cross,york,Monday,advance
0 days,liverpool lime street,manchester piccadilly,Sunday,off-peak
0 days,manchester piccadilly,london euston,Sunday,off-peak
0 days,london kings cross,york,Sunday,off-peak
1 days,liverpool lime street,manchester piccadilly,Monday,advance
0 days,london kings cross,york,Sunday,off-peak
1 days,manchester piccadilly,liverpool lime street,Monday,advance
0 days,manchester piccadilly,liverpool lime street,Sunday,off-peak
1 days,york,durham,Monday,advance
1 days,manchester piccadilly,nottingham,Monday,advance
1 days,london st pancras,birmingham new street,Monday,advance
1 days,manchester piccadilly,nottingham,Monday,advance
1 days,liverpool lime street,manchester piccadilly,Monday,advance
1 days,liverpool lime street,manchester piccadilly,Monday,advance
0 days,london st pancras,birmingham new street,Sunday,off-peak
0 days,london kings cross,york,Sunday,off-peak
1 days,liverpool lime street,manchester piccadilly,Monday,advance
0 days,york,peterborough,Sunday,off-peak
0 days,london kings cross,york,Sunday,off-peak
0 days,manchester piccadilly,liverpool lime street,Sunday,off-peak
0 days,manchester piccadilly,liverpool lime street,Sunday,off-peak
0 days,london kings cross,york,Sunday,off-peak
0 days,london paddington,reading,Sunday,off-peak
0 days,london kings cross,york,Sunday,off-peak
0 days,york,doncaster,Sunday,off-peak
0 days,birmingham new street,london st pancras,Sunday,off-peak
0 days,london euston,manchester piccadilly,Sunday,off-peak
0 days,york,doncaster,Sunday,off-peak
0 days,london euston,birmingham new street,Sunday,off-peak
0 days,london paddington,reading,Sunday,off-peak
0 days,birmingham new street,london st pancras,Sunday,off-peak
0 days,london kings cross,york,Sunday,off-peak
0 days,manchester piccadilly,liverpool lime street,Sunday,off-peak
0 days,manchester piccadilly,liverpool lime street,Sunday,off-peak
0 days,liverpool lime street,manchester piccadilly,Sunday,off-peak
1 days,birmingham new street,london st pancras,Monday,advance
1 days,liverpool lime street,manchester piccadilly,Monday,advance
0 days,london kings cross,york,Sunday,off-peak
0 days,london kings cross,york,Sunday,off-peak
1 days,london st pancras,birmingham new street,Monday,advance
0 days,liverpool lime street,manchester piccadilly,Sunday,off-peak
0 days,london kings cross,york,Sunday,off-peak
0 days,liverpool lime street,london euston,Sunday,off-peak
0 days,liverpool lime street,london euston,Sunday,off-peak
0 days,liverpool lime street,london euston,Sunday,off-peak
0 days,london euston,birmingham new street,Sunday,off-peak
0 days,london paddington,reading,Sunday,off-peak
0 days,manchester piccadilly,liverpool lime street,Sunday,off-peak
0 days,london paddington,reading,Sunday,off-peak
0 days,london kings cross,york,Sunday,off-peak
1 days,london kings cross,york,Monday,advance
0 days,london paddington,reading,Sunday,off-peak
0 days,london paddington,reading,Sunday,off-peak
0 days,london kings cross,york,Sunday,off-peak
1 days,liverpool lime street,manchester piccadilly,Monday,advance
0 days,london kings cross,edinburgh waverley,Sunday,off-peak
0 days,manchester piccadilly,nottingham,Sunday,off-peak
1 days,london paddington,reading,Monday,advance
1 days,london paddington,reading,Monday,advance
1 days,manchester piccadilly,liverpool lime street,Monday,advance
1 days,york,peterborough,Monday,advance
1 days,london paddington,reading,Monday,advance
0 days,manchester piccadilly,liverpool lime street,Sunday,off-peak
0 days,london paddington,reading,Sunday,off-peak
1 days,london euston,manchester piccadilly,Monday,advance
1 days,birmingham new street,london st pancras,Monday,advance
0 days,london kings cross,york,Sunday,off-peak
1 days,london st pancras,birmingham new street,Monday,advance
1 days,london kings cross,york,Monday,advance
1 days,london euston,birmingham new street,Monday,advance
1 days,birmingham new street,stafford,Monday,advance
1 days,london euston,manchester piccadilly,Monday,advance
1 days,london kings cross,york,Monday,advance
1 days,london kings cross,york,Monday,advance
1 days,london paddington,reading,Monday,advance
1 days,london paddington,reading,Monday,advance
1 days,london paddington,reading,Monday,advance
0 days,london kings cross,york,Sunday,off-peak
0 days,manchester piccadilly,liverpool lime street,Sunday,off-peak
0 days,manchester piccadilly,liverpool lime street,Sunday,off-peak
1 days,london euston,birmingham new street,Monday,advance
1 days,london euston,birmingham new street,Monday,advance
1 days,reading,swindon,Monday,advance
1 days,london kings cross,york,Monday,advance
1 days,london st pancras,birmingham new street,Monday,advance
1 days,london paddington,manchester piccadilly,Monday,advance
0 days,london euston,birmingham new street,Sunday,off-peak
1 days,london paddington,manchester piccadilly,Monday,advance
1 days,york,peterborough,Monday,advance
1 days,york,peterborough,Monday,advance
1 days,reading,swindon,Monday,advance
0 days,london euston,birmingham new street,Sunday,off-peak
1 days,london kings cross,york,Monday,advance
1 days,london kings cross,york,Monday,advance
0 days,liverpool lime street,manchester piccadilly,Sunday,off-peak
1 days,london paddington,london waterloo,Monday,advance
0 days,london st pancras,birmingham new street,Sunday,off-peak
1 days,birmingham new street,london euston,Monday,advance
1 days,london euston,manchester piccadilly,Monday,advance
1 days,london st pancras,birmingham new street,Monday,advance
1 days,reading,birmingham new street,Monday,advance
0 days,liverpool lime street,manchester piccadilly,Sunday,off-peak
0 days,london st pancras,birmingham new street,Sunday,off-peak
1 days,london euston,birmingham new street,Monday,advance
1 days,london paddington,reading,Monday,advance
0 days,london euston,birmingham new street,Sunday,off-peak
1 days,london kings cross,york,Monday,advance
0 days,liverpool lime street,manchester piccadilly,Sunday,off-peak
0 days,london kings cross,york,Sunday,off-peak
1 days,manchester piccadilly,liverpool lime street,Monday,advance
1 days,manchester piccadilly,liverpool lime street,Monday,advance
1 days,manchester piccadilly,liverpool lime street,Monday,advance
1 days,london kings cross,york,Monday,advance
1 days,london kings cross,york,Monday,advance
0 days,liverpool lime street,manchester piccadilly,Sunday,off-peak
0 days,london kings cross,york,Sunday,off-peak
0 days,york,edinburgh waverley,Sunday,off-peak
0 days,london st pancras,birmingham new street,Sunday,off-peak
0 days,manchester piccadilly,liverpool lime street,Sunday,off-peak
0 days,london kings cross,york,Sunday,off-peak
1 days,manchester piccadilly,liverpool lime street,Monday,advance
1 days,liverpool lime street,manchester piccadilly,Monday,advance
1 days,liverpool lime street,manchester piccadilly,Monday,advance
0 days,manchester piccadilly,liverpool lime street,Sunday,off-peak
1 days,london st pancras,birmingham new street,Monday,advance
1 days,london paddington,liverpool lime street,Monday,advance
1 days,london st pancras,birmingham new street,Monday,advance
1 days,manchester piccadilly,liverpool lime street,Monday,advance
0 days,manchester piccadilly,liverpool lime street,Sunday,off-peak
0 days,london paddington,manchester piccadilly,Sunday,off-peak
0 days,london euston,birmingham new street,Sunday,off-peak
0 days,london paddington,reading,Sunday,off-peak
1 days,london euston,birmingham new street,Monday,advance
0 days,london paddington,reading,Sunday,off-peak
0 days,london st pancras,birmingham new street,Sunday,off-peak
0 days,london euston,birmingham new street,Sunday,off-peak
0 days,london paddington,reading,Sunday,off-peak
0 days,manchester piccadilly,liverpool lime street,Sunday,off-peak
1 days,liverpool lime street,manchester piccadilly,Monday,advance
0 days,london kings cross,york,Sunday,off-peak
1 days,london paddington,reading,Monday,advance
0 days,london kings cross,york,Sunday,off-peak
1 days,liverpool lime street,manchester piccadilly,Monday,advance
0 days,london euston,birmingham new street,Sunday,off-peak
0 days,london euston,birmingham new street,Sunday,off-peak
0 days,london euston,birmingham new street,Sunday,off-peak
1 days,manchester piccadilly,liverpool lime street,Monday,advance
1 days,manchester piccadilly,liverpool lime street,Monday,advance
0 days,london kings cross,york,Sunday,off-peak
0 days,birmingham new street,manchester piccadilly,Sunday,off-peak
0 days,london euston,birmingham new street,Sunday,off-peak
0 days,birmingham new street,stafford,Sunday,off-peak
0 days,london kings cross,york,Sunday,off-peak
1 days,liverpool lime street,sheffield,Monday,advance
0 days,birmingham new street,london euston,Sunday,off-peak
1 days,london paddington,reading,Monday,advance
1 days,london paddington,reading,Monday,advance
0 days,london st pancras,birmingham new street,Sunday,off-peak
0 days,london euston,birmingham new street,Sunday,off-peak
1 days,manchester piccadilly,liverpool lime street,Monday,advance
0 days,london st pancras,birmingham new street,Sunday,off-peak
0 days,london paddington,reading,Sunday,off-peak
1 days,manchester piccadilly,london euston,Monday,advance
1 days,london paddington,reading,Monday,advance
0 days,manchester piccadilly,liverpool lime street,Sunday,off-peak
0 days,manchester piccadilly,liverpool lime street,Sunday,off-peak
0 days,london euston,birmingham new street,Sunday,off-peak
0 days,london st pancras,birmingham new street,Sunday,off-peak
1 days,manchester piccadilly,liverpool lime street,Monday,advance
0 days,london kings cross,york,Sunday,off-peak
1 days,manchester piccadilly,liverpool lime street,Monday,advance
1 days,london paddington,reading,Monday,advance
1 days,london st pancras,birmingham new street,Monday,advance
1 days,london st pancras,birmingham new street,Monday,advance
1 days,london paddington,reading,Monday,advance
1 days,london st pancras,birmingham new street,Monday,advance
1 days,london paddington,reading,Monday,advance
0 days,birmingham new street,tamworth,Sunday,off-peak
0 days,liverpool lime street,crewe,Sunday,off-peak
0 days,london st pancras,birmingham new street,Sunday,off-peak
0 days,london paddington,reading,Sunday,off-peak
0 days,london st pancras,birmingham new street,Sunday,off-peak
0 days,london st pancras,birmingham new street,Sunday,off-peak
0 days,london st pancras,birmingham new street,Sunday,off-peak
0 days,london st pancras,birmingham new street,Sunday,off-peak
1 days,manchester piccadilly,liverpool lime street,Monday,advance
0 days,london st pancras,birmingham new street,Sunday,off-peak
0 days,birmingham new street,tamworth,Sunday,off-peak
1 days,liverpool lime street,manchester piccadilly,Monday,advance
1 days,london euston,birmingham new street,Monday,advance
1 days,london euston,birmingham new street,Monday,advance
1 days,london euston,birmingham new street,Monday,advance
1 days,london euston,birmingham new street,Monday,advance
1 days,manchester piccadilly,liverpool lime street,Monday,advance
1 days,manchester piccadilly,liverpool lime street,Monday,advance
1 days,manchester piccadilly,liverpool lime street,Monday,advance
1 days,liverpool lime street,manchester piccadilly,Monday,advance
1 days,london kings cross,york,Monday,advance
1 days,liverpool lime street,sheffield,Monday,advance
0 days,london st pancras,leicester,Sunday,off-peak
0 days,london euston,birmingham new street,Sunday,off-peak
1 days,manchester piccadilly,liverpool lime street,Monday,advance
0 days,london euston,birmingham new street,Sunday,off-peak
1 days,london kings cross,york,Monday,advance
1 days,london euston,manchester piccadilly,Monday,advance
1 days,london kings cross,york,Monday,advance
1 days,london kings cross,york,Monday,advance
1 days,liverpool lime street,manchester piccadilly,Monday,advance
0 days,liverpool lime street,manchester piccadilly,Sunday,off-peak
0 days,london euston,birmingham new street,Sunday,off-peak
1 days,london st pancras,leicester,Monday,advance
1 days,manchester piccadilly,liverpool lime street,Monday,advance
1 days,london st pancras,birmingham new street,Monday,advance
1 days,london kings cross,york,Monday,advance
1 days,manchester piccadilly,liverpool lime street,Monday,advance
1 days,london euston,birmingham new street,Monday,advance
1 days,manchester piccadilly,liverpool lime street,Monday,advance
1 days,london paddington,reading,Monday,advance
1 days,liverpool lime street,manchester piccadilly,Monday,advance
1 days,birmingham new street,liverpool lime street,Monday,advance
0 days,london paddington,reading,Sunday,off-peak
0 days,liverpool lime street,manchester piccadilly,Sunday,off-peak
1 days,birmingham new street,york,Monday,advance
1 days,liverpool lime street,crewe,Monday,advance
1 days,manchester piccadilly,liverpool lime street,Monday,advance
1 days,birmingham new street,tamworth,Monday,advance
1 days,london st pancras,birmingham new street,Monday,advance
1 days,birmingham new street,stafford,Monday,advance
1 days,london st pancras,birmingham new street,Monday,advance
1 days,london st pancras,birmingham new street,Monday,advance
1 days,london kings cross,york,Monday,advance
1 days,london st pancras,birmingham new street,Monday,advance
0 days,liverpool lime street,manchester piccadilly,Sunday,off-peak
0 days,london euston,manchester piccadilly,Sunday,off-peak
1 days,london kings cross,york,Monday,advance
1 days,london paddington,reading,Monday,advance
1 days,manchester piccadilly,liverpool lime street,Monday,advance
1 days,manchester piccadilly,liverpool lime street,Monday,advance
1 days,liverpool lime street,manchester piccadilly,Monday,advance
1 days,manchester piccadilly,liverpool lime street,Monday,advance
1 days,manchester piccadilly,liverpool lime street,Monday,advance
1 days,london euston,birmingham new street,Monday,advance
1 days,manchester piccadilly,liverpool lime street,Monday,advance
1 days,manchester piccadilly,liverpool lime street,Monday,advance
1 days,london paddington,reading,Monday,advance
1 days,liverpool lime street,manchester piccadilly,Monday,advance
1 days,london paddington,reading,Monday,advance
1 days,london paddington,reading,Monday,advance
1 days,manchester piccadilly,london euston,Monday,advance
1 days,manchester piccadilly,london euston,Monday,advance
0 days,manchester piccadilly,london euston,Monday,off-peak
0 days,london paddington,reading,Monday,off-peak
0 days,oxford,bristol temple meads,Monday,off-peak
0 days,york,durham,Monday,off-peak
2 days,london kings cross,edinburgh waverley,Wednesday,advance
2 days,london kings cross,edinburgh waverley,Wednesday,advance
0 days,london st pancras,birmingham new street,Monday,off-peak
0 days,london kings cross,liverpool lime street,Monday,off-peak
0 days,london paddington,reading,Monday,off-peak
0 days,london paddington,reading,Monday,off-peak
0 days,london paddington,reading,Monday,off-peak
0 days,liverpool lime street,manchester piccadilly,Monday,off-peak
0 days,london euston,birmingham new street,Monday,off-peak
0 days,london st pancras,birmingham new street,Monday,off-peak
1 days,london st pancras,birmingham new street,Tuesday,advance
0 days,london st pancras,birmingham new street,Monday,off-peak
1 days,london paddington,reading,Tuesday,advance
0 days,london st pancras,birmingham new street,Monday,off-peak
0 days,london paddington,reading,Monday,off-peak
0 days,york,durham,Monday,off-peak
0 days,london kings cross,york,Monday,off-peak
0 days,york,durham,Monday,off-peak
1 days,reading,london paddington,Tuesday,advance
1 days,london paddington,reading,Tuesday,advance
1 days,london paddington,reading,Tuesday,advance
1 days,birmingham new street,london st pancras,Tuesday,advance
1 days,liverpool lime street,manchester piccadilly,Tuesday,advance
0 days,york,durham,Monday,off-peak
1 days,london kings cross,york,Tuesday,advance
1 days,liverpool lime street,manchester piccadilly,Tuesday,advance
0 days,london kings cross,york,Monday,off-peak
1 days,london kings cross,york,Tuesday,advance
0 days,london euston,birmingham new street,Monday,off-peak
0 days,liverpool lime street,manchester piccadilly,Monday,off-peak
0 days,london st pancras,birmingham new street,Monday,off-peak
0 days,london st pancras,birmingham new street,Monday,off-peak
1 days,london kings cross,york,Tuesday,advance
1 days,manchester piccadilly,nottingham,Tuesday,advance
1 days,london kings cross,york,Tuesday,advance
1 days,manchester piccadilly,nottingham,Tuesday,advance
0 days,london euston,birmingham new street,Monday,off-peak
0 days,london euston,birmingham new street,Monday,off-peak
1 days,london euston,birmingham new street,Tuesday,advance
1 days,liverpool lime street,manchester piccadilly,Tuesday,advance
1 days,liverpool lime street,manchester piccadilly,Tuesday,advance
0 days,london kings cross,liverpool lime street,Monday,off-peak
1 days,manchester piccadilly,liverpool lime street,Tuesday,advance
1 days,london kings cross,york,Tuesday,advance
0 days,manchester piccadilly,liverpool lime street,Monday,anytime
1 days,liverpool lime street,london paddington,Tuesday,advance
0 days,london paddington,reading,Monday,anytime
0 days,manchester piccadilly,liverpool lime street,Monday,anytime
0 days,london kings cross,york,Monday,anytime
0 days,london paddington,reading,Monday,anytime
0 days,manchester piccadilly,liverpool lime street,Monday,anytime
0 days,london st pancras,birmingham new street,Monday,anytime
0 days,birmingham new street,nuneaton,Monday,anytime
0 days,london st pancras,birmingham new street,Monday,anytime
0 days,manchester piccadilly,liverpool lime street,Monday,anytime
0 days,liverpool lime street,manchester piccadilly,Monday,anytime
1 days,liverpool lime street,manchester piccadilly,Tuesday,advance
0 days,london euston,birmingham new street,Monday,anytime
1 days,liverpool lime street,manchester piccadilly,Tuesday,advance
0 days,london euston,birmingham new street,Monday,anytime
0 days,london paddington,london waterloo,Monday,anytime
1 days,birmingham new street,london st pancras,Tuesday,advance
0 days,london paddington,london waterloo,Monday,anytime
1 days,liverpool lime street,manchester piccadilly,Tuesday,advance
0 days,london paddington,london waterloo,Monday,anytime
0 days,reading,swindon,Monday,anytime
0 days,london kings cross,york,Monday,anytime
0 days,london euston,birmingham new street,Monday,anytime
1 days,london kings cross,york,Tuesday,advance
0 days,reading,birmingham new street,Monday,anytime
0 days,liverpool lime street,london euston,Monday,anytime
0 days,manchester piccadilly,london euston,Monday,anytime
0 days,liverpool lime street,london euston,Monday,anytime
1 days,london kings cross,liverpool lime street,Tuesday,advance
1 days,manchester piccadilly,liverpool lime street,Tuesday,advance
0 days,liverpool lime street,london euston,Monday,anytime
0 days,liverpool lime street,london euston,Monday,anytime
0 days,london euston,birmingham new street,Monday,anytime
1 days,liverpool lime street,manchester piccadilly,Tuesday,advance
0 days,london euston,birmingham new street,Monday,anytime
1 days,london euston,birmingham new street,Tuesday,advance
0 days,london kings cross,york,Monday,anytime
0 days,london paddington,oxford,Monday,anytime
0 days,london paddington,reading,Monday,anytime
0 days,london euston,birmingham new street,Monday,off-peak
0 days,manchester piccadilly,liverpool lime street,Monday,off-peak
1 days,london paddington,reading,Tuesday,advance
1 days,london paddington,reading,Tuesday,advance
0 days,london kings cross,liverpool lime street,Monday,off-peak
0 days,london kings cross,edinburgh waverley,Monday,anytime
1 days,london kings cross,york,Tuesday,advance
0 days,manchester piccadilly,liverpool lime street,Monday,off-peak
1 days,birmingham new street,london st pancras,Tuesday,advance
1 days,birmingham new street,london paddington,Tuesday,advance
1 days,manchester piccadilly,liverpool lime street,Tuesday,advance
1 days,london euston,birmingham new street,Tuesday,advance
1 days,birmingham new street,london kings cross,Tuesday,advance
1 days,manchester piccadilly,liverpool lime street,Tuesday,advance
1 days,london euston,manchester piccadilly,Tuesday,advance
1 days,birmingham new street,london st pancras,Tuesday,advance
1 days,york,doncaster,Tuesday,advance
1 days,birmingham new street,london st pancras,Tuesday,advance
1 days,london paddington,reading,Tuesday,advance
1 days,london paddington,reading,Tuesday,advance
1 days,liverpool lime street,manchester piccadilly,Tuesday,advance
1 days,london paddington,reading,Tuesday,advance
1 days,london paddington,reading,Tuesday,advance
1 days,london st pancras,birmingham new street,Tuesday,advance
1 days,liverpool lime street,manchester piccadilly,Tuesday,advance
1 days,london paddington,reading,Tuesday,advance
1 days,london paddington,oxford,Tuesday,advance
1 days,london paddington,reading,Tuesday,advance
1 days,york,peterborough,Tuesday,advance
1 days,reading,swindon,Tuesday,advance
1 days,london kings cross,york,Tuesday,advance
1 days,london euston,birmingham new street,Tuesday,advance
1 days,york,doncaster,Tuesday,advance
1 days,reading,swindon,Tuesday,advance
1 days,york,peterborough,Tuesday,advance
1 days,liverpool lime street,manchester piccadilly,Tuesday,advance
1 days,liverpool lime street,manchester piccadilly,Tuesday,advance
1 days,london kings cross,york,Tuesday,advance
0 days,london euston,birmingham new street,Monday,off-peak
1 days,liverpool lime street,london euston,Tuesday,advance
0 days,manchester piccadilly,york,Monday,off-peak
0 days,london euston,birmingham new street,Monday,off-peak
1 days,london euston,manchester piccadilly,Tuesday,advance
0 days,london st pancras,birmingham new street,Monday,off-peak
0 days,manchester piccadilly,york,Monday,off-peak
1 days,liverpool lime street,london euston,Tuesday,advance
1 days,london paddington,reading,Tuesday,advance
1 days,london euston,manchester piccadilly,Tuesday,advance
0 days,manchester piccadilly,liverpool lime street,Monday,off-peak
1 days,london paddington,reading,Tuesday,advance
1 days,london st pancras,birmingham new street,Tuesday,advance
0 days,london euston,birmingham new street,Monday,off-peak
0 days,reading,london paddington,Monday,off-peak
0 days,london euston,birmingham new street,Monday,off-peak
1 days,london paddington,reading,Tuesday,advance
1 days,manchester piccadilly,liverpool lime street,Tuesday,advance
1 days,manchester piccadilly,liverpool lime street,Tuesday,advance
1 days,manchester piccadilly,liverpool lime street,Tuesday,advance
0 days,london kings cross,york,Monday,off-peak
0 days,london euston,birmingham new street,Monday,off-peak
1 days,london euston,birmingham new street,Tuesday,advance
1 days,liverpool lime street,manchester piccadilly,Tuesday,advance
0 days,liverpool lime street,manchester piccadilly,Monday,off-peak
1 days,manchester piccadilly,liverpool lime street,Tuesday,advance
0 days,manchester piccadilly,liverpool lime street,Monday,off-peak
0 days,london kings cross,york,Monday,off-peak
0 days,liverpool lime street,manchester piccadilly,Monday,off-peak
0 days,manchester piccadilly,liverpool lime street,Monday,off-peak
0 days,london euston,birmingham new street,Monday,off-peak
1 days,manchester piccadilly,liverpool lime street,Tuesday,advance
0 days,london euston,birmingham new street,Monday,off-peak
0 days,london paddington,reading,Monday,off-peak
1 days,liverpool lime street,manchester piccadilly,Tuesday,advance
0 days,london euston,manchester piccadilly,Monday,off-peak
1 days,london st pancras,birmingham new street,Tuesday,advance
0 days,london paddington,reading,Monday,off-peak
0 days,london paddington,reading,Monday,off-peak
0 days,manchester piccadilly,liverpool lime street,Monday,off-peak
0 days,london kings cross,york,Monday,off-peak
1 days,birmingham new street,london st pancras,Tuesday,advance
0 days,london paddington,reading,Monday,off-peak
0 days,london kings cross,york,Monday,off-peak
0 days,london euston,birmingham new street,Monday,off-peak
1 days,london paddington,reading,Tuesday,advance
1 days,london kings cross,york,Tuesday,advance
0 days,liverpool lime street,manchester piccadilly,Monday,anytime
1 days,manchester piccadilly,liverpool lime street,Tuesday,advance
0 days,london euston,birmingham new street,Monday,anytime
1 days,manchester piccadilly,liverpool lime street,Tuesday,advance
0 days,london kings cross,york,Monday,anytime
1 days,london euston,birmingham new street,Tuesday,advance
0 days,birmingham new street,manchester piccadilly,Monday,anytime
1 days,manchester piccadilly,liverpool lime street,Tuesday,advance
0 days,manchester piccadilly,liverpool lime street,Monday,anytime
0 days,london kings cross,york,Monday,anytime
0 days,london euston,birmingham new street,Monday,anytime
1 days,liverpool lime street,manchester piccadilly,Tuesday,advance
1 days,manchester piccadilly,liverpool lime street,Tuesday,advance
0 days,london euston,birmingham new street,Monday,anytime
0 days,manchester piccadilly,liverpool lime street,Monday,anytime
0 days,liverpool lime street,sheffield,Monday,anytime
1 days,manchester piccadilly,liverpool lime street,Tuesday,advance
0 days,manchester piccadilly,london euston,Monday,off-peak
0 days,reading,swindon,Monday,anytime
0 days,birmingham new street,stafford,Monday,anytime
1 days,london euston,birmingham new street,Tuesday,advance
1 days,liverpool lime street,manchester piccadilly,Tuesday,advance
0 days,london kings cross,york,Monday,anytime
0 days,london kings cross,york,Monday,anytime
0 days,london kings cross,york,Monday,anytime
0 days,london kings cross,york,Monday,anytime
1 days,london st pancras,birmingham new street,Tuesday,advance
0 days,birmingham new street,london st pancras,Monday,anytime
1 days,london paddington,reading,Tuesday,advance
0 days,manchester piccadilly,liverpool lime street,Monday,anytime
0 days,manchester piccadilly,liverpool lime street,Monday,anytime
0 days,manchester piccadilly,liverpool lime street,Monday,anytime
0 days,london kings cross,york,Monday,anytime
0 days,manchester piccadilly,liverpool lime street,Monday,anytime
0 days,london euston,birmingham new street,Monday,anytime
1 days,london kings cross,york,Tuesday,advance
1 days,london st pancras,birmingham new street,Tuesday,advance
0 days,liverpool lime street,manchester piccadilly,Monday,anytime
0 days,liverpool lime street,london euston,Monday,anytime
0 days,london st pancras,birmingham new street,Monday,anytime
0 days,birmingham new street,wolverhampton,Monday,anytime
0 days,london st pancras,birmingham new street,Monday,anytime
0 days,london st pancras,birmingham new street,Monday,anytime
0 days,london st pancras,birmingham new street,Monday,anytime
0 days,london paddington,reading,Monday,anytime
0 days,birmingham new street,coventry,Monday,anytime
0 days,birmingham new street,tamworth,Monday,anytime
1 days,london euston,manchester piccadilly,Tuesday,advance
0 days,london st pancras,birmingham new street,Monday,anytime
1 days,manchester piccadilly,liverpool lime street,Tuesday,advance
0 days,london euston,birmingham new street,Monday,off-peak
1 days,london euston,birmingham new street,Tuesday,advance
0 days,york,edinburgh,Monday,off-peak
1 days,manchester piccadilly,liverpool lime street,Tuesday,advance
1 days,manchester piccadilly,liverpool lime street,Tuesday,advance
1 days,liverpool lime street,london euston,Tuesday,advance
0 days,london kings cross,york,Monday,off-peak
1 days,liverpool lime street,leeds,Tuesday,advance
0 days,london st pancras,leicester,Monday,anytime
0 days,manchester piccadilly,liverpool lime street,Monday,anytime
0 days,london kings cross,york,Monday,off-peak
0 days,london euston,birmingham new street,Monday,off-peak
1 days,london paddington,reading,Tuesday,advance
27 days,manchester piccadilly,liverpool lime street,Sunday,advance
0 days,london euston,birmingham new street,Monday,off-peak
1 days,london kings cross,york,Tuesday,advance
0 days,manchester piccadilly,liverpool lime street,Monday,off-peak
1 days,manchester piccadilly,liverpool lime street,Tuesday,advance
1 days,london paddington,reading,Tuesday,advance
0 days,reading,oxford,Monday,off-peak
1 days,london paddington,reading,Tuesday,advance
0 days,liverpool lime street,manchester piccadilly,Monday,off-peak
1 days,london st pancras,leicester,Tuesday,advance
1 days,manchester piccadilly,liverpool lime street,Tuesday,advance
1 days,manchester piccadilly,liverpool lime street,Tuesday,advance
1 days,london st pancras,leicester,Tuesday,advance
1 days,manchester piccadilly,liverpool lime street,Tuesday,advance
1 days,manchester piccadilly,liverpool lime street,Tuesday,advance
1 days,london paddington,reading,Tuesday,advance
1 days,london euston,manchester piccadilly,Tuesday,advance
1 days,manchester piccadilly,liverpool lime street,Tuesday,advance
1 days,liverpool lime street,manchester piccadilly,Tuesday,advance
1 days,london paddington,reading,Tuesday,advance
1 days,reading,didcot,Tuesday,advance
1 days,birmingham new street,nuneaton,Tuesday,advance
1 days,london st pancras,birmingham new street,Tuesday,advance
1 days,london st pancras,birmingham new street,Tuesday,advance
1 days,london st pancras,birmingham new street,Tuesday,advance
1 days,liverpool lime street,crewe,Tuesday,advance
1 days,london euston,manchester piccadilly,Tuesday,advance
1 days,london paddington,reading,Tuesday,advance
1 days,birmingham new street,nuneaton,Tuesday,advance
1 days,birmingham new street,coventry,Tuesday,advance
1 days,liverpool lime street,crewe,Tuesday,advance
1 days,liverpool lime street,crewe,Tuesday,advance
1 days,london st pancras,birmingham new street,Tuesday,advance
1 days,london st pancras,birmingham new street,Tuesday,advance
1 days,london st pancras,birmingham new street,Tuesday,advance
1 days,london kings cross,york,Tuesday,advance
1 days,london kings cross,york,Tuesday,advance
0 days,liverpool lime street,leeds,Monday,off-peak
0 days,london paddington,reading,Monday,off-peak
1 days,london paddington,reading,Tuesday,advance
0 days,liverpool lime street,manchester piccadilly,Monday,off-peak
0 days,london kings cross,york,Monday,off-peak
27 days,london st pancras,birmingham new street,Sunday,advance
1 days,london paddington,reading,Tuesday,advance
1 days,london paddington,reading,Tuesday,advance
1 days,london paddington,reading,Tuesday,advance
1 days,birmingham new street,edinburgh,Tuesday,advance
1 days,london euston,birmingham new street,Tuesday,advance
1 days,london st pancras,birmingham new street,Tuesday,advance
1 days,manchester piccadilly,liverpool lime street,Tuesday,advance
1 days,london euston,manchester piccadilly,Tuesday,advance
1 days,london paddington,reading,Tuesday,advance
1 days,london kings cross,york,Tuesday,advance
1 days,liverpool lime street,manchester piccadilly,Tuesday,advance
1 days,london euston,birmingham new street,Tuesday,advance
1 days,london paddington,reading,Tuesday,advance
1 days,london st pancras,birmingham new street,Tuesday,advance
1 days,london kings cross,york,Tuesday,advance
1 days,london euston,manchester piccadilly,Tuesday,advance
1 days,london paddington,reading,Tuesday,advance
2 days,london kings cross,edinburgh waverley,Thursday,advance
0 days,london st pancras,birmingham new street,Tuesday,off-peak
0 days,london paddington,reading,Tuesday,off-peak
0 days,manchester piccadilly,nottingham,Tuesday,off-peak
0 days,liverpool lime street,manchester piccadilly,Tuesday,off-peak
0 days,london st pancras,birmingham new street,Tuesday,off-peak
0 days,london euston,birmingham new street,Tuesday,off-peak
1 days,london paddington,reading,Wednesday,advance
0 days,london euston,birmingham new street,Tuesday,off-peak
1 days,liverpool lime street,london euston,Wednesday,advance
0 days,london euston,birmingham new street,Tuesday,off-peak
1 days,york,durham,Wednesday,advance
0 days,london paddington,reading,Tuesday,off-peak
1 days,liverpool lime street,manchester piccadilly,Wednesday,advance
1 days,manchester piccadilly,london euston,Wednesday,advance
1 days,london kings cross,york,Wednesday,advance
0 days,manchester piccadilly,london euston,Tuesday,off-peak
1 days,london kings cross,york,Wednesday,advance
1 days,london kings cross,york,Wednesday,advance
0 days,london euston,birmingham new street,Tuesday,off-peak
0 days,london euston,birmingham new street,Tuesday,off-peak
0 days,london euston,birmingham new street,Tuesday,off-peak
0 days,london st pancras,birmingham new street,Tuesday,off-peak
0 days,london kings cross,york,Tuesday,off-peak
1 days,london st pancras,birmingham new street,Wednesday,advance
0 days,london kings cross,york,Tuesday,off-peak
0 days,london kings cross,york,Tuesday,off-peak
0 days,london paddington,reading,Tuesday,off-peak
0 days,london kings cross,york,Tuesday,off-peak
1 days,london st pancras,birmingham new street,Wednesday,advance
1 days,london kings cross,york,Wednesday,advance
1 days,liverpool lime street,manchester piccadilly,Wednesday,advance
1 days,liverpool lime street,manchester piccadilly,Wednesday,advance
0 days,london paddington,reading,Tuesday,anytime
0 days,london paddington,reading,Tuesday,anytime
0 days,london paddington,reading,Tuesday,anytime
1 days,manchester piccadilly,liverpool lime street,Wednesday,advance
0 days,birmingham new street,london st pancras,Tuesday,anytime
0 days,london euston,birmingham new street,Tuesday,anytime
0 days,london euston,manchester piccadilly,Tuesday,anytime
0 days,birmingham new street,london st pancras,Tuesday,anytime
0 days,london euston,birmingham new street,Tuesday,anytime
0 days,london paddington,reading,Tuesday,anytime
0 days,liverpool lime street,manchester piccadilly,Tuesday,anytime
1 days,london kings cross,york,Wednesday,advance
0 days,birmingham new street,london st pancras,Tuesday,anytime
0 days,london paddington,reading,Tuesday,anytime
1 days,london euston,birmingham new street,Wednesday,advance
1 days,london euston,birmingham new street,Wednesday,advance
1 days,london euston,birmingham new street,Wednesday,advance
0 days,manchester piccadilly,liverpool lime street,Tuesday,anytime
0 days,london paddington,reading,Tuesday,anytime
0 days,london euston,manchester piccadilly,Tuesday,anytime
0 days,london euston,birmingham new street,Tuesday,anytime
1 days,liverpool lime street,manchester piccadilly,Wednesday,advance
1 days,london st pancras,birmingham new street,Wednesday,advance
0 days,london kings cross,york,Tuesday,anytime
1 days,london st pancras,birmingham new street,Wednesday,advance
0 days,london kings cross,york,Tuesday,anytime
0 days,york,peterborough,Tuesday,anytime
0 days,london kings cross,york,Tuesday,anytime
0 days,liverpool lime street,manchester piccadilly,Tuesday,anytime
0 days,liverpool lime street,manchester piccadilly,Tuesday,anytime
0 days,london kings cross,york,Tuesday,anytime
0 days,liverpool lime street,london euston,Tuesday,anytime
0 days,manchester piccadilly,london euston,Tuesday,anytime
0 days,london kings cross,york,Tuesday,anytime
0 days,london st pancras,birmingham new street,Tuesday,anytime
0 days,liverpool lime street,london euston,Tuesday,anytime
0 days,liverpool lime street,london euston,Tuesday,anytime
1 days,liverpool lime street,sheffield,Wednesday,advance
1 days,london paddington,reading,Wednesday,advance
1 days,london euston,birmingham new street,Wednesday,advance
0 days,manchester piccadilly,sheffield,Tuesday,anytime
0 days,london kings cross,liverpool lime street,Tuesday,anytime
1 days,london paddington,reading,Wednesday,advance
0 days,manchester piccadilly,liverpool lime street,Tuesday,anytime
1 days,london paddington,reading,Wednesday,advance
0 days,london paddington,oxford,Tuesday,anytime
0 days,london kings cross,york,Tuesday,anytime
0 days,london paddington,reading,Tuesday,anytime
0 days,london paddington,reading,Tuesday,anytime
0 days,london paddington,oxford,Tuesday,anytime
0 days,london paddington,reading,Tuesday,anytime
0 days,london kings cross,york,Tuesday,off-peak
0 days,london kings cross,york,Tuesday,off-peak
0 days,manchester piccadilly,leeds,Tuesday,off-peak
0 days,manchester piccadilly,liverpool lime street,Tuesday,off-peak
1 days,manchester piccadilly,liverpool lime street,Wednesday,advance
1 days,manchester piccadilly,liverpool lime street,Wednesday,advance
1 days,london paddington,reading,Wednesday,advance
1 days,manchester piccadilly,liverpool lime street,Wednesday,advance
1 days,manchester piccadilly,liverpool lime street,Wednesday,advance
1 days,york,doncaster,Wednesday,advance
1 days,manchester piccadilly,liverpool lime street,Wednesday,advance
1 days,london paddington,oxford,Wednesday,advance
1 days,london paddington,oxford,Wednesday,advance
1 days,london paddington,oxford,Wednesday,advance
1 days,london paddington,reading,Wednesday,advance
1 days,london paddington,oxford,Wednesday,advance
1 days,london paddington,reading,Wednesday,advance
1 days,london paddington,oxford,Wednesday,advance
0 days,london euston,birmingham new street,Tuesday,off-peak
1 days,york,wakefield,Wednesday,advance
1 days,york,peterborough,Wednesday,advance
1 days,london kings cross,york,Wednesday,advance
1 days,reading,swindon,Wednesday,advance
1 days,london kings cross,york,Wednesday,advance
1 days,london kings cross,york,Wednesday,advance
1 days,london euston,birmingham new street,Wednesday,advance
1 days,liverpool lime street,london euston,Wednesday,advance
1 days,liverpool lime street,london euston,Wednesday,advance
1 days,liverpool lime street,london euston,Wednesday,advance
1 days,london paddington,reading,Wednesday,advance
1 days,manchester piccadilly,london euston,Wednesday,advance
1 days,liverpool lime street,london euston,Wednesday,advance
1 days,reading,oxford,Wednesday,advance
0 days,manchester piccadilly,liverpool lime street,Tuesday,off-peak
1 days,liverpool lime street,london euston,Wednesday,advance
0 days,manchester piccadilly,liverpool lime street,Tuesday,off-peak
1 days,london euston,birmingham new street,Wednesday,advance
0 days,london euston,birmingham new street,Tuesday,off-peak
1 days,london paddington,reading,Wednesday,advance
0 days,reading,london paddington,Tuesday,off-peak
0 days,london kings cross,york,Tuesday,off-peak
1 days,manchester piccadilly,leeds,Wednesday,advance
0 days,birmingham new street,manchester piccadilly,Tuesday,off-peak
0 days,london kings cross,york,Tuesday,off-peak
1 days,liverpool lime street,manchester piccadilly,Wednesday,advance
1 days,london paddington,reading,Wednesday,advance
1 days,liverpool lime street,manchester piccadilly,Wednesday,advance
1 days,manchester piccadilly,liverpool lime street,Wednesday,advance
0 days,london euston,birmingham new street,Tuesday,off-peak
0 days,london kings cross,york,Tuesday,off-peak
0 days,manchester piccadilly,liverpool lime street,Tuesday,off-peak
0 days,london kings cross,york,Tuesday,off-peak
0 days,manchester piccadilly,liverpool lime street,Tuesday,off-peak
0 days,london euston,birmingham new street,Tuesday,off-peak
0 days,london euston,birmingham new street,Tuesday,off-peak
1 days,liverpool lime street,manchester piccadilly,Wednesday,advance
1 days,liverpool lime street,manchester piccadilly,Wednesday,advance
1 days,london euston,birmingham new street,Wednesday,advance
0 days,london paddington,reading,Tuesday,off-peak
1 days,london kings cross,york,Wednesday,advance
0 days,london kings cross,york,Tuesday,off-peak
1 days,london euston,birmingham new street,Wednesday,advance
1 days,york,edinburgh waverley,Wednesday,advance
0 days,london euston,birmingham new street,Tuesday,anytime
1 days,manchester piccadilly,liverpool lime street,Wednesday,advance
0 days,london st pancras,leicester,Tuesday,anytime
1 days,manchester piccadilly,liverpool lime street,Wednesday,advance
0 days,london euston,birmingham new street,Tuesday,anytime
0 days,birmingham new street,manchester piccadilly,Tuesday,anytime
0 days,liverpool lime street,london euston,Tuesday,off-peak
0 days,london kings cross,york,Tuesday,anytime
0 days,london kings cross,york,Tuesday,anytime
0 days,london kings cross,york,Tuesday,anytime
0 days,birmingham new street,stafford,Tuesday,anytime
1 days,london paddington,reading,Wednesday,advance
0 days,london euston,birmingham new street,Tuesday,anytime
0 days,london kings cross,york,Tuesday,anytime
0 days,liverpool lime street,manchester piccadilly,Tuesday,anytime
0 days,london kings cross,york,Tuesday,anytime
1 days,manchester piccadilly,london euston,Wednesday,advance
1 days,liverpool lime street,manchester piccadilly,Wednesday,advance
0 days,london euston,birmingham new street,Tuesday,anytime
1 days,manchester piccadilly,liverpool lime street,Wednesday,advance
1 days,london paddington,reading,Wednesday,advance
0 days,london paddington,reading,Tuesday,anytime
1 days,london st pancras,birmingham new street,Wednesday,advance
1 days,london euston,birmingham new street,Wednesday,advance
0 days,liverpool lime street,london euston,Tuesday,anytime
1 days,birmingham new street,liverpool lime street,Wednesday,advance
1 days,london euston,birmingham new street,Wednesday,advance
1 days,london euston,birmingham new street,Wednesday,advance
0 days,birmingham new street,nuneaton,Tuesday,anytime
1 days,london st pancras,birmingham new street,Wednesday,advance
0 days,liverpool lime street,crewe,Tuesday,anytime
1 days,manchester piccadilly,liverpool lime street,Wednesday,advance
0 days,london euston,manchester piccadilly,Tuesday,anytime
1 days,london kings cross,york,Wednesday,advance
1 days,manchester piccadilly,liverpool lime street,Wednesday,advance
1 days,manchester piccadilly,liverpool lime street,Wednesday,advance
1 days,manchester piccadilly,liverpool lime street,Wednesday,advance
1 days,london euston,birmingham new street,Wednesday,advance
1 days,manchester piccadilly,liverpool lime street,Wednesday,advance
1 days,london euston,birmingham new street,Wednesday,advance
0 days,manchester piccadilly,liverpool lime street,Tuesday,off-peak
1 days,london st pancras,leicester,Wednesday,advance
1 days,london euston,birmingham new street,Wednesday,advance
1 days,manchester piccadilly,liverpool lime street,Wednesday,advance
1 days,birmingham new street,manchester piccadilly,Wednesday,advance
1 days,london st pancras,leicester,Wednesday,advance
0 days,manchester piccadilly,liverpool lime street,Tuesday,off-peak
0 days,london kings cross,york,Tuesday,off-peak
1 days,liverpool lime street,sheffield,Wednesday,advance
1 days,liverpool lime street,london euston,Wednesday,advance
0 days,manchester piccadilly,liverpool lime street,Tuesday,anytime
0 days,london st pancras,leicester,Tuesday,anytime
0 days,london st pancras,leicester,Tuesday,anytime
1 days,birmingham new street,london euston,Wednesday,advance
1 days,manchester piccadilly,liverpool lime street,Wednesday,advance
1 days,manchester piccadilly,liverpool lime street,Wednesday,advance
1 days,manchester piccadilly,liverpool lime street,Wednesday,advance
1 days,london kings cross,york,Wednesday,advance
0 days,london paddington,reading,Tuesday,off-peak
0 days,manchester piccadilly,liverpool lime street,Tuesday,off-peak
1 days,london euston,birmingham new street,Wednesday,advance
0 days,london paddington,reading,Tuesday,off-peak
0 days,london paddington,reading,Tuesday,off-peak
1 days,reading,london paddington,Wednesday,advance
1 days,london euston,birmingham new street,Wednesday,advance
1 days,london st pancras,leicester,Wednesday,advance
1 days,london st pancras,leicester,Wednesday,advance
1 days,manchester piccadilly,liverpool lime street,Wednesday,advance
1 days,london st pancras,birmingham new street,Wednesday,advance
1 days,manchester piccadilly,liverpool lime street,Wednesday,advance
1 days,london euston,birmingham new street,Wednesday,advance
0 days,london euston,birmingham new street,Tuesday,off-peak
1 days,birmingham new street,york,Wednesday,advance
1 days,london kings cross,york,Wednesday,advance
0 days,london paddington,reading,Tuesday,off-peak
1 days,london euston,birmingham new street,Wednesday,advance
1 days,london paddington,reading,Wednesday,advance
1 days,liverpool lime street,crewe,Wednesday,advance
1 days,london st pancras,birmingham new street,Wednesday,advance
1 days,london st pancras,birmingham new street,Wednesday,advance
1 days,london st pancras,birmingham new street,Wednesday,advance
1 days,london st pancras,birmingham new street,Wednesday,advance
1 days,london st pancras,birmingham new street,Wednesday,advance
1 days,london st pancras,birmingham new street,Wednesday,advance
1 days,london paddington,reading,Wednesday,advance
1 days,reading,swindon,Wednesday,advance
1 days,london st pancras,birmingham new street,Wednesday,advance
1 days,london paddington,reading,Wednesday,advance
1 days,london st pancras,birmingham new street,Wednesday,advance
1 days,london st pancras,birmingham new street,Wednesday,advance
1 days,london kings cross,york,Wednesday,advance
1 days,london st pancras,birmingham new street,Wednesday,advance
0 days,london kings cross,york,Tuesday,off-peak
0 days,london kings cross,york,Tuesday,off-peak
1 days,manchester piccadilly,liverpool lime street,Wednesday,advance
0 days,london paddington,reading,Tuesday,off-peak
1 days,london euston,birmingham new street,Wednesday,advance
1 days,manchester piccadilly,liverpool lime street,Wednesday,advance
1 days,manchester piccadilly,liverpool lime street,Wednesday,advance
1 days,london euston,birmingham new street,Wednesday,advance
1 days,york,durham,Wednesday,advance
1 days,london euston,manchester piccadilly,Wednesday,advance
1 days,liverpool lime street,manchester piccadilly,Wednesday,advance
1 days,london euston,birmingham new street,Wednesday,advance
1 days,london euston,birmingham new street,Wednesday,advance
1 days,liverpool lime street,manchester piccadilly,Wednesday,advance
1 days,london euston,birmingham new street,Wednesday,advance
0 days,liverpool lime street,manchester piccadilly,Wednesday,off-peak
0 days,london euston,birmingham new street,Wednesday,off-peak
0 days,london paddington,reading,Wednesday,off-peak
0 days,liverpool lime street,manchester piccadilly,Wednesday,off-peak
1 days,london euston,manchester piccadilly,Thursday,advance
1 days,liverpool lime street,manchester piccadilly,Thursday,advance
0 days,london paddington,reading,Wednesday,off-peak
1 days,york,durham,Thursday,advance
1 days,london paddington,reading,Thursday,advance
1 days,york,durham,Thursday,advance
1 days,liverpool lime street,manchester piccadilly,Thursday,advance
1 days,liverpool lime street,manchester piccadilly,Thursday,advance
1 days,liverpool lime street,manchester piccadilly,Thursday,advance
1 days,london kings cross,york,Thursday,advance
1 days,london kings cross,york,Thursday,advance
1 days,london kings cross,york,Thursday,advance
1 days,london kings cross,york,Thursday,advance
0 days,liverpool lime street,manchester piccadilly,Wednesday,off-peak
1 days,liverpool lime street,manchester piccadilly,Thursday,advance
0 days,london st pancras,birmingham new street,Wednesday,off-peak
0 days,london kings cross,york,Wednesday,off-peak
1 days,liverpool lime street,leeds,Thursday,advance
0 days,manchester piccadilly,liverpool lime street,Wednesday,off-peak
1 days,liverpool lime street,manchester piccadilly,Thursday,advance
1 days,london st pancras,birmingham new street,Thursday,advance
1 days,manchester piccadilly,nottingham,Thursday,advance
1 days,london st pancras,birmingham new street,Thursday,advance
0 days,manchester piccadilly,liverpool lime street,Wednesday,off-peak
0 days,liverpool lime street,london euston,Wednesday,off-peak
1 days,manchester piccadilly,liverpool lime street,Thursday,advance
0 days,london kings cross,york,Wednesday,anytime
0 days,manchester piccadilly,liverpool lime street,Wednesday,anytime
0 days,london paddington,reading,Wednesday,anytime
0 days,manchester piccadilly,liverpool lime street,Wednesday,anytime
0 days,london kings cross,york,Wednesday,anytime
0 days,london paddington,reading,Wednesday,anytime
0 days,london paddington,reading,Wednesday,anytime
0 days,london paddington,reading,Wednesday,anytime
0 days,london euston,manchester piccadilly,Wednesday,anytime
1 days,manchester piccadilly,liverpool lime street,Thursday,advance
0 days,birmingham new street,stafford,Wednesday,anytime
0 days,birmingham new street,london st pancras,Wednesday,anytime
0 days,london st pancras,birmingham new street,Wednesday,anytime
0 days,london euston,manchester piccadilly,Wednesday,anytime
0 days,liverpool lime street,manchester piccadilly,Wednesday,anytime
0 days,london st pancras,birmingham new street,Wednesday,anytime
0 days,london kings cross,york,Wednesday,anytime
1 days,london kings cross,york,Thursday,advance
0 days,manchester piccadilly,liverpool lime street,Wednesday,anytime
0 days,birmingham new street,london st pancras,Wednesday,anytime
0 days,london kings cross,york,Wednesday,off-peak
1 days,london euston,birmingham new street,Thursday,advance
1 days,london euston,birmingham new street,Thursday,advance
1 days,manchester piccadilly,liverpool lime street,Thursday,advance
1 days,liverpool lime street,manchester piccadilly,Thursday,advance
0 days,london paddington,reading,Wednesday,anytime
1 days,manchester piccadilly,london paddington,Thursday,advance
0 days,york,peterborough,Wednesday,anytime
1 days,london st pancras,birmingham new street,Thursday,advance
0 days,london euston,manchester piccadilly,Wednesday,anytime
0 days,reading,oxford,Wednesday,anytime
1 days,london kings cross,york,Thursday,advance
0 days,london euston,manchester piccadilly,Wednesday,anytime
1 days,london kings cross,liverpool lime street,Thursday,advance
0 days,london euston,manchester piccadilly,Wednesday,anytime
0 days,liverpool lime street,london euston,Wednesday,anytime
0 days,liverpool lime street,london euston,Wednesday,anytime
0 days,manchester piccadilly,leeds,Wednesday,anytime
0 days,london st pancras,birmingham new street,Wednesday,anytime
0 days,manchester piccadilly,liverpool lime street,Wednesday,anytime
1 days,birmingham new street,london st pancras,Thursday,advance
0 days,manchester piccadilly,liverpool lime street,Wednesday,anytime
1 days,london euston,birmingham new street,Thursday,advance
0 days,london paddington,reading,Wednesday,anytime
0 days,london paddington,reading,Wednesday,anytime
0 days,london paddington,reading,Wednesday,anytime
0 days,london paddington,oxford,Wednesday,anytime
0 days,london kings cross,edinburgh waverley,Wednesday,anytime
0 days,manchester piccadilly,leeds,Wednesday,off-peak
0 days,london euston,birmingham new street,Wednesday,off-peak
1 days,london kings cross,york,Thursday,advance
1 days,manchester piccadilly,liverpool lime street,Thursday,advance
1 days,york,peterborough,Thursday,advance
0 days,manchester piccadilly,liverpool lime street,Wednesday,off-peak
1 days,london kings cross,york,Thursday,advance
1 days,london euston,birmingham new street,Thursday,advance
1 days,london euston,birmingham new street,Thursday,advance
1 days,birmingham new street,london st pancras,Thursday,advance
1 days,york,doncaster,Thursday,advance
1 days,london euston,manchester piccadilly,Thursday,advance
1 days,london euston,birmingham new street,Thursday,advance
1 days,london euston,birmingham new street,Thursday,advance
1 days,london euston,manchester piccadilly,Thursday,advance
1 days,london st pancras,birmingham new street,Thursday,advance
1 days,london paddington,oxford,Thursday,advance
1 days,liverpool lime street,manchester piccadilly,Thursday,advance
1 days,london kings cross,york,Thursday,advance
1 days,london paddington,reading,Thursday,advance
1 days,london paddington,oxford,Thursday,advance
1 days,london paddington,reading,Thursday,advance
1 days,liverpool lime street,manchester piccadilly,Thursday,advance
1 days,london paddington,oxford,Thursday,advance
1 days,london paddington,reading,Thursday,advance
1 days,london paddington,reading,Thursday,advance
1 days,london paddington,reading,Thursday,advance
1 days,london paddington,reading,Thursday,advance
1 days,birmingham new street,london st pancras,Thursday,advance
1 days,london kings cross,york,Thursday,advance
1 days,reading,swindon,Thursday,advance
1 days,london euston,birmingham new street,Thursday,advance
0 days,london euston,birmingham new street,Wednesday,off-peak
0 days,london euston,birmingham new street,Wednesday,off-peak
1 days,liverpool lime street,london euston,Thursday,advance
1 days,liverpool lime street,london euston,Thursday,advance
1 days,oxford,bristol temple meads,Thursday,advance
1 days,liverpool lime street,london euston,Thursday,advance
1 days,london euston,manchester piccadilly,Thursday,advance
1 days,liverpool lime street,london euston,Thursday,advance
1 days,liverpool lime street,london euston,Thursday,advance
1 days,reading,birmingham new street,Thursday,advance
1 days,liverpool lime street,london euston,Thursday,advance
1 days,manchester piccadilly,liverpool lime street,Thursday,advance
0 days,manchester piccadilly,liverpool lime street,Wednesday,off-peak
1 days,london euston,birmingham new street,Thursday,advance
0 days,manchester piccadilly,liverpool lime street,Wednesday,off-peak
1 days,london euston,birmingham new street,Thursday,advance
0 days,london paddington,reading,Wednesday,off-peak
1 days,london euston,birmingham new street,Thursday,advance
1 days,london paddington,reading,Thursday,advance
0 days,manchester piccadilly,liverpool lime street,Wednesday,off-peak
1 days,london st pancras,birmingham new street,Thursday,advance
0 days,london st pancras,birmingham new street,Wednesday,off-peak
0 days,liverpool lime street,manchester piccadilly,Wednesday,off-peak
1 days,manchester piccadilly,leeds,Thursday,advance
0 days,liverpool lime street,manchester piccadilly,Wednesday,off-peak
0 days,liverpool lime street,manchester piccadilly,Wednesday,off-peak
0 days,manchester piccadilly,liverpool lime street,Wednesday,off-peak
0 days,liverpool lime street,manchester piccadilly,Wednesday,off-peak
0 days,york,edinburgh,Wednesday,off-peak
1 days,manchester piccadilly,liverpool lime street,Thursday,advance
0 days,london euston,birmingham new street,Wednesday,off-peak
1 days,london paddington,reading,Thursday,advance
0 days,london st pancras,birmingham new street,Wednesday,off-peak
0 days,manchester piccadilly,liverpool lime street,Wednesday,off-peak
0 days,london paddington,reading,Wednesday,off-peak
0 days,manchester piccadilly,liverpool lime street,Wednesday,off-peak
0 days,manchester piccadilly,liverpool lime street,Wednesday,off-peak
0 days,manchester piccadilly,london paddington,Wednesday,off-peak
1 days,manchester piccadilly,liverpool lime street,Thursday,advance
1 days,manchester piccadilly,york,Thursday,advance
26 days,london st pancras,birmingham new street,Monday,advance
0 days,london kings cross,york,Wednesday,off-peak
1 days,manchester piccadilly,liverpool lime street,Thursday,advance
0 days,london paddington,reading,Wednesday,off-peak
0 days,london paddington,reading,Wednesday,off-peak
1 days,london st pancras,birmingham new street,Thursday,advance
0 days,london st pancras,birmingham new street,Wednesday,off-peak
0 days,london paddington,reading,Wednesday,off-peak
0 days,london kings cross,york,Wednesday,off-peak
0 days,manchester piccadilly,liverpool lime street,Wednesday,off-peak
0 days,london euston,birmingham new street,Wednesday,off-peak
1 days,london paddington,reading,Thursday,advance
1 days,london paddington,reading,Thursday,advance
0 days,london euston,birmingham new street,Wednesday,anytime
0 days,london euston,birmingham new street,Wednesday,anytime
0 days,london euston,birmingham new street,Wednesday,anytime
0 days,london euston,birmingham new street,Wednesday,anytime
0 days,manchester piccadilly,liverpool lime street,Wednesday,anytime
0 days,manchester piccadilly,liverpool lime street,Wednesday,anytime
0 days,london kings cross,york,Wednesday,anytime
1 days,london st pancras,birmingham new street,Thursday,advance
1 days,manchester piccadilly,liverpool lime street,Thursday,advance
1 days,manchester piccadilly,liverpool lime street,Thursday,advance
0 days,birmingham new street,stafford,Wednesday,anytime
0 days,london kings cross,york,Wednesday,anytime
0 days,edinburgh waverley,london kings cross,Wednesday,off-peak
0 days,london kings cross,york,Wednesday,anytime
1 days,london paddington,reading,Thursday,advance
0 days,london kings cross,york,Wednesday,anytime
0 days,london kings cross,york,Wednesday,anytime
0 days,london kings cross,york,Wednesday,anytime
1 days,london paddington,reading,Thursday,advance
1 days,oxford,bristol temple meads,Thursday,advance
0 days,london kings cross,york,Wednesday,anytime
0 days,london kings cross,york,Wednesday,anytime
0 days,london paddington,reading,Wednesday,anytime
0 days,liverpool lime street,manchester piccadilly,Wednesday,anytime
0 days,manchester piccadilly,liverpool lime street,Wednesday,anytime
0 days,manchester piccadilly,liverpool lime street,Wednesday,anytime
0 days,manchester piccadilly,liverpool lime street,Wednesday,anytime
0 days,manchester piccadilly,liverpool lime street,Wednesday,anytime
0 days,manchester piccadilly,liverpool lime street,Wednesday,anytime
0 days,london euston,manchester piccadilly,Wednesday,anytime
1 days,london paddington,reading,Thursday,advance
1 days,london paddington,reading,Thursday,advance
1 days,london st pancras,birmingham new street,Thursday,advance
0 days,london st pancras,birmingham new street,Wednesday,anytime
1 days,reading,london paddington,Thursday,advance
0 days,liverpool lime street,manchester piccadilly,Wednesday,anytime
1 days,london paddington,reading,Thursday,advance
0 days,birmingham new street,nuneaton,Wednesday,anytime
0 days,london st pancras,birmingham new street,Wednesday,anytime
0 days,liverpool lime street,crewe,Wednesday,anytime
1 days,liverpool lime street,manchester piccadilly,Thursday,advance
0 days,london euston,manchester piccadilly,Wednesday,anytime
1 days,london euston,birmingham new street,Thursday,advance
0 days,birmingham new street,tamworth,Wednesday,anytime
1 days,manchester piccadilly,liverpool lime street,Thursday,advance
1 days,london euston,birmingham new street,Thursday,advance
1 days,london euston,birmingham new street,Thursday,advance
1 days,london euston,birmingham new street,Thursday,advance
1 days,birmingham new street,manchester piccadilly,Thursday,advance
1 days,manchester piccadilly,liverpool lime street,Thursday,advance
1 days,london euston,birmingham new street,Thursday,advance
1 days,manchester piccadilly,london euston,Thursday,advance
0 days,london st pancras,leicester,Wednesday,anytime
1 days,london euston,birmingham new street,Thursday,advance
0 days,london st pancras,leicester,Wednesday,anytime
0 days,london st pancras,leicester,Wednesday,anytime
0 days,manchester piccadilly,liverpool lime street,Wednesday,anytime
0 days,london paddington,reading,Wednesday,off-peak
1 days,london st pancras,birmingham new street,Thursday,advance
0 days,manchester piccadilly,liverpool lime street,Wednesday,off-peak
0 days,london euston,manchester piccadilly,Wednesday,off-peak
0 days,birmingham new street,liverpool lime street,Wednesday,off-peak
0 days,london st pancras,birmingham new street,Wednesday,off-peak
0 days,birmingham new street,liverpool lime street,Wednesday,off-peak
0 days,london euston,birmingham new street,Wednesday,off-peak
1 days,london st pancras,birmingham new street,Thursday,advance
1 days,manchester piccadilly,liverpool lime street,Thursday,advance
1 days,london st pancras,leicester,Thursday,advance
0 days,london euston,birmingham new street,Wednesday,off-peak
1 days,london st pancras,leicester,Thursday,advance
1 days,manchester piccadilly,liverpool lime street,Thursday,advance
1 days,london st pancras,birmingham new street,Thursday,advance
1 days,manchester piccadilly,liverpool lime street,Thursday,advance
1 days,london euston,birmingham new street,Thursday,advance
1 days,manchester piccadilly,liverpool lime street,Thursday,advance
1 days,manchester piccadilly,liverpool lime street,Thursday,advance
1 days,london paddington,reading,Thursday,advance
1 days,london paddington,reading,Thursday,advance
1 days,london kings cross,york,Thursday,advance
0 days,london paddington,reading,Wednesday,off-peak
0 days,london euston,birmingham new street,Wednesday,off-peak
1 days,london st pancras,birmingham new street,Thursday,advance
1 days,manchester piccadilly,liverpool lime street,Thursday,advance
1 days,london st pancras,birmingham new street,Thursday,advance
1 days,birmingham new street,stafford,Thursday,advance
1 days,birmingham new street,tamworth,Thursday,advance
1 days,london kings cross,york,Thursday,advance
1 days,london st pancras,birmingham new street,Thursday,advance
1 days,london st pancras,birmingham new street,Thursday,advance
1 days,london st pancras,birmingham new street,Thursday,advance
1 days,london kings cross,york,Thursday,advance
1 days,london st pancras,birmingham new street,Thursday,advance
1 days,london st pancras,birmingham new street,Thursday,advance
1 days,london st pancras,birmingham new street,Thursday,advance
1 days,birmingham new street,wolverhampton,Thursday,advance
0 days,london st pancras,birmingham new street,Wednesday,off-peak
0 days,london euston,manchester piccadilly,Wednesday,off-peak
1 days,london kings cross,york,Thursday,advance
1 days,london kings cross,york,Thursday,advance
1 days,manchester piccadilly,liverpool lime street,Thursday,advance
1 days,manchester piccadilly,liverpool lime street,Thursday,advance
1 days,liverpool lime street,manchester piccadilly,Thursday,advance
1 days,london paddington,reading,Thursday,advance
1 days,london paddington,reading,Thursday,advance
1 days,liverpool lime street,manchester piccadilly,Thursday,advance
1 days,london euston,york,Thursday,advance
1 days,london euston,birmingham new street,Thursday,advance
1 days,london paddington,reading,Thursday,advance
1 days,london paddington,reading,Thursday,advance
1 days,london paddington,reading,Thursday,advance
1 days,london euston,manchester piccadilly,Thursday,advance
1 days,liverpool lime street,manchester piccadilly,Thursday,advance
1 days,london euston,birmingham new street,Thursday,advance
1 days,london euston,birmingham new street,Thursday,advance
1 days,london kings cross,york,Thursday,advance
1 days,london euston,birmingham new street,Thursday,advance
0 days,london euston,birmingham new street,Thursday,off-peak
0 days,london paddington,reading,Thursday,off-peak
0 days,liverpool lime street,manchester piccadilly,Thursday,off-peak
0 days,london kings cross,liverpool lime street,Thursday,off-peak
1 days,liverpool lime street,manchester piccadilly,Friday,advance
1 days,liverpool lime street,manchester piccadilly,Friday,advance
0 days,york,durham,Thursday,off-peak
0 days,london paddington,reading,Thursday,off-peak
0 days,manchester piccadilly,nottingham,Thursday,off-peak
0 days,manchester piccadilly,nottingham,Thursday,off-peak
0 days,london euston,birmingham new street,Thursday,off-peak
0 days,manchester piccadilly,liverpool lime street,Thursday,off-peak
0 days,london paddington,reading,Thursday,off-peak
1 days,london paddington,reading,Friday,advance
1 days,london euston,birmingham new street,Friday,advance
1 days,london euston,birmingham new street,Friday,advance
1 days,york,durham,Friday,advance
1 days,london paddington,reading,Friday,advance
0 days,manchester piccadilly,london euston,Thursday,off-peak
0 days,manchester piccadilly,london euston,Thursday,off-peak
0 days,london kings cross,york,Thursday,off-peak
0 days,london kings cross,york,Thursday,off-peak
0 days,london euston,birmingham new street,Thursday,off-peak
0 days,london st pancras,birmingham new street,Thursday,off-peak
1 days,london euston,birmingham new street,Friday,advance
0 days,birmingham new street,london st pancras,Thursday,off-peak
0 days,london st pancras,birmingham new street,Thursday,off-peak
0 days,london st pancras,birmingham new street,Thursday,off-peak
0 days,london st pancras,birmingham new street,Thursday,off-peak
1 days,london st pancras,birmingham new street,Friday,advance
0 days,london kings cross,york,Thursday,off-peak
0 days,london paddington,reading,Thursday,off-peak
1 days,london euston,birmingham new street,Friday,advance
1 days,manchester piccadilly,liverpool lime street,Friday,advance
0 days,liverpool lime street,london euston,Thursday,off-peak
0 days,london paddington,reading,Thursday,off-peak
0 days,liverpool lime street,manchester piccadilly,Thursday,anytime
0 days,liverpool lime street,manchester piccadilly,Thursday,anytime
0 days,london paddington,reading,Thursday,anytime
0 days,london kings cross,york,Thursday,anytime
0 days,london paddington,reading,Thursday,anytime
0 days,london paddington,reading,Thursday,anytime
0 days,birmingham new street,london st pancras,Thursday,anytime
0 days,manchester piccadilly,liverpool lime street,Thursday,anytime
0 days,birmingham new street,london st pancras,Thursday,anytime
0 days,london euston,birmingham new street,Thursday,anytime
0 days,liverpool lime street,manchester piccadilly,Thursday,anytime
0 days,liverpool lime street,manchester piccadilly,Thursday,anytime
0 days,liverpool lime street,manchester piccadilly,Thursday,anytime
1 days,london kings cross,york,Friday,advance
0 days,london kings cross,york,Thursday,off-peak
1 days,liverpool lime street,manchester piccadilly,Friday,advance
1 days,london euston,birmingham new street,Friday,advance
0 days,london euston,birmingham new street,Thursday,anytime
0 days,reading,swindon,Thursday,anytime
0 days,london kings cross,york,Thursday,anytime
0 days,reading,swindon,Thursday,anytime
0 days,london kings cross,york,Thursday,anytime
1 days,london paddington,reading,Friday,advance
1 days,london st pancras,birmingham new street,Friday,advance
1 days,liverpool lime street,manchester piccadilly,Friday,advance
0 days,liverpool lime street,london euston,Thursday,anytime
0 days,liverpool lime street,london euston,Thursday,anytime
0 days,london euston,manchester piccadilly,Thursday,anytime
0 days,manchester piccadilly,liverpool lime street,Thursday,anytime
1 days,london euston,manchester piccadilly,Friday,advance
1 days,liverpool lime street,manchester piccadilly,Friday,advance
1 days,london kings cross,york,Friday,advance
0 days,london euston,manchester piccadilly,Thursday,anytime
0 days,liverpool lime street,london euston,Thursday,anytime
0 days,liverpool lime street,london euston,Thursday,anytime
0 days,london paddington,reading,Thursday,anytime
0 days,liverpool lime street,london euston,Thursday,anytime
1 days,liverpool lime street,manchester piccadilly,Friday,advance
0 days,manchester piccadilly,sheffield,Thursday,anytime
0 days,london paddington,reading,Thursday,anytime
0 days,london paddington,oxford,Thursday,anytime
0 days,london kings cross,york,Thursday,anytime
0 days,london paddington,reading,Thursday,anytime
0 days,london kings cross,york,Thursday,anytime
0 days,london paddington,reading,Thursday,anytime
0 days,london euston,birmingham new street,Thursday,anytime
0 days,liverpool lime street,manchester piccadilly,Thursday,off-peak
0 days,london paddington,reading,Thursday,off-peak
1 days,manchester piccadilly,liverpool lime street,Friday,advance
0 days,manchester piccadilly,liverpool lime street,Thursday,off-peak
0 days,london kings cross,edinburgh waverley,Thursday,anytime
1 days,london kings cross,york,Friday,advance
1 days,reading,didcot,Friday,advance
1 days,london paddington,reading,Friday,advance
1 days,london kings cross,york,Friday,advance
1 days,london paddington,reading,Friday,advance
1 days,london euston,birmingham new street,Friday,advance
1 days,york,doncaster,Friday,advance
1 days,york,doncaster,Friday,advance
1 days,london euston,birmingham new street,Friday,advance
1 days,birmingham new street,nuneaton,Friday,advance
1 days,london paddington,reading,Friday,advance
1 days,liverpool lime street,manchester piccadilly,Friday,advance
1 days,london paddington,oxford,Friday,advance
1 days,liverpool lime street,manchester piccadilly,Friday,advance
1 days,london paddington,oxford,Friday,advance
1 days,london kings cross,york,Friday,advance
1 days,london paddington,oxford,Friday,advance
1 days,london paddington,reading,Friday,advance
1 days,london paddington,reading,Friday,advance
1 days,london paddington,reading,Friday,advance
1 days,london paddington,oxford,Friday,advance
25 days,london paddington,oxford,Monday,advance
1 days,oxford,bristol temple meads,Friday,advance
1 days,london paddington,reading,Friday,advance
1 days,liverpool lime street,manchester piccadilly,Friday,advance
0 days,manchester piccadilly,liverpool lime street,Thursday,off-peak
1 days,birmingham new street,london st pancras,Friday,advance
1 days,london kings cross,york,Friday,advance
1 days,liverpool lime street,manchester piccadilly,Friday,advance
1 days,york,peterborough,Friday,advance
1 days,london st pancras,birmingham new street,Friday,advance
0 days,liverpool lime street,manchester piccadilly,Thursday,off-peak
1 days,london kings cross,york,Friday,advance
1 days,london kings cross,york,Friday,advance
1 days,london euston,birmingham new street,Friday,advance
0 days,liverpool lime street,manchester piccadilly,Thursday,off-peak
1 days,reading,swindon,Friday,advance
1 days,reading,swindon,Friday,advance
0 days,london euston,birmingham new street,Thursday,off-peak
0 days,manchester piccadilly,sheffield,Thursday,off-peak
0 days,london euston,birmingham new street,Thursday,off-peak
0 days,manchester piccadilly,liverpool lime street,Thursday,off-peak
1 days,reading,oxford,Friday,advance
0 days,london paddington,liverpool lime street,Thursday,off-peak
1 days,london euston,manchester piccadilly,Friday,advance
1 days,london euston,manchester piccadilly,Friday,advance
0 days,manchester piccadilly,sheffield,Thursday,off-peak
0 days,london st pancras,birmingham new street,Thursday,off-peak
1 days,oxford,bristol temple meads,Friday,advance
1 days,liverpool lime street,london euston,Friday,advance
1 days,reading,oxford,Friday,advance
1 days,london st pancras,birmingham new street,Friday,advance
0 days,london euston,birmingham new street,Thursday,off-peak
1 days,london euston,manchester piccadilly,Friday,advance
1 days,manchester piccadilly,leeds,Friday,advance
0 days,london euston,birmingham new street,Thursday,off-peak
0 days,london euston,birmingham new street,Thursday,off-peak
1 days,manchester piccadilly,london euston,Friday,advance
0 days,london st pancras,birmingham new street,Thursday,off-peak
1 days,london paddington,reading,Friday,advance
0 days,manchester piccadilly,liverpool lime street,Thursday,off-peak
0 days,london st pancras,birmingham new street,Thursday,off-peak
1 days,london paddington,reading,Friday,advance
0 days,london paddington,reading,Thursday,off-peak
0 days,london paddington,reading,Thursday,off-peak
0 days,london kings cross,york,Thursday,off-peak
0 days,manchester piccadilly,liverpool lime street,Thursday,off-peak
0 days,london euston,birmingham new street,Thursday,off-peak
0 days,liverpool lime street,manchester piccadilly,Thursday,off-peak
1 days,liverpool lime street,manchester piccadilly,Friday,advance
0 days,manchester piccadilly,liverpool lime street,Thursday,off-peak
1 days,london euston,birmingham new street,Friday,advance
1 days,manchester piccadilly,york,Friday,advance
1 days,london st pancras,birmingham new street,Friday,advance
1 days,london paddington,liverpool lime street,Friday,advance
0 days,london paddington,manchester piccadilly,Thursday,off-peak
1 days,liverpool lime street,manchester piccadilly,Friday,advance
0 days,london paddington,reading,Thursday,off-peak
1 days,london kings cross,york,Friday,advance
1 days,london euston,birmingham new street,Friday,advance
1 days,london paddington,reading,Friday,advance
1 days,manchester piccadilly,liverpool lime street,Friday,advance
1 days,london kings cross,york,Friday,advance
1 days,london st pancras,birmingham new street,Friday,advance
1 days,london st pancras,birmingham new street,Friday,advance
0 days,london paddington,reading,Thursday,off-peak
0 days,london euston,birmingham new street,Thursday,off-peak
0 days,london euston,birmingham new street,Thursday,off-peak
1 days,london paddington,reading,Friday,advance
0 days,london kings cross,york,Thursday,off-peak
0 days,london euston,birmingham new street,Thursday,anytime
0 days,london euston,birmingham new street,Thursday,anytime
0 days,london euston,birmingham new street,Thursday,anytime
0 days,london euston,birmingham new street,Thursday,anytime
0 days,london euston,birmingham new street,Thursday,anytime
0 days,london euston,birmingham new street,Thursday,anytime
1 days,liverpool lime street,manchester piccadilly,Friday,advance
0 days,london euston,birmingham new street,Thursday,anytime
1 days,manchester piccadilly,liverpool lime street,Friday,advance
0 days,manchester piccadilly,liverpool lime street,Thursday,anytime
0 days,manchester piccadilly,liverpool lime street,Thursday,anytime
1 days,london paddington,reading,Friday,advance
0 days,london euston,birmingham new street,Thursday,anytime
0 days,london st pancras,leicester,Thursday,anytime
0 days,liverpool lime street,london euston,Thursday,off-peak
0 days,manchester piccadilly,liverpool lime street,Thursday,anytime
0 days,london kings cross,york,Thursday,anytime
1 days,manchester piccadilly,london paddington,Friday,advance
0 days,london kings cross,york,Thursday,anytime
1 days,liverpool lime street,manchester piccadilly,Friday,advance
0 days,london kings cross,york,Thursday,anytime
1 days,manchester piccadilly,london paddington,Friday,advance
1 days,london st pancras,birmingham new street,Friday,advance
0 days,london st pancras,birmingham new street,Thursday,anytime
1 days,london paddington,reading,Friday,advance
0 days,london euston,birmingham new street,Thursday,anytime
0 days,liverpool lime street,london euston,Thursday,anytime
0 days,london kings cross,york,Thursday,anytime
1 days,manchester piccadilly,london euston,Friday,advance
0 days,london euston,birmingham new street,Thursday,anytime
0 days,london euston,birmingham new street,Thursday,anytime
1 days,manchester piccadilly,liverpool lime street,Friday,advance
1 days,manchester piccadilly,liverpool lime street,Friday,advance
1 days,london paddington,reading,Friday,advance
0 days,london paddington,reading,Thursday,anytime
0 days,birmingham new street,york,Thursday,anytime
0 days,birmingham new street,tamworth,Thursday,anytime
0 days,london st pancras,birmingham new street,Thursday,anytime
0 days,london st pancras,birmingham new street,Thursday,anytime
0 days,london st pancras,birmingham new street,Thursday,anytime
0 days,birmingham new street,nuneaton,Thursday,anytime
0 days,london st pancras,birmingham new street,Thursday,anytime
0 days,birmingham new street,nuneaton,Thursday,anytime
0 days,london st pancras,birmingham new street,Thursday,anytime
0 days,birmingham new street,nuneaton,Thursday,anytime
1 days,london euston,birmingham new street,Friday,advance
1 days,london euston,birmingham new street,Friday,advance
1 days,london kings cross,york,Friday,advance
1 days,london euston,birmingham new street,Friday,advance
1 days,london euston,birmingham new street,Friday,advance
1 days,london euston,birmingham new street,Friday,advance
1 days,manchester piccadilly,liverpool lime street,Friday,advance
1 days,birmingham new street,manchester piccadilly,Friday,advance
1 days,manchester piccadilly,liverpool lime street,Friday,advance
1 days,london st pancras,leicester,Friday,advance
1 days,birmingham new street,manchester piccadilly,Friday,advance
1 days,manchester piccadilly,london euston,Friday,advance
1 days,liverpool lime street,london euston,Friday,advance
0 days,manchester piccadilly,liverpool lime street,Thursday,off-peak
0 days,liverpool lime street,manchester piccadilly,Thursday,off-peak
1 days,reading,london paddington,Friday,advance
0 days,birmingham new street,liverpool lime street,Thursday,off-peak
1 days,manchester piccadilly,liverpool lime street,Friday,advance
1 days,london euston,birmingham new street,Friday,advance
1 days,london euston,birmingham new street,Friday,advance
1 days,manchester piccadilly,liverpool lime street,Friday,advance
1 days,london st pancras,birmingham new street,Friday,advance
0 days,london paddington,reading,Thursday,off-peak
0 days,liverpool lime street,manchester piccadilly,Thursday,off-peak
1 days,london euston,birmingham new street,Friday,advance
0 days,london kings cross,york,Thursday,off-peak
1 days,london euston,manchester piccadilly,Friday,advance
1 days,london st pancras,birmingham new street,Friday,advance
1 days,london kings cross,york,Friday,advance
0 days,london euston,birmingham new street,Thursday,off-peak
1 days,birmingham new street,tamworth,Friday,advance
1 days,london st pancras,birmingham new street,Friday,advance
1 days,london kings cross,york,Friday,advance
1 days,birmingham new street,stafford,Friday,advance
1 days,london kings cross,york,Friday,advance
1 days,birmingham new street,stafford,Friday,advance
0 days,london st pancras,birmingham new street,Thursday,off-peak
0 days,london euston,manchester piccadilly,Thursday,off-peak
1 days,manchester piccadilly,liverpool lime street,Friday,advance
1 days,london euston,birmingham new street,Friday,advance
1 days,london paddington,reading,Friday,advance
1 days,london paddington,reading,Friday,advance
1 days,liverpool lime street,manchester piccadilly,Friday,advance
1 days,london euston,manchester piccadilly,Friday,advance
1 days,manchester piccadilly,liverpool lime street,Friday,advance
1 days,manchester piccadilly,liverpool lime street,Friday,advance
1 days,manchester piccadilly,liverpool lime street,Friday,advance
1 days,liverpool lime street,manchester piccadilly,Friday,advance
1 days,manchester piccadilly,liverpool lime street,Friday,advance
1 days,manchester piccadilly,liverpool lime street,Friday,advance
1 days,london euston,birmingham new street,Friday,advance
1 days,liverpool lime street,manchester piccadilly,Friday,advance
1 days,london paddington,reading,Friday,advance
1 days,liverpool lime street,manchester piccadilly,Friday,advance
1 days,london paddington,reading,Friday,advance
1 days,london paddington,reading,Friday,advance
1 days,liverpool lime street,manchester piccadilly,Friday,advance
1 days,london euston,birmingham new street,Friday,advance
1 days,manchester piccadilly,liverpool lime street,Friday,advance
1 days,london euston,birmingham new street,Friday,advance
0 days,liverpool lime street,manchester piccadilly,Friday,off-peak
1 days,liverpool lime street,manchester piccadilly,Saturday,advance
0 days,manchester piccadilly,london euston,Friday,off-peak
1 days,london euston,manchester piccadilly,Saturday,advance
0 days,manchester piccadilly,london paddington,Friday,off-peak
0 days,liverpool lime street,manchester piccadilly,Friday,off-peak
0 days,liverpool lime street,manchester piccadilly,Friday,off-peak
0 days,london euston,birmingham new street,Friday,off-peak
0 days,liverpool lime street,manchester piccadilly,Friday,off-peak
0 days,london euston,birmingham new street,Friday,off-peak
1 days,manchester piccadilly,london paddington,Saturday,advance
0 days,london paddington,reading,Friday,off-peak
0 days,york,durham,Friday,off-peak
0 days,london kings cross,york,Friday,off-peak
1 days,london paddington,reading,Saturday,advance
0 days,london paddington,reading,Friday,off-peak
0 days,york,durham,Friday,off-peak
1 days,manchester piccadilly,liverpool lime street,Saturday,advance
1 days,liverpool lime street,manchester piccadilly,Saturday,advance
1 days,manchester piccadilly,liverpool lime street,Saturday,advance
1 days,manchester piccadilly,liverpool lime street,Saturday,advance
1 days,liverpool lime street,manchester piccadilly,Saturday,advance
1 days,london paddington,reading,Saturday,advance
1 days,liverpool lime street,manchester piccadilly,Saturday,advance
0 days,manchester piccadilly,liverpool lime street,Friday,off-peak
0 days,london euston,birmingham new street,Friday,off-peak
0 days,liverpool lime street,manchester piccadilly,Friday,off-peak
1 days,liverpool lime street,manchester piccadilly,Saturday,advance
0 days,london euston,birmingham new street,Friday,off-peak
0 days,birmingham new street,london st pancras,Friday,off-peak
0 days,birmingham new street,london st pancras,Friday,off-peak
1 days,london st pancras,birmingham new street,Saturday,advance
0 days,liverpool lime street,london euston,Friday,off-peak
1 days,manchester piccadilly,nottingham,Saturday,advance
0 days,london kings cross,york,Friday,off-peak
0 days,liverpool lime street,manchester piccadilly,Friday,anytime
0 days,liverpool lime street,manchester piccadilly,Friday,anytime
0 days,london kings cross,york,Friday,anytime
0 days,london paddington,reading,Friday,anytime
0 days,manchester piccadilly,liverpool lime street,Friday,anytime
0 days,manchester piccadilly,liverpool lime street,Friday,anytime
0 days,london euston,birmingham new street,Friday,anytime
1 days,london kings cross,york,Saturday,advance
0 days,york,doncaster,Friday,anytime
0 days,birmingham new street,london st pancras,Friday,anytime
0 days,birmingham new street,london st pancras,Friday,anytime
0 days,birmingham new street,london st pancras,Friday,anytime
0 days,london st pancras,birmingham new street,Friday,anytime
0 days,birmingham new street,london st pancras,Friday,anytime
1 days,london euston,birmingham new street,Saturday,advance
1 days,london kings cross,york,Saturday,advance
0 days,london kings cross,york,Friday,anytime
0 days,london kings cross,york,Friday,anytime
0 days,oxford,bristol temple meads,Friday,anytime
1 days,london euston,birmingham new street,Saturday,advance
1 days,liverpool lime street,manchester piccadilly,Saturday,advance
1 days,london euston,birmingham new street,Saturday,advance
1 days,london euston,birmingham new street,Saturday,advance
1 days,london kings cross,york,Saturday,advance
1 days,london st pancras,birmingham new street,Saturday,advance
1 days,london st pancras,birmingham new street,Saturday,advance
0 days,york,peterborough,Friday,anytime
1 days,london kings cross,york,Saturday,advance
0 days,liverpool lime street,london euston,Friday,anytime
0 days,london euston,manchester piccadilly,Friday,anytime
0 days,london st pancras,birmingham new street,Friday,anytime
0 days,liverpool lime street,london euston,Friday,anytime
0 days,london euston,manchester piccadilly,Friday,anytime
0 days,liverpool lime street,london euston,Friday,anytime
0 days,liverpool lime street,london euston,Friday,anytime
0 days,london euston,birmingham new street,Friday,anytime
0 days,manchester piccadilly,liverpool lime street,Friday,anytime
0 days,york,liverpool lime street,Friday,anytime
1 days,birmingham new street,london st pancras,Saturday,advance
0 days,london paddington,reading,Friday,anytime
0 days,london paddington,oxford,Friday,anytime
0 days,manchester piccadilly,leeds,Friday,off-peak
0 days,london paddington,reading,Friday,off-peak
1 days,manchester piccadilly,liverpool lime street,Saturday,advance
1 days,manchester piccadilly,liverpool lime street,Saturday,advance
1 days,manchester piccadilly,liverpool lime street,Saturday,advance
1 days,manchester piccadilly,liverpool lime street,Saturday,advance
1 days,manchester piccadilly,liverpool lime street,Saturday,advance
1 days,manchester piccadilly,liverpool lime street,Saturday,advance
1 days,york,doncaster,Saturday,advance
1 days,london euston,birmingham new street,Saturday,advance
1 days,london euston,manchester piccadilly,Saturday,advance
1 days,manchester piccadilly,liverpool lime street,Saturday,advance
0 days,manchester piccadilly,liverpool lime street,Friday,off-peak
1 days,manchester piccadilly,liverpool lime street,Saturday,advance
1 days,london euston,birmingham new street,Saturday,advance
1 days,london paddington,oxford,Saturday,advance
1 days,london paddington,reading,Saturday,advance
1 days,liverpool lime street,manchester piccadilly,Saturday,advance
1 days,london paddington,reading,Saturday,advance
0 days,london euston,birmingham new street,Friday,off-peak
1 days,liverpool lime street,manchester piccadilly,Saturday,advance
1 days,london paddington,reading,Saturday,advance
0 days,manchester piccadilly,liverpool lime street,Friday,off-peak
1 days,london kings cross,york,Saturday,advance
1 days,liverpool lime street,manchester piccadilly,Saturday,advance
1 days,manchester piccadilly,london paddington,Saturday,advance
0 days,manchester piccadilly,liverpool lime street,Friday,off-peak
1 days,reading,birmingham new street,Saturday,advance
0 days,manchester piccadilly,liverpool lime street,Friday,off-peak
1 days,reading,oxford,Saturday,advance
1 days,liverpool lime street,london euston,Saturday,advance
1 days,birmingham new street,london euston,Saturday,advance
1 days,liverpool lime street,london euston,Saturday,advance
1 days,manchester piccadilly,london euston,Saturday,advance
0 days,birmingham new street,liverpool lime street,Friday,off-peak
1 days,london kings cross,liverpool lime street,Saturday,advance
1 days,manchester piccadilly,liverpool lime street,Saturday,advance
1 days,london paddington,reading,Saturday,advance
0 days,london paddington,reading,Friday,off-peak
0 days,london st pancras,birmingham new street,Friday,off-peak
1 days,london paddington,reading,Saturday,advance
0 days,liverpool lime street,manchester piccadilly,Friday,off-peak
0 days,liverpool lime street,manchester piccadilly,Friday,off-peak
0 days,birmingham new street,manchester piccadilly,Friday,off-peak
1 days,manchester piccadilly,liverpool lime street,Saturday,advance
1 days,manchester piccadilly,liverpool lime street,Saturday,advance
0 days,liverpool lime street,manchester piccadilly,Friday,off-peak
0 days,london euston,birmingham new street,Friday,off-peak
1 days,birmingham new street,manchester piccadilly,Saturday,advance
0 days,london euston,birmingham new street,Friday,off-peak
0 days,manchester piccadilly,liverpool lime street,Friday,off-peak
0 days,reading,london paddington,Friday,off-peak
1 days,london st pancras,birmingham new street,Saturday,advance
1 days,manchester piccadilly,liverpool lime street,Saturday,advance
1 days,manchester piccadilly,liverpool lime street,Saturday,advance
1 days,london st pancras,birmingham new street,Saturday,advance
0 days,manchester piccadilly,liverpool lime street,Friday,off-peak
1 days,manchester piccadilly,liverpool lime street,Saturday,advance
0 days,london paddington,reading,Friday,off-peak
1 days,london st pancras,birmingham new street,Saturday,advance
1 days,london euston,birmingham new street,Saturday,advance
1 days,london st pancras,birmingham new street,Saturday,advance
1 days,london st pancras,birmingham new street,Saturday,advance
0 days,london paddington,reading,Friday,off-peak
1 days,liverpool lime street,manchester piccadilly,Saturday,advance
0 days,london paddington,reading,Friday,off-peak
0 days,london paddington,reading,Friday,off-peak
0 days,london kings cross,york,Friday,off-peak
1 days,london kings cross,york,Saturday,advance
1 days,london euston,birmingham new street,Saturday,advance
0 days,london euston,birmingham new street,Friday,off-peak
0 days,manchester piccadilly,liverpool lime street,Friday,off-peak
1 days,london paddington,reading,Saturday,advance
1 days,london kings cross,york,Saturday,advance
0 days,london euston,birmingham new street,Friday,anytime
0 days,london euston,birmingham new street,Friday,anytime
0 days,london euston,birmingham new street,Friday,anytime
1 days,london kings cross,york,Saturday,advance
1 days,london st pancras,birmingham new street,Saturday,advance
0 days,birmingham new street,manchester piccadilly,Friday,anytime
1 days,london euston,birmingham new street,Saturday,advance
0 days,manchester piccadilly,liverpool lime street,Friday,anytime
1 days,london euston,birmingham new street,Saturday,advance
1 days,london kings cross,york,Saturday,advance
0 days,london kings cross,liverpool lime street,Friday,anytime
0 days,birmingham new street,manchester piccadilly,Friday,anytime
0 days,manchester piccadilly,liverpool lime street,Friday,anytime
1 days,manchester piccadilly,liverpool lime street,Saturday,advance
0 days,manchester piccadilly,liverpool lime street,Friday,anytime
0 days,manchester piccadilly,london euston,Friday,off-peak
0 days,birmingham new street,liverpool lime street,Friday,anytime
1 days,manchester piccadilly,liverpool lime street,Saturday,advance
0 days,london kings cross,york,Friday,anytime
1 days,london st pancras,birmingham new street,Saturday,advance
0 days,london kings cross,york,Friday,anytime
0 days,london kings cross,york,Friday,anytime
0 days,reading,swindon,Friday,anytime
0 days,birmingham new street,stafford,Friday,anytime
0 days,london kings cross,york,Friday,anytime
1 days,london paddington,reading,Saturday,advance
1 days,manchester piccadilly,london paddington,Saturday,advance
0 days,london paddington,reading,Friday,anytime
0 days,london st pancras,birmingham new street,Friday,anytime
0 days,london st pancras,birmingham new street,Friday,anytime
0 days,london euston,birmingham new street,Friday,anytime
0 days,liverpool lime street,manchester piccadilly,Friday,anytime
0 days,liverpool lime street,manchester piccadilly,Friday,anytime
1 days,manchester piccadilly,liverpool lime street,Saturday,advance
0 days,london kings cross,york,Friday,anytime
0 days,liverpool lime street,manchester piccadilly,Friday,anytime
1 days,london euston,birmingham new street,Saturday,advance
0 days,london kings cross,york,Friday,anytime
0 days,liverpool lime street,manchester piccadilly,Friday,anytime
0 days,london kings cross,york,Friday,anytime
0 days,manchester piccadilly,liverpool lime street,Friday,anytime
1 days,london paddington,reading,Saturday,advance
0 days,manchester piccadilly,liverpool lime street,Friday,anytime
0 days,manchester piccadilly,liverpool lime street,Friday,anytime
0 days,manchester piccadilly,liverpool lime street,Friday,anytime
0 days,manchester piccadilly,liverpool lime street,Friday,anytime
0 days,reading,swindon,Friday,anytime
1 days,liverpool lime street,manchester piccadilly,Saturday,advance
0 days,london st pancras,birmingham new street,Friday,anytime
0 days,london paddington,reading,Friday,anytime
1 days,london paddington,reading,Saturday,advance
0 days,london euston,manchester piccadilly,Friday,anytime
0 days,london paddington,reading,Friday,anytime
0 days,liverpool lime street,manchester piccadilly,Friday,anytime
0 days,liverpool lime street,manchester piccadilly,Friday,anytime
0 days,birmingham new street,tamworth,Friday,anytime
1 days,manchester piccadilly,liverpool lime street,Saturday,advance
0 days,london st pancras,birmingham new street,Friday,anytime
0 days,birmingham new street,tamworth,Friday,anytime
0 days,birmingham new street,nuneaton,Friday,anytime
0 days,birmingham new street,stafford,Friday,anytime
0 days,london st pancras,birmingham new street,Friday,anytime
0 days,london st pancras,birmingham new street,Friday,anytime
0 days,manchester piccadilly,liverpool lime street,Friday,anytime
1 days,london kings cross,york,Saturday,advance
1 days,london euston,birmingham new street,Saturday,advance
1 days,london euston,birmingham new street,Saturday,advance
1 days,manchester piccadilly,liverpool lime street,Saturday,advance
1 days,london euston,birmingham new street,Saturday,advance
1 days,london st pancras,leicester,Saturday,advance
1 days,london euston,birmingham new street,Saturday,advance
1 days,london euston,birmingham new street,Saturday,advance
1 days,liverpool lime street,leeds,Saturday,advance
0 days,london st pancras,leicester,Friday,anytime
0 days,manchester piccadilly,liverpool lime street,Friday,anytime
0 days,london paddington,reading,Friday,off-peak
0 days,london st pancras,birmingham new street,Friday,off-peak
1 days,london kings cross,york,Saturday,advance
1 days,london kings cross,york,Saturday,advance
0 days,liverpool lime street,manchester piccadilly,Friday,off-peak
0 days,manchester piccadilly,liverpool lime street,Friday,off-peak
1 days,london kings cross,york,Saturday,advance
1 days,manchester piccadilly,liverpool lime street,Saturday,advance
1 days,london st pancras,leicester,Saturday,advance
1 days,manchester piccadilly,liverpool lime street,Saturday,advance
1 days,birmingham new street,tamworth,Saturday,advance
1 days,manchester piccadilly,liverpool lime street,Saturday,advance
1 days,manchester piccadilly,liverpool lime street,Saturday,advance
1 days,london st pancras,birmingham new street,Saturday,advance
1 days,reading,birmingham new street,Saturday,advance
1 days,london st pancras,birmingham new street,Saturday,advance
1 days,london st pancras,birmingham new street,Saturday,advance
1 days,london st pancras,birmingham new street,Saturday,advance
1 days,birmingham new street,tamworth,Saturday,advance
1 days,london st pancras,birmingham new street,Saturday,advance
1 days,birmingham new street,nuneaton,Saturday,advance
1 days,london paddington,reading,Saturday,advance
1 days,birmingham new street,nuneaton,Saturday,advance
1 days,london paddington,reading,Saturday,advance
1 days,manchester piccadilly,liverpool lime street,Saturday,advance
1 days,liverpool lime street,crewe,Saturday,advance
1 days,birmingham new street,stafford,Saturday,advance
1 days,london kings cross,york,Saturday,advance
1 days,london kings cross,york,Saturday,advance
1 days,london kings cross,york,Saturday,advance
0 days,london kings cross,york,Friday,off-peak
0 days,london kings cross,york,Friday,off-peak
1 days,manchester piccadilly,liverpool lime street,Saturday,advance
1 days,liverpool lime street,manchester piccadilly,Saturday,advance
1 days,london st pancras,birmingham new street,Saturday,advance
1 days,london paddington,reading,Saturday,advance
1 days,london euston,birmingham new street,Saturday,advance
1 days,manchester piccadilly,liverpool lime street,Saturday,advance
1 days,london st pancras,birmingham new street,Saturday,advance
1 days,birmingham new street,liverpool lime street,Saturday,advance
1 days,liverpool lime street,manchester piccadilly,Saturday,advance
1 days,london kings cross,york,Saturday,advance
1 days,london kings cross,york,Saturday,advance
1 days,london euston,manchester piccadilly,Saturday,advance
0 days,london paddington,reading,Saturday,off-peak
0 days,liverpool lime street,manchester piccadilly,Saturday,off-peak
0 days,london euston,birmingham new street,Saturday,off-peak
0 days,london euston,oxford,Saturday,off-peak
0 days,liverpool lime street,manchester piccadilly,Saturday,off-peak
0 days,london euston,birmingham new street,Saturday,off-peak
0 days,london st pancras,birmingham new street,Saturday,off-peak
0 days,london kings cross,liverpool lime street,Saturday,off-peak
2 days,london kings cross,edinburgh waverley,Monday,advance
0 days,london euston,birmingham new street,Saturday,off-peak
0 days,liverpool lime street,manchester piccadilly,Saturday,off-peak
0 days,london euston,birmingham new street,Saturday,off-peak
0 days,london euston,birmingham new street,Saturday,off-peak
0 days,london paddington,reading,Saturday,off-peak
1 days,london kings cross,york,Sunday,advance
0 days,manchester piccadilly,london euston,Saturday,off-peak
0 days,london kings cross,york,Saturday,off-peak
1 days,london kings cross,york,Sunday,advance
0 days,manchester piccadilly,liverpool lime street,Saturday,off-peak
0 days,london euston,birmingham new street,Saturday,off-peak
0 days,london st pancras,birmingham new street,Saturday,off-peak
1 days,manchester piccadilly,london paddington,Sunday,advance
0 days,london euston,manchester piccadilly,Saturday,off-peak
1 days,manchester piccadilly,nottingham,Sunday,advance
0 days,manchester piccadilly,sheffield,Saturday,off-peak
0 days,london kings cross,york,Saturday,off-peak
1 days,london euston,birmingham new street,Sunday,advance
0 days,birmingham new street,london st pancras,Saturday,off-peak
1 days,london kings cross,york,Sunday,advance
0 days,manchester piccadilly,liverpool lime street,Saturday,off-peak
0 days,london kings cross,york,Saturday,off-peak
0 days,manchester piccadilly,liverpool lime street,Saturday,off-peak
0 days,york,peterborough,Saturday,off-peak
0 days,manchester piccadilly,liverpool lime street,Saturday,off-peak
0 days,birmingham new street,london st pancras,Saturday,off-peak
0 days,london euston,birmingham new street,Saturday,off-peak
0 days,london kings cross,york,Saturday,off-peak
0 days,london euston,manchester piccadilly,Saturday,off-peak
0 days,london st pancras,birmingham new street,Saturday,off-peak
0 days,london euston,birmingham new street,Saturday,off-peak
0 days,london st pancras,birmingham new street,Saturday,off-peak
0 days,london paddington,reading,Saturday,off-peak
0 days,london st pancras,birmingham new street,Saturday,off-peak
0 days,london paddington,reading,Saturday,off-peak
0 days,liverpool lime street,manchester piccadilly,Saturday,off-peak
1 days,manchester piccadilly,liverpool lime street,Sunday,advance
0 days,bristol temple meads,cardiff central,Saturday,off-peak
0 days,york,peterborough,Saturday,off-peak
0 days,liverpool lime street,crewe,Saturday,off-peak
0 days,reading,swindon,Saturday,off-peak
0 days,london kings cross,york,Saturday,off-peak
0 days,york,doncaster,Saturday,off-peak
1 days,london st pancras,birmingham new street,Sunday,advance
0 days,london kings cross,york,Saturday,off-peak
0 days,london euston,birmingham new street,Saturday,off-peak
1 days,manchester piccadilly,liverpool lime street,Sunday,advance
0 days,liverpool lime street,london euston,Saturday,off-peak
0 days,liverpool lime street,london euston,Saturday,off-peak
0 days,birmingham new street,london euston,Saturday,off-peak
0 days,liverpool lime street,london euston,Saturday,off-peak
0 days,london paddington,reading,Saturday,off-peak
0 days,london st pancras,birmingham new street,Saturday,off-peak
1 days,manchester piccadilly,liverpool lime street,Sunday,advance
1 days,london kings cross,york,Sunday,advance
0 days,manchester piccadilly,sheffield,Saturday,off-peak
0 days,london euston,birmingham new street,Saturday,off-peak
0 days,london paddington,reading,Saturday,off-peak
0 days,london paddington,reading,Saturday,off-peak
0 days,london paddington,reading,Saturday,off-peak
0 days,london paddington,reading,Saturday,off-peak
0 days,london paddington,oxford,Saturday,off-peak
0 days,london paddington,oxford,Saturday,off-peak
1 days,london paddington,reading,Sunday,advance
0 days,london paddington,reading,Saturday,off-peak
0 days,london paddington,reading,Saturday,off-peak
0 days,london kings cross,york,Saturday,off-peak
0 days,london paddington,reading,Saturday,off-peak
0 days,manchester piccadilly,liverpool lime street,Saturday,off-peak
0 days,manchester piccadilly,liverpool lime street,Saturday,off-peak
0 days,liverpool lime street,manchester piccadilly,Saturday,off-peak
0 days,manchester piccadilly,liverpool lime street,Saturday,off-peak
1 days,london kings cross,york,Sunday,advance
0 days,manchester piccadilly,liverpool lime street,Saturday,off-peak
1 days,london paddington,reading,Sunday,advance
1 days,york,doncaster,Sunday,advance
1 days,birmingham new street,london paddington,Sunday,advance
1 days,york,doncaster,Sunday,advance
1 days,london euston,birmingham new street,Sunday,advance
1 days,birmingham new street,london st pancras,Sunday,advance
1 days,london euston,birmingham new street,Sunday,advance
1 days,birmingham new street,london st pancras,Sunday,advance
1 days,york,doncaster,Sunday,advance
1 days,london paddington,oxford,Sunday,advance
1 days,london paddington,reading,Sunday,advance
1 days,london paddington,reading,Sunday,advance
1 days,london paddington,oxford,Sunday,advance
1 days,london paddington,oxford,Sunday,advance
1 days,london paddington,reading,Sunday,advance
1 days,london paddington,reading,Sunday,advance
0 days,london kings cross,york,Saturday,off-peak
1 days,liverpool lime street,manchester piccadilly,Sunday,advance
1 days,reading,swindon,Sunday,advance
0 days,liverpool lime street,manchester piccadilly,Saturday,off-peak
1 days,london paddington,manchester piccadilly,Sunday,advance
0 days,manchester piccadilly,liverpool lime street,Saturday,off-peak
1 days,london paddington,manchester piccadilly,Sunday,advance
1 days,liverpool lime street,manchester piccadilly,Sunday,advance
1 days,london kings cross,york,Sunday,advance
0 days,manchester piccadilly,sheffield,Saturday,off-peak
1 days,manchester piccadilly,london paddington,Sunday,advance
1 days,london st pancras,birmingham new street,Sunday,advance
0 days,london euston,birmingham new street,Saturday,off-peak
0 days,london st pancras,birmingham new street,Saturday,off-peak
0 days,manchester piccadilly,sheffield,Saturday,off-peak
1 days,liverpool lime street,london euston,Sunday,advance
1 days,manchester piccadilly,london euston,Sunday,advance
1 days,liverpool lime street,london euston,Sunday,advance
1 days,london paddington,reading,Sunday,advance
1 days,london paddington,reading,Sunday,advance
0 days,manchester piccadilly,liverpool lime street,Saturday,off-peak
1 days,london euston,birmingham new street,Sunday,advance
0 days,london paddington,reading,Saturday,off-peak
1 days,london paddington,reading,Sunday,advance
0 days,liverpool lime street,manchester piccadilly,Saturday,off-peak
1 days,london paddington,reading,Sunday,advance
1 days,london paddington,reading,Sunday,advance
0 days,birmingham new street,manchester piccadilly,Saturday,off-peak
0 days,birmingham new street,manchester piccadilly,Saturday,off-peak
1 days,manchester piccadilly,liverpool lime street,Sunday,advance
1 days,manchester piccadilly,liverpool lime street,Sunday,advance
0 days,london euston,birmingham new street,Saturday,off-peak
0 days,manchester piccadilly,liverpool lime street,Saturday,off-peak
0 days,london st pancras,birmingham new street,Saturday,off-peak
1 days,london euston,birmingham new street,Sunday,advance
1 days,manchester piccadilly,liverpool lime street,Sunday,advance
0 days,york,edinburgh,Saturday,off-peak
0 days,london paddington,reading,Saturday,off-peak
1 days,london st pancras,birmingham new street,Sunday,advance
1 days,manchester piccadilly,liverpool lime street,Sunday,advance
1 days,manchester piccadilly,liverpool lime street,Sunday,advance
1 days,liverpool lime street,manchester piccadilly,Sunday,advance
1 days,manchester piccadilly,york,Sunday,advance
0 days,london kings cross,york,Saturday,off-peak
0 days,manchester piccadilly,liverpool lime street,Saturday,off-peak
1 days,london euston,birmingham new street,Sunday,advance
1 days,london st pancras,birmingham new street,Sunday,advance
0 days,london kings cross,york,Saturday,off-peak
1 days,manchester piccadilly,liverpool lime street,Sunday,advance
0 days,london st pancras,birmingham new street,Saturday,off-peak
0 days,london euston,birmingham new street,Saturday,off-peak
0 days,reading,london paddington,Saturday,off-peak
0 days,reading,london paddington,Saturday,off-peak
1 days,london paddington,reading,Sunday,advance
1 days,london paddington,reading,Sunday,advance
0 days,manchester piccadilly,liverpool lime street,Saturday,off-peak
1 days,london paddington,reading,Sunday,advance
0 days,london euston,birmingham new street,Saturday,off-peak
1 days,liverpool lime street,manchester piccadilly,Sunday,advance
1 days,manchester piccadilly,liverpool lime street,Sunday,advance
0 days,london euston,birmingham new street,Saturday,off-peak
1 days,london st pancras,birmingham new street,Sunday,advance
1 days,manchester piccadilly,liverpool lime street,Sunday,advance
1 days,london euston,birmingham new street,Sunday,advance
0 days,london kings cross,york,Saturday,off-peak
0 days,birmingham new street,stafford,Saturday,off-peak
0 days,london kings cross,york,Saturday,off-peak
0 days,london euston,birmingham new street,Saturday,off-peak
1 days,london paddington,reading,Sunday,advance
0 days,manchester piccadilly,liverpool lime street,Saturday,off-peak
0 days,london kings cross,york,Saturday,off-peak
0 days,london kings cross,york,Saturday,off-peak
0 days,london kings cross,york,Saturday,off-peak
0 days,london euston,birmingham new street,Saturday,off-peak
0 days,manchester piccadilly,liverpool lime street,Saturday,off-peak
0 days,london euston,birmingham new street,Saturday,off-peak
1 days,liverpool lime street,manchester piccadilly,Sunday,advance
1 days,london kings cross,york,Sunday,advance
1 days,birmingham new street,reading,Sunday,advance
0 days,liverpool lime street,london euston,Saturday,off-peak
0 days,birmingham new street,liverpool lime street,Saturday,off-peak
0 days,liverpool lime street,manchester piccadilly,Saturday,off-peak
0 days,manchester piccadilly,london euston,Saturday,off-peak
0 days,birmingham new street,york,Saturday,off-peak
1 days,london paddington,reading,Sunday,advance
0 days,london st pancras,birmingham new street,Saturday,off-peak
0 days,birmingham new street,nuneaton,Saturday,off-peak
1 days,london euston,birmingham new street,Sunday,advance
0 days,london st pancras,birmingham new street,Saturday,off-peak
0 days,london st pancras,birmingham new street,Saturday,off-peak
0 days,london st pancras,birmingham new street,Saturday,off-peak
0 days,london paddington,reading,Saturday,off-peak
0 days,london st pancras,birmingham new street,Saturday,off-peak
1 days,london euston,birmingham new street,Sunday,advance
0 days,london st pancras,birmingham new street,Saturday,off-peak
1 days,london st pancras,birmingham new street,Sunday,advance
0 days,london st pancras,birmingham new street,Saturday,off-peak
1 days,york,peterborough,Sunday,advance
1 days,london kings cross,york,Sunday,advance
23 days,manchester piccadilly,liverpool lime street,Monday,advance
1 days,manchester piccadilly,liverpool lime street,Sunday,advance
0 days,manchester piccadilly,liverpool lime street,Saturday,off-peak
1 days,birmingham new street,manchester piccadilly,Sunday,advance
1 days,birmingham new street,manchester piccadilly,Sunday,advance
1 days,london kings cross,york,Sunday,advance
0 days,london st pancras,leicester,Saturday,off-peak
1 days,liverpool lime street,sheffield,Sunday,advance
0 days,london st pancras,leicester,Saturday,off-peak
0 days,manchester piccadilly,liverpool lime street,Saturday,off-peak
0 days,london paddington,reading,Saturday,off-peak
1 days,london kings cross,york,Sunday,advance
0 days,london euston,manchester piccadilly,Saturday,off-peak
0 days,manchester piccadilly,liverpool lime street,Saturday,off-peak
0 days,london euston,birmingham new street,Saturday,off-peak
0 days,manchester piccadilly,liverpool lime street,Saturday,off-peak
0 days,reading,oxford,Saturday,off-peak
1 days,manchester piccadilly,liverpool lime street,Sunday,advance
1 days,london euston,birmingham new street,Sunday,advance
1 days,london st pancras,leicester,Sunday,advance
1 days,manchester piccadilly,liverpool lime street,Sunday,advance
1 days,london euston,birmingham new street,Sunday,advance
1 days,london euston,manchester piccadilly,Sunday,advance
1 days,london kings cross,york,Sunday,advance
0 days,london paddington,reading,Saturday,off-peak
1 days,london paddington,reading,Sunday,advance
0 days,london paddington,reading,Saturday,off-peak
0 days,manchester piccadilly,liverpool lime street,Saturday,off-peak
1 days,london kings cross,york,Sunday,advance
1 days,birmingham new street,nuneaton,Sunday,advance
1 days,london paddington,reading,Sunday,advance
1 days,london st pancras,birmingham new street,Sunday,advance
1 days,london st pancras,birmingham new street,Sunday,advance
1 days,london kings cross,york,Sunday,advance
1 days,london kings cross,york,Sunday,advance
1 days,london euston,manchester piccadilly,Sunday,advance
1 days,birmingham new street,nuneaton,Sunday,advance
1 days,birmingham new street,nuneaton,Sunday,advance
1 days,london kings cross,york,Sunday,advance
20 days,london kings cross,york,Friday,advance
0 days,london paddington,reading,Saturday,off-peak
0 days,london paddington,reading,Saturday,off-peak
1 days,manchester piccadilly,liverpool lime street,Sunday,advance
0 days,london euston,birmingham new street,Saturday,off-peak
0 days,london kings cross,york,Saturday,off-peak
1 days,london kings cross,york,Sunday,advance
1 days,london euston,birmingham new street,Sunday,advance
1 days,liverpool lime street,manchester piccadilly,Sunday,advance
1 days,london euston,birmingham new street,Sunday,advance
1 days,manchester piccadilly,liverpool lime street,Sunday,advance
1 days,london paddington,reading,Sunday,advance
1 days,liverpool lime street,manchester piccadilly,Sunday,advance
1 days,london paddington,reading,Sunday,advance
1 days,london paddington,reading,Sunday,advance
1 days,manchester piccadilly,liverpool lime street,Sunday,advance
1 days,london euston,manchester piccadilly,Sunday,advance
0 days,london euston,oxford,Sunday,off-peak
1 days,oxford,bristol temple meads,Monday,advance
1 days,york,edinburgh,Monday,advance
2 days,london kings cross,edinburgh waverley,Tuesday,advance
0 days,london kings cross,liverpool lime street,Sunday,off-peak
0 days,london paddington,reading,Sunday,off-peak
0 days,london paddington,reading,Sunday,off-peak
1 days,liverpool lime street,manchester piccadilly,Monday,advance
0 days,london euston,manchester piccadilly,Sunday,off-peak
0 days,york,durham,Sunday,off-peak
0 days,london kings cross,york,Sunday,off-peak
0 days,liverpool lime street,manchester piccadilly,Sunday,off-peak
0 days,manchester piccadilly,liverpool lime street,Sunday,off-peak
0 days,manchester piccadilly,london paddington,Sunday,off-peak
1 days,london kings cross,york,Monday,advance
0 days,london kings cross,york,Sunday,off-peak
1 days,london kings cross,york,Monday,advance
0 days,liverpool lime street,manchester piccadilly,Sunday,off-peak
0 days,london kings cross,york,Sunday,off-peak
0 days,london kings cross,york,Sunday,off-peak
0 days,liverpool lime street,manchester piccadilly,Sunday,off-peak
0 days,liverpool lime street,manchester piccadilly,Sunday,off-peak
1 days,manchester piccadilly,liverpool lime street,Monday,advance
1 days,london kings cross,york,Monday,advance
1 days,liverpool lime street,manchester piccadilly,Monday,advance
1 days,liverpool lime street,manchester piccadilly,Monday,advance
1 days,manchester piccadilly,liverpool lime street,Monday,advance
1 days,london st pancras,birmingham new street,Monday,advance
1 days,london st pancras,birmingham new street,Monday,advance
0 days,manchester piccadilly,liverpool lime street,Sunday,off-peak
0 days,london paddington,reading,Sunday,off-peak
0 days,london kings cross,york,Sunday,off-peak
0 days,manchester piccadilly,liverpool lime street,Sunday,off-peak
0 days,london kings cross,york,Sunday,off-peak
0 days,manchester piccadilly,liverpool lime street,Sunday,off-peak
1 days,birmingham new street,reading,Monday,advance
0 days,york,doncaster,Sunday,off-peak
0 days,birmingham new street,london st pancras,Sunday,off-peak
0 days,london euston,birmingham new street,Sunday,off-peak
0 days,birmingham new street,london st pancras,Sunday,off-peak
0 days,manchester piccadilly,liverpool lime street,Sunday,off-peak
1 days,liverpool lime street,manchester piccadilly,Monday,advance
0 days,birmingham new street,london st pancras,Sunday,off-peak
1 days,london euston,birmingham new street,Monday,advance
0 days,liverpool lime street,manchester piccadilly,Sunday,off-peak
0 days,liverpool lime street,manchester piccadilly,Sunday,off-peak
0 days,liverpool lime street,manchester piccadilly,Sunday,off-peak
0 days,manchester piccadilly,liverpool lime street,Sunday,off-peak
1 days,london kings cross,york,Monday,advance
0 days,birmingham new street,london st pancras,Sunday,off-peak
0 days,birmingham new street,london st pancras,Sunday,off-peak
1 days,london euston,birmingham new street,Monday,advance
1 days,manchester piccadilly,liverpool lime street,Monday,advance
1 days,london euston,birmingham new street,Monday,advance
0 days,york,peterborough,Sunday,off-peak
0 days,london kings cross,york,Sunday,off-peak
0 days,york,peterborough,Sunday,off-peak
0 days,york,peterborough,Sunday,off-peak
0 days,york,peterborough,Sunday,off-peak
1 days,london st pancras,birmingham new street,Monday,advance
0 days,manchester piccadilly,liverpool lime street,Sunday,off-peak
1 days,london kings cross,york,Monday,advance
0 days,birmingham new street,liverpool lime street,Sunday,off-peak
0 days,birmingham new street,london euston,Sunday,off-peak
0 days,liverpool lime street,london euston,Sunday,off-peak
0 days,liverpool lime street,london euston,Sunday,off-peak
0 days,london st pancras,birmingham new street,Sunday,off-peak
0 days,liverpool lime street,london euston,Sunday,off-peak
0 days,liverpool lime street,london euston,Sunday,off-peak
0 days,york,leeds,Sunday,off-peak
0 days,london euston,birmingham new street,Sunday,off-peak
0 days,london kings cross,york,Sunday,off-peak
0 days,london paddington,reading,Sunday,off-peak
0 days,london paddington,reading,Sunday,off-peak
0 days,london paddington,reading,Sunday,off-peak
1 days,london st pancras,birmingham new street,Monday,advance
0 days,liverpool lime street,manchester piccadilly,Sunday,off-peak
0 days,london euston,birmingham new street,Sunday,off-peak
0 days,london paddington,reading,Sunday,off-peak
0 days,london kings cross,edinburgh waverley,Sunday,off-peak
0 days,london paddington,reading,Sunday,off-peak
0 days,london kings cross,york,Sunday,off-peak
0 days,manchester piccadilly,liverpool lime street,Sunday,off-peak
0 days,manchester piccadilly,liverpool lime street,Sunday,off-peak
1 days,london paddington,reading,Monday,advance
1 days,london kings cross,york,Monday,advance
1 days,manchester piccadilly,liverpool lime street,Monday,advance
1 days,london paddington,reading,Monday,advance
1 days,manchester piccadilly,liverpool lime street,Monday,advance
1 days,london kings cross,york,Monday,advance
1 days,london st pancras,birmingham new street,Monday,advance
1 days,london euston,birmingham new street,Monday,advance
1 days,london paddington,reading,Monday,advance
1 days,london st pancras,wolverhampton,Monday,advance
0 days,london euston,birmingham new street,Sunday,off-peak
1 days,liverpool lime street,manchester piccadilly,Monday,advance
1 days,london paddington,reading,Monday,advance
20 days,london paddington,reading,Saturday,advance
1 days,london kings cross,york,Monday,advance
1 days,london paddington,oxford,Monday,advance
1 days,london paddington,reading,Monday,advance
1 days,london paddington,oxford,Monday,advance
0 days,manchester piccadilly,liverpool lime street,Sunday,off-peak
0 days,manchester piccadilly,liverpool lime street,Sunday,off-peak
1 days,york,peterborough,Monday,advance
20 days,london kings cross,york,Saturday,advance
1 days,london paddington,london waterloo,Monday,advance
1 days,reading,swindon,Monday,advance
0 days,london euston,birmingham new street,Sunday,off-peak
0 days,london euston,birmingham new street,Sunday,off-peak
1 days,london st pancras,birmingham new street,Monday,advance
1 days,liverpool lime street,london euston,Monday,advance
1 days,liverpool lime street,london euston,Monday,advance
0 days,liverpool lime street,manchester piccadilly,Sunday,off-peak
1 days,liverpool lime street,london euston,Monday,advance
1 days,reading,oxford,Monday,advance
1 days,liverpool lime street,london euston,Monday,advance
1 days,london euston,birmingham new street,Monday,advance
1 days,manchester piccadilly,sheffield,Monday,advance
0 days,manchester piccadilly,liverpool lime street,Sunday,off-peak
1 days,london euston,birmingham new street,Monday,advance
0 days,london st pancras,birmingham new street,Sunday,off-peak
1 days,london euston,birmingham new street,Monday,advance
1 days,london paddington,reading,Monday,advance
1 days,liverpool lime street,manchester piccadilly,Monday,advance
1 days,liverpool lime street,manchester piccadilly,Monday,advance
1 days,london paddington,reading,Monday,advance
0 days,liverpool lime street,manchester piccadilly,Sunday,off-peak
0 days,birmingham new street,manchester piccadilly,Sunday,off-peak
1 days,liverpool lime street,manchester piccadilly,Monday,advance
1 days,london paddington,reading,Monday,advance
1 days,manchester piccadilly,liverpool lime street,Monday,advance
0 days,london st pancras,birmingham new street,Sunday,off-peak
0 days,london paddington,reading,Sunday,off-peak
0 days,manchester piccadilly,liverpool lime street,Sunday,off-peak
1 days,manchester piccadilly,liverpool lime street,Monday,advance
1 days,liverpool lime street,manchester piccadilly,Monday,advance
1 days,birmingham new street,manchester piccadilly,Monday,advance
0 days,london euston,birmingham new street,Sunday,off-peak
0 days,manchester piccadilly,liverpool lime street,Sunday,off-peak
1 days,manchester piccadilly,liverpool lime street,Monday,advance
1 days,london euston,birmingham new street,Monday,advance
1 days,manchester piccadilly,liverpool lime street,Monday,advance
0 days,london kings cross,york,Sunday,off-peak
1 days,london st pancras,birmingham new street,Monday,advance
1 days,london kings cross,york,Monday,advance
1 days,liverpool lime street,manchester piccadilly,Monday,advance
0 days,london st pancras,birmingham new street,Sunday,off-peak
0 days,london paddington,reading,Sunday,off-peak
1 days,liverpool lime street,manchester piccadilly,Monday,advance
0 days,london euston,birmingham new street,Sunday,off-peak
0 days,birmingham new street,liverpool lime street,Sunday,off-peak
0 days,london euston,birmingham new street,Sunday,off-peak
0 days,london euston,birmingham new street,Sunday,off-peak
0 days,manchester piccadilly,liverpool lime street,Sunday,off-peak
0 days,london euston,birmingham new street,Sunday,off-peak
1 days,london paddington,reading,Monday,advance
0 days,london euston,birmingham new street,Sunday,off-peak
0 days,london euston,birmingham new street,Sunday,off-peak
1 days,london paddington,reading,Monday,advance
0 days,london euston,birmingham new street,Sunday,off-peak
1 days,london euston,birmingham new street,Monday,advance
1 days,london kings cross,york,Monday,advance
0 days,london euston,birmingham new street,Sunday,off-peak
1 days,london kings cross,york,Monday,advance
0 days,manchester piccadilly,liverpool lime street,Sunday,off-peak
0 days,london euston,birmingham new street,Sunday,off-peak
0 days,london kings cross,york,Sunday,off-peak
0 days,london kings cross,york,Sunday,off-peak
0 days,london euston,birmingham new street,Sunday,off-peak
0 days,manchester piccadilly,liverpool lime street,Sunday,off-peak
1 days,liverpool lime street,london euston,Monday,advance
0 days,birmingham new street,manchester piccadilly,Sunday,off-peak
1 days,manchester piccadilly,liverpool lime street,Monday,advance
0 days,london st pancras,leicester,Sunday,off-peak
0 days,birmingham new street,london euston,Sunday,off-peak
0 days,london kings cross,york,Sunday,off-peak
1 days,manchester piccadilly,sheffield,Monday,advance
0 days,liverpool lime street,london euston,Sunday,off-peak
0 days,birmingham new street,stafford,Sunday,off-peak
1 days,london paddington,reading,Monday,advance
0 days,london kings cross,york,Sunday,off-peak
0 days,london kings cross,york,Sunday,off-peak
0 days,london kings cross,york,Sunday,off-peak
0 days,liverpool lime street,london euston,Sunday,off-peak
0 days,london kings cross,york,Sunday,off-peak
1 days,oxford,bristol temple meads,Monday,advance
0 days,liverpool lime street,london euston,Sunday,off-peak
0 days,london kings cross,york,Sunday,off-peak
0 days,london euston,birmingham new street,Sunday,off-peak
0 days,manchester piccadilly,liverpool lime street,Sunday,off-peak
1 days,manchester piccadilly,london euston,Monday,advance
0 days,manchester piccadilly,liverpool lime street,Sunday,off-peak
0 days,liverpool lime street,manchester piccadilly,Sunday,off-peak
0 days,manchester piccadilly,liverpool lime street,Sunday,off-peak
0 days,manchester piccadilly,liverpool lime street,Sunday,off-peak
0 days,london st pancras,birmingham new street,Sunday,off-peak
1 days,london kings cross,york,Monday,advance
1 days,manchester piccadilly,liverpool lime street,Monday,advance
1 days,london kings cross,york,Monday,advance
0 days,london euston,birmingham new street,Sunday,off-peak
1 days,london euston,birmingham new street,Monday,advance
1 days,london paddington,reading,Monday,advance
1 days,birmingham new street,reading,Monday,advance
0 days,london paddington,reading,Sunday,off-peak
1 days,birmingham new street,liverpool lime street,Monday,advance
23 days,london euston,birmingham new street,Tuesday,advance
0 days,birmingham new street,york,Sunday,off-peak
1 days,london euston,birmingham new street,Monday,advance
0 days,london st pancras,birmingham new street,Sunday,off-peak
0 days,manchester piccadilly,liverpool lime street,Sunday,off-peak
0 days,london st pancras,birmingham new street,Sunday,off-peak
0 days,birmingham new street,coventry,Sunday,off-peak
0 days,birmingham new street,tamworth,Sunday,off-peak
0 days,liverpool lime street,crewe,Sunday,off-peak
0 days,london st pancras,birmingham new street,Sunday,off-peak
1 days,manchester piccadilly,liverpool lime street,Monday,advance
0 days,manchester piccadilly,liverpool lime street,Sunday,off-peak
1 days,london euston,birmingham new street,Monday,advance
0 days,manchester piccadilly,liverpool lime street,Sunday,off-peak
0 days,liverpool lime street,crewe,Sunday,off-peak
0 days,london st pancras,birmingham new street,Sunday,off-peak
0 days,london st pancras,birmingham new street,Sunday,off-peak
0 days,birmingham new street,tamworth,Sunday,off-peak
0 days,london st pancras,birmingham new street,Sunday,off-peak
1 days,london euston,birmingham new street,Monday,advance
1 days,manchester piccadilly,liverpool lime street,Monday,advance
1 days,london euston,birmingham new street,Monday,advance
1 days,london euston,birmingham new street,Monday,advance
0 days,york,edinburgh,Sunday,off-peak
1 days,london st pancras,birmingham new street,Monday,advance
1 days,london euston,birmingham new street,Monday,advance
1 days,manchester piccadilly,liverpool lime street,Monday,advance
1 days,london euston,birmingham new street,Monday,advance
0 days,liverpool lime street,manchester piccadilly,Sunday,off-peak
0 days,manchester piccadilly,liverpool lime street,Sunday,off-peak
0 days,manchester piccadilly,liverpool lime street,Sunday,off-peak
0 days,manchester piccadilly,liverpool lime street,Sunday,off-peak
0 days,manchester piccadilly,liverpool lime street,Sunday,off-peak
0 days,london euston,birmingham new street,Sunday,off-peak
1 days,london euston,birmingham new street,Monday,advance
1 days,london euston,birmingham new street,Monday,advance
22 days,london euston,birmingham new street,Monday,advance
1 days,london euston,birmingham new street,Monday,advance
0 days,london st pancras,birmingham new street,Sunday,off-peak
1 days,manchester piccadilly,liverpool lime street,Monday,advance
1 days,london euston,birmingham new street,Monday,advance
1 days,manchester piccadilly,liverpool lime street,Monday,advance
0 days,london paddington,reading,Sunday,off-peak
0 days,london paddington,reading,Sunday,off-peak
1 days,birmingham new street,liverpool lime street,Monday,advance
0 days,liverpool lime street,manchester piccadilly,Sunday,off-peak
0 days,london paddington,reading,Sunday,off-peak
1 days,birmingham new street,york,Monday,advance
1 days,liverpool lime street,manchester piccadilly,Monday,advance
1 days,london euston,manchester piccadilly,Monday,advance
1 days,london paddington,reading,Monday,advance
1 days,birmingham new street,nuneaton,Monday,advance
1 days,birmingham new street,tamworth,Monday,advance
1 days,london st pancras,birmingham new street,Monday,advance
0 days,london euston,birmingham new street,Sunday,off-peak
1 days,london euston,manchester piccadilly,Monday,advance
1 days,london st pancras,birmingham new street,Monday,advance
1 days,london st pancras,birmingham new street,Monday,advance
1 days,london st pancras,birmingham new street,Monday,advance
1 days,london kings cross,york,Monday,advance
1 days,london kings cross,york,Monday,advance
0 days,london paddington,reading,Sunday,off-peak
0 days,london kings cross,york,Sunday,off-peak
0 days,london st pancras,birmingham new street,Sunday,off-peak
0 days,london st pancras,birmingham new street,Sunday,off-peak
0 days,london euston,manchester piccadilly,Sunday,off-peak
0 days,birmingham new street,liverpool lime street,Sunday,off-peak
0 days,london paddington,reading,Sunday,off-peak
1 days,london paddington,reading,Monday,advance
1 days,london euston,birmingham new street,Monday,advance
1 days,liverpool lime street,manchester piccadilly,Monday,advance
1 days,london euston,manchester piccadilly,Monday,advance
1 days,liverpool lime street,manchester piccadilly,Monday,advance
1 days,liverpool lime street,manchester piccadilly,Monday,advance
1 days,liverpool lime street,manchester piccadilly,Monday,advance
1 days,london euston,birmingham new street,Monday,advance
1 days,liverpool lime street,manchester piccadilly,Monday,advance
1 days,birmingham new street,london st pancras,Monday,advance
1 days,liverpool lime street,manchester piccadilly,Monday,advance
1 days,london euston,birmingham new street,Monday,advance
1 days,london kings cross,york,Monday,advance
1 days,manchester piccadilly,liverpool lime street,Monday,advance
1 days,london paddington,reading,Monday,advance
1 days,london euston,manchester piccadilly,Monday,advance
1 days,oxford,bristol temple meads,Tuesday,advance
0 days,liverpool lime street,manchester piccadilly,Monday,off-peak
0 days,london paddington,reading,Monday,off-peak
1 days,oxford,bristol temple meads,Tuesday,advance
0 days,manchester piccadilly,nottingham,Monday,off-peak
0 days,london euston,birmingham new street,Monday,off-peak
0 days,london euston,birmingham new street,Monday,off-peak
1 days,liverpool lime street,manchester piccadilly,Tuesday,advance
1 days,liverpool lime street,manchester piccadilly,Tuesday,advance
1 days,london euston,birmingham new street,Tuesday,advance
0 days,london kings cross,york,Monday,off-peak
1 days,liverpool lime street,manchester piccadilly,Tuesday,advance
0 days,manchester piccadilly,liverpool lime street,Monday,off-peak
1 days,london kings cross,york,Tuesday,advance
0 days,manchester piccadilly,london euston,Monday,off-peak
0 days,manchester piccadilly,london euston,Monday,off-peak
0 days,liverpool lime street,manchester piccadilly,Monday,off-peak
1 days,liverpool lime street,manchester piccadilly,Tuesday,advance
0 days,london paddington,reading,Monday,off-peak
0 days,london euston,birmingham new street,Monday,off-peak
1 days,liverpool lime street,manchester piccadilly,Tuesday,advance
1 days,liverpool lime street,manchester piccadilly,Tuesday,advance
1 days,london st pancras,birmingham new street,Tuesday,advance
1 days,liverpool lime street,manchester piccadilly,Tuesday,advance
0 days,london euston,manchester piccadilly,Monday,off-peak
1 days,london st pancras,birmingham new street,Tuesday,advance
1 days,liverpool lime street,manchester piccadilly,Tuesday,advance
0 days,london kings cross,liverpool lime street,Monday,off-peak
1 days,london euston,birmingham new street,Tuesday,advance
0 days,liverpool lime street,manchester piccadilly,Monday,off-peak
1 days,manchester piccadilly,liverpool lime street,Tuesday,advance
1 days,manchester piccadilly,sheffield,Tuesday,advance
0 days,manchester piccadilly,liverpool lime street,Monday,off-peak
0 days,manchester piccadilly,liverpool lime street,Monday,anytime
0 days,manchester piccadilly,liverpool lime street,Monday,anytime
0 days,london kings cross,york,Monday,anytime
0 days,manchester piccadilly,liverpool lime street,Monday,anytime
0 days,london kings cross,york,Monday,anytime
0 days,manchester piccadilly,liverpool lime street,Monday,anytime
0 days,reading,oxford,Monday,anytime
0 days,reading,oxford,Monday,anytime
0 days,manchester piccadilly,liverpool lime street,Monday,anytime
0 days,birmingham new street,london st pancras,Monday,anytime
0 days,london euston,birmingham new street,Monday,anytime
0 days,york,doncaster,Monday,anytime
0 days,birmingham new street,london kings cross,Monday,anytime
0 days,london st pancras,birmingham new street,Monday,anytime
1 days,london euston,birmingham new street,Tuesday,advance
0 days,london st pancras,birmingham new street,Monday,anytime
1 days,manchester piccadilly,liverpool lime street,Tuesday,advance
1 days,london euston,birmingham new street,Tuesday,advance
1 days,liverpool lime street,manchester piccadilly,Tuesday,advance
0 days,liverpool lime street,manchester piccadilly,Monday,anytime
1 days,birmingham new street,london st pancras,Tuesday,advance
0 days,london paddington,london waterloo,Monday,anytime
1 days,london st pancras,birmingham new street,Tuesday,advance
0 days,london paddington,reading,Monday,anytime
1 days,london st pancras,birmingham new street,Tuesday,advance
0 days,london kings cross,york,Monday,anytime
0 days,liverpool lime street,london euston,Monday,anytime
0 days,manchester piccadilly,london euston,Monday,anytime
0 days,liverpool lime street,london euston,Monday,anytime
0 days,manchester piccadilly,london euston,Monday,anytime
0 days,liverpool lime street,london euston,Monday,anytime
1 days,liverpool lime street,sheffield,Tuesday,advance
1 days,london euston,birmingham new street,Tuesday,advance
0 days,liverpool lime street,manchester piccadilly,Monday,anytime
0 days,london paddington,oxford,Monday,anytime
0 days,london paddington,reading,Monday,anytime
0 days,london paddington,reading,Monday,anytime
0 days,london paddington,oxford,Monday,anytime
0 days,london paddington,oxford,Monday,anytime
0 days,london paddington,reading,Monday,anytime
0 days,london euston,birmingham new street,Monday,anytime
0 days,london kings cross,york,Monday,anytime
1 days,liverpool lime street,manchester piccadilly,Tuesday,advance
1 days,liverpool lime street,manchester piccadilly,Tuesday,advance
1 days,liverpool lime street,manchester piccadilly,Tuesday,advance
0 days,london paddington,reading,Monday,anytime
0 days,london paddington,oxford,Monday,anytime
1 days,manchester piccadilly,liverpool lime street,Tuesday,advance
0 days,london paddington,reading,Monday,off-peak
0 days,manchester piccadilly,liverpool lime street,Monday,off-peak
1 days,manchester piccadilly,liverpool lime street,Tuesday,advance
1 days,manchester piccadilly,liverpool lime street,Tuesday,advance
1 days,london paddington,reading,Tuesday,advance
1 days,birmingham new street,london st pancras,Tuesday,advance
1 days,birmingham new street,london st pancras,Tuesday,advance
1 days,york,doncaster,Tuesday,advance
1 days,london st pancras,birmingham new street,Tuesday,advance
1 days,manchester piccadilly,liverpool lime street,Tuesday,advance
1 days,london euston,birmingham new street,Tuesday,advance
1 days,birmingham new street,london st pancras,Tuesday,advance
1 days,birmingham new street,nuneaton,Tuesday,advance
1 days,manchester piccadilly,liverpool lime street,Tuesday,advance
1 days,london st pancras,birmingham new street,Tuesday,advance
1 days,birmingham new street,london st pancras,Tuesday,advance
1 days,london euston,birmingham new street,Tuesday,advance
1 days,birmingham new street,london st pancras,Tuesday,advance
1 days,london kings cross,york,Tuesday,advance
1 days,london kings cross,york,Tuesday,advance
1 days,london paddington,reading,Tuesday,advance
1 days,london paddington,oxford,Tuesday,advance
1 days,london paddington,oxford,Tuesday,advance
1 days,london kings cross,york,Tuesday,advance
1 days,london kings cross,york,Tuesday,advance
1 days,liverpool lime street,manchester piccadilly,Tuesday,advance
0 days,manchester piccadilly,liverpool lime street,Monday,off-peak
0 days,london kings cross,york,Monday,off-peak
1 days,reading,swindon,Tuesday,advance
1 days,york,peterborough,Tuesday,advance
1 days,london kings cross,york,Tuesday,advance
1 days,york,peterborough,Tuesday,advance
1 days,london kings cross,york,Tuesday,advance
18 days,york,doncaster,Friday,advance
1 days,london kings cross,york,Tuesday,advance
1 days,reading,swindon,Tuesday,advance
1 days,london st pancras,birmingham new street,Tuesday,advance
1 days,london paddington,reading,Tuesday,advance
1 days,liverpool lime street,london euston,Tuesday,advance
0 days,manchester piccadilly,liverpool lime street,Monday,off-peak
1 days,london euston,manchester piccadilly,Tuesday,advance
0 days,manchester piccadilly,liverpool lime street,Monday,off-peak
17 days,liverpool lime street,london euston,Thursday,advance
1 days,liverpool lime street,london euston,Tuesday,advance
1 days,manchester piccadilly,liverpool lime street,Tuesday,advance
1 days,liverpool lime street,london euston,Tuesday,advance
1 days,london kings cross,york,Tuesday,advance
18 days,manchester piccadilly,sheffield,Friday,advance
0 days,manchester piccadilly,liverpool lime street,Monday,off-peak
19 days,manchester piccadilly,liverpool lime street,Saturday,advance
1 days,london euston,manchester piccadilly,Tuesday,advance
0 days,london kings cross,york,Monday,off-peak
1 days,london paddington,reading,Tuesday,advance
1 days,london st pancras,birmingham new street,Tuesday,advance
1 days,london paddington,reading,Tuesday,advance
1 days,london paddington,reading,Tuesday,advance
1 days,london paddington,reading,Tuesday,advance
0 days,london st pancras,birmingham new street,Monday,off-peak
1 days,london euston,birmingham new street,Tuesday,advance
1 days,london kings cross,york,Tuesday,advance
0 days,london st pancras,birmingham new street,Monday,off-peak
0 days,manchester piccadilly,liverpool lime street,Monday,off-peak
0 days,london euston,birmingham new street,Monday,off-peak
22 days,london st pancras,birmingham new street,Tuesday,advance
0 days,manchester piccadilly,liverpool lime street,Monday,off-peak
1 days,liverpool lime street,manchester piccadilly,Tuesday,advance
0 days,manchester piccadilly,liverpool lime street,Monday,off-peak
1 days,manchester piccadilly,liverpool lime street,Tuesday,advance
0 days,manchester piccadilly,london paddington,Monday,off-peak
1 days,york,edinburgh,Tuesday,advance
1 days,london euston,birmingham new street,Tuesday,advance
0 days,london paddington,reading,Monday,off-peak
1 days,manchester piccadilly,liverpool lime street,Tuesday,advance
1 days,london euston,birmingham new street,Tuesday,advance
0 days,london st pancras,birmingham new street,Monday,off-peak
1 days,london st pancras,birmingham new street,Tuesday,advance
1 days,liverpool lime street,manchester piccadilly,Tuesday,advance
1 days,manchester piccadilly,liverpool lime street,Tuesday,advance
0 days,manchester piccadilly,liverpool lime street,Monday,off-peak
1 days,london kings cross,york,Tuesday,advance
0 days,london kings cross,york,Monday,off-peak
1 days,london kings cross,york,Tuesday,advance
0 days,london st pancras,birmingham new street,Monday,off-peak
0 days,york,edinburgh,Monday,off-peak
0 days,london euston,birmingham new street,Monday,anytime
0 days,london kings cross,york,Monday,anytime
0 days,london euston,birmingham new street,Monday,anytime
0 days,london euston,birmingham new street,Monday,anytime
0 days,london euston,birmingham new street,Monday,anytime
0 days,london st pancras,leicester,Monday,anytime
1 days,manchester piccadilly,liverpool lime street,Tuesday,advance
0 days,manchester piccadilly,liverpool lime street,Monday,anytime
1 days,london st pancras,birmingham new street,Tuesday,advance
0 days,birmingham new street,manchester piccadilly,Monday,anytime
21 days,london paddington,reading,Monday,advance
0 days,manchester piccadilly,london kings cross,Monday,anytime
0 days,london paddington,reading,Monday,anytime
0 days,london kings cross,york,Monday,anytime
1 days,manchester piccadilly,london paddington,Tuesday,advance
1 days,london paddington,reading,Tuesday,advance
0 days,london kings cross,york,Monday,anytime
0 days,london kings cross,york,Monday,anytime
0 days,london kings cross,york,Monday,anytime
1 days,liverpool lime street,sheffield,Tuesday,advance
0 days,london paddington,reading,Monday,anytime
0 days,manchester piccadilly,liverpool lime street,Monday,anytime
0 days,manchester piccadilly,liverpool lime street,Monday,anytime
0 days,london euston,birmingham new street,Monday,anytime
0 days,liverpool lime street,manchester piccadilly,Monday,anytime
1 days,london st pancras,birmingham new street,Tuesday,advance
1 days,london paddington,manchester piccadilly,Tuesday,advance
1 days,oxford,bristol temple meads,Tuesday,advance
0 days,manchester piccadilly,liverpool lime street,Monday,anytime
1 days,london paddington,reading,Tuesday,advance
0 days,manchester piccadilly,liverpool lime street,Monday,anytime
0 days,liverpool lime street,london euston,Monday,anytime
0 days,london euston,birmingham new street,Monday,anytime
1 days,liverpool lime street,manchester piccadilly,Tuesday,advance
1 days,london paddington,reading,Tuesday,advance
1 days,london paddington,reading,Tuesday,advance
1 days,london paddington,reading,Tuesday,advance
0 days,liverpool lime street,london euston,Monday,anytime
1 days,london paddington,reading,Tuesday,advance
1 days,london paddington,reading,Tuesday,advance
0 days,london paddington,reading,Monday,anytime
0 days,manchester piccadilly,liverpool lime street,Monday,anytime
0 days,london paddington,reading,Monday,anytime
0 days,london st pancras,birmingham new street,Monday,anytime
0 days,liverpool lime street,crewe,Monday,anytime
0 days,london paddington,reading,Monday,anytime
0 days,london st pancras,birmingham new street,Monday,anytime
0 days,london st pancras,birmingham new street,Monday,anytime
1 days,london euston,birmingham new street,Tuesday,advance
1 days,london euston,birmingham new street,Tuesday,advance
1 days,london kings cross,york,Tuesday,advance
1 days,birmingham new street,manchester piccadilly,Tuesday,advance
1 days,london euston,birmingham new street,Tuesday,advance
0 days,manchester piccadilly,liverpool lime street,Monday,off-peak
1 days,manchester piccadilly,liverpool lime street,Tuesday,advance
0 days,manchester piccadilly,liverpool lime street,Monday,anytime
1 days,liverpool lime street,london euston,Tuesday,advance
0 days,manchester piccadilly,liverpool lime street,Monday,anytime
0 days,london euston,birmingham new street,Monday,off-peak
0 days,liverpool lime street,manchester piccadilly,Monday,off-peak
1 days,london st pancras,birmingham new street,Tuesday,advance
1 days,london kings cross,york,Tuesday,advance
1 days,liverpool lime street,manchester piccadilly,Tuesday,advance
1 days,london kings cross,york,Tuesday,advance
1 days,liverpool lime street,manchester piccadilly,Tuesday,advance
1 days,liverpool lime street,manchester piccadilly,Tuesday,advance
0 days,london euston,birmingham new street,Monday,off-peak
0 days,london st pancras,birmingham new street,Monday,off-peak
1 days,manchester piccadilly,liverpool lime street,Tuesday,advance
1 days,london st pancras,leicester,Tuesday,advance
1 days,manchester piccadilly,liverpool lime street,Tuesday,advance
1 days,manchester piccadilly,liverpool lime street,Tuesday,advance
1 days,london st pancras,birmingham new street,Tuesday,advance
1 days,london euston,birmingham new street,Tuesday,advance
1 days,manchester piccadilly,liverpool lime street,Tuesday,advance
1 days,london euston,birmingham new street,Tuesday,advance
1 days,manchester piccadilly,liverpool lime street,Tuesday,advance
1 days,reading,swindon,Tuesday,advance
0 days,london euston,birmingham new street,Monday,off-peak
0 days,liverpool lime street,manchester piccadilly,Monday,off-peak
1 days,london euston,birmingham new street,Tuesday,advance
0 days,london kings cross,york,Monday,off-peak
1 days,london st pancras,birmingham new street,Tuesday,advance
1 days,manchester piccadilly,liverpool lime street,Tuesday,advance
1 days,london st pancras,birmingham new street,Tuesday,advance
1 days,birmingham new street,wolverhampton,Tuesday,advance
1 days,london kings cross,york,Tuesday,advance
1 days,birmingham new street,tamworth,Tuesday,advance
1 days,birmingham new street,tamworth,Tuesday,advance
1 days,london paddington,reading,Tuesday,advance
1 days,birmingham new street,nuneaton,Tuesday,advance
1 days,london st pancras,birmingham new street,Tuesday,advance
1 days,london st pancras,birmingham new street,Tuesday,advance
0 days,birmingham new street,liverpool lime street,Monday,off-peak
0 days,london kings cross,york,Monday,off-peak
1 days,london kings cross,york,Tuesday,advance
1 days,manchester piccadilly,liverpool lime street,Tuesday,advance
21 days,manchester piccadilly,liverpool lime street,Monday,advance
1 days,london euston,manchester piccadilly,Tuesday,advance
1 days,manchester piccadilly,liverpool lime street,Tuesday,advance
1 days,liverpool lime street,manchester piccadilly,Tuesday,advance
1 days,birmingham new street,liverpool lime street,Tuesday,advance
1 days,liverpool lime street,manchester piccadilly,Tuesday,advance
1 days,london euston,birmingham new street,Tuesday,advance
1 days,london euston,birmingham new street,Tuesday,advance
1 days,london euston,manchester piccadilly,Tuesday,advance
0 days,liverpool lime street,manchester piccadilly,Tuesday,off-peak
1 days,manchester piccadilly,leeds,Wednesday,advance
1 days,liverpool lime street,manchester piccadilly,Wednesday,advance
0 days,manchester piccadilly,liverpool lime street,Tuesday,off-peak
1 days,liverpool lime street,manchester piccadilly,Wednesday,advance
0 days,liverpool lime street,manchester piccadilly,Tuesday,off-peak
1 days,london euston,birmingham new street,Wednesday,advance
0 days,london st pancras,birmingham new street,Tuesday,off-peak
0 days,london paddington,reading,Tuesday,off-peak
0 days,manchester piccadilly,nottingham,Tuesday,off-peak
0 days,london kings cross,york,Tuesday,off-peak
1 days,birmingham new street,london euston,Wednesday,advance
0 days,manchester piccadilly,london paddington,Tuesday,off-peak
0 days,york,durham,Tuesday,off-peak
0 days,london kings cross,york,Tuesday,off-peak
0 days,liverpool lime street,manchester piccadilly,Tuesday,off-peak
0 days,liverpool lime street,manchester piccadilly,Tuesday,off-peak
1 days,london paddington,reading,Wednesday,advance
1 days,liverpool lime street,manchester piccadilly,Wednesday,advance
1 days,liverpool lime street,manchester piccadilly,Wednesday,advance
0 days,london kings cross,york,Tuesday,off-peak
0 days,birmingham new street,reading,Tuesday,off-peak
21 days,london euston,birmingham new street,Tuesday,advance
0 days,liverpool lime street,manchester piccadilly,Tuesday,off-peak
1 days,london st pancras,birmingham new street,Wednesday,advance
1 days,liverpool lime street,manchester piccadilly,Wednesday,advance
1 days,manchester piccadilly,london paddington,Wednesday,advance
1 days,manchester piccadilly,london paddington,Wednesday,advance
1 days,oxford,bristol temple meads,Wednesday,advance
1 days,london paddington,reading,Wednesday,advance
0 days,manchester piccadilly,sheffield,Tuesday,off-peak
0 days,london kings cross,york,Tuesday,off-peak
1 days,london euston,birmingham new street,Wednesday,advance
0 days,london paddington,reading,Tuesday,off-peak
0 days,manchester piccadilly,liverpool lime street,Tuesday,anytime
1 days,liverpool lime street,london paddington,Wednesday,advance
0 days,manchester piccadilly,liverpool lime street,Tuesday,anytime
0 days,manchester piccadilly,liverpool lime street,Tuesday,anytime
0 days,london kings cross,york,Tuesday,anytime
0 days,manchester piccadilly,liverpool lime street,Tuesday,anytime
0 days,london euston,birmingham new street,Tuesday,anytime
1 days,liverpool lime street,manchester piccadilly,Wednesday,advance
0 days,london euston,birmingham new street,Tuesday,anytime
0 days,york,doncaster,Tuesday,anytime
0 days,london euston,birmingham new street,Tuesday,anytime
1 days,london euston,birmingham new street,Wednesday,advance
0 days,liverpool lime street,manchester piccadilly,Tuesday,anytime
0 days,liverpool lime street,manchester piccadilly,Tuesday,anytime
0 days,london st pancras,birmingham new street,Tuesday,anytime
1 days,london paddington,reading,Wednesday,advance
0 days,london euston,birmingham new street,Tuesday,anytime
0 days,london kings cross,york,Tuesday,anytime
0 days,reading,swindon,Tuesday,anytime
0 days,london euston,birmingham new street,Tuesday,anytime
0 days,london st pancras,birmingham new street,Tuesday,anytime
0 days,reading,oxford,Tuesday,anytime
1 days,london euston,manchester piccadilly,Wednesday,advance
1 days,manchester piccadilly,sheffield,Wednesday,advance
0 days,london euston,manchester piccadilly,Tuesday,anytime
1 days,london kings cross,york,Wednesday,advance
0 days,manchester piccadilly,sheffield,Tuesday,anytime
0 days,london paddington,reading,Tuesday,anytime
0 days,london paddington,oxford,Tuesday,anytime
0 days,london paddington,oxford,Tuesday,anytime
0 days,london paddington,reading,Tuesday,anytime
1 days,liverpool lime street,manchester piccadilly,Wednesday,advance
0 days,london kings cross,york,Tuesday,anytime
0 days,london paddington,reading,Tuesday,off-peak
1 days,manchester piccadilly,liverpool lime street,Wednesday,advance
1 days,manchester piccadilly,liverpool lime street,Wednesday,advance
1 days,manchester piccadilly,liverpool lime street,Wednesday,advance
1 days,london paddington,reading,Wednesday,advance
1 days,london paddington,reading,Wednesday,advance
1 days,london paddington,reading,Wednesday,advance
1 days,manchester piccadilly,liverpool lime street,Wednesday,advance
1 days,london st pancras,wolverhampton,Wednesday,advance
1 days,london st pancras,birmingham new street,Wednesday,advance
1 days,london euston,birmingham new street,Wednesday,advance
1 days,london kings cross,york,Wednesday,advance
1 days,london st pancras,wolverhampton,Wednesday,advance
16 days,london euston,birmingham new street,Thursday,advance
1 days,london paddington,reading,Wednesday,advance
1 days,london kings cross,york,Wednesday,advance
1 days,london kings cross,york,Wednesday,advance
1 days,london kings cross,york,Wednesday,advance
1 days,london st pancras,birmingham new street,Wednesday,advance
1 days,london paddington,oxford,Wednesday,advance
1 days,london paddington,reading,Wednesday,advance
1 days,london paddington,reading,Wednesday,advance
1 days,london euston,birmingham new street,Wednesday,advance
1 days,london kings cross,york,Wednesday,advance
1 days,london kings cross,york,Wednesday,advance
1 days,london kings cross,york,Wednesday,advance
1 days,york,peterborough,Wednesday,advance
1 days,london kings cross,york,Wednesday,advance
1 days,london kings cross,york,Wednesday,advance
0 days,london euston,birmingham new street,Tuesday,off-peak
1 days,york,doncaster,Wednesday,advance
0 days,liverpool lime street,manchester piccadilly,Tuesday,off-peak
0 days,london st pancras,birmingham new street,Tuesday,off-peak
0 days,manchester piccadilly,liverpool lime street,Tuesday,off-peak
1 days,london st pancras,birmingham new street,Wednesday,advance
0 days,manchester piccadilly,liverpool lime street,Tuesday,off-peak
1 days,manchester piccadilly,london euston,Wednesday,advance
0 days,london kings cross,york,Tuesday,off-peak
1 days,liverpool lime street,london euston,Wednesday,advance
1 days,liverpool lime street,london euston,Wednesday,advance
1 days,london euston,manchester piccadilly,Wednesday,advance
1 days,liverpool lime street,london euston,Wednesday,advance
1 days,birmingham new street,liverpool lime street,Wednesday,advance
1 days,london euston,manchester piccadilly,Wednesday,advance
18 days,london euston,birmingham new street,Saturday,advance
1 days,manchester piccadilly,sheffield,Wednesday,advance
0 days,london kings cross,york,Tuesday,off-peak
0 days,london kings cross,york,Tuesday,off-peak
0 days,london kings cross,york,Tuesday,off-peak
0 days,london st pancras,birmingham new street,Tuesday,off-peak
1 days,london paddington,reading,Wednesday,advance
1 days,london kings cross,york,Wednesday,advance
1 days,manchester piccadilly,liverpool lime street,Wednesday,advance
1 days,london kings cross,york,Wednesday,advance
0 days,birmingham new street,london st pancras,Tuesday,off-peak
1 days,manchester piccadilly,leeds,Wednesday,advance
0 days,london st pancras,birmingham new street,Tuesday,off-peak
0 days,liverpool lime street,manchester piccadilly,Tuesday,off-peak
0 days,york,edinburgh,Tuesday,off-peak
0 days,london euston,birmingham new street,Tuesday,off-peak
0 days,london kings cross,york,Tuesday,off-peak
0 days,london euston,birmingham new street,Tuesday,off-peak
1 days,london kings cross,york,Wednesday,advance
0 days,manchester piccadilly,liverpool lime street,Tuesday,off-peak
0 days,manchester piccadilly,sheffield,Tuesday,off-peak
0 days,manchester piccadilly,liverpool lime street,Tuesday,off-peak
0 days,london paddington,reading,Tuesday,off-peak
1 days,london st pancras,birmingham new street,Wednesday,advance
1 days,manchester piccadilly,liverpool lime street,Wednesday,advance
1 days,manchester piccadilly,liverpool lime street,Wednesday,advance
0 days,london paddington,reading,Tuesday,off-peak
0 days,london paddington,reading,Tuesday,off-peak
1 days,manchester piccadilly,liverpool lime street,Wednesday,advance
1 days,manchester piccadilly,liverpool lime street,Wednesday,advance
0 days,london paddington,manchester piccadilly,Tuesday,off-peak
0 days,manchester piccadilly,liverpool lime street,Tuesday,off-peak
1 days,london paddington,reading,Wednesday,advance
0 days,manchester piccadilly,london euston,Tuesday,off-peak
0 days,london euston,birmingham new street,Tuesday,off-peak
1 days,london euston,birmingham new street,Wednesday,advance
1 days,liverpool lime street,manchester piccadilly,Wednesday,advance
0 days,birmingham new street,liverpool lime street,Tuesday,off-peak
0 days,london euston,birmingham new street,Tuesday,off-peak
0 days,manchester piccadilly,liverpool lime street,Tuesday,off-peak
0 days,london euston,birmingham new street,Tuesday,off-peak
0 days,manchester piccadilly,liverpool lime street,Tuesday,anytime
0 days,london euston,birmingham new street,Tuesday,anytime
0 days,london euston,birmingham new street,Tuesday,anytime
0 days,london kings cross,york,Tuesday,anytime
1 days,london euston,birmingham new street,Wednesday,advance
1 days,london kings cross,york,Wednesday,advance
0 days,london kings cross,york,Tuesday,anytime
1 days,liverpool lime street,manchester piccadilly,Wednesday,advance
0 days,birmingham new street,manchester piccadilly,Tuesday,anytime
1 days,london euston,birmingham new street,Wednesday,advance
0 days,birmingham new street,manchester piccadilly,Tuesday,anytime
0 days,birmingham new street,manchester piccadilly,Tuesday,anytime
1 days,birmingham new street,london st pancras,Wednesday,advance
1 days,reading,london paddington,Wednesday,advance
0 days,edinburgh waverley,london kings cross,Tuesday,off-peak
0 days,london kings cross,york,Tuesday,anytime
0 days,london paddington,reading,Tuesday,anytime
0 days,london kings cross,york,Tuesday,anytime
0 days,london paddington,reading,Tuesday,anytime
0 days,london kings cross,york,Tuesday,anytime
1 days,london paddington,reading,Wednesday,advance
1 days,liverpool lime street,sheffield,Wednesday,advance
1 days,london paddington,reading,Wednesday,advance
0 days,london kings cross,york,Tuesday,anytime
1 days,london st pancras,birmingham new street,Wednesday,advance
0 days,birmingham new street,london paddington,Tuesday,anytime
0 days,london kings cross,york,Tuesday,anytime
1 days,manchester piccadilly,liverpool lime street,Wednesday,advance
0 days,liverpool lime street,manchester piccadilly,Tuesday,anytime
0 days,liverpool lime street,manchester piccadilly,Tuesday,anytime
0 days,reading,london paddington,Tuesday,anytime
0 days,manchester piccadilly,liverpool lime street,Tuesday,anytime
0 days,manchester piccadilly,liverpool lime street,Tuesday,anytime
0 days,london euston,birmingham new street,Tuesday,anytime
17 days,liverpool lime street,london euston,Friday,advance
0 days,manchester piccadilly,liverpool lime street,Tuesday,anytime
1 days,london st pancras,birmingham new street,Wednesday,advance
1 days,london paddington,reading,Wednesday,advance
1 days,london st pancras,birmingham new street,Wednesday,advance
0 days,liverpool lime street,london euston,Tuesday,anytime
0 days,liverpool lime street,manchester piccadilly,Tuesday,anytime
0 days,london euston,birmingham new street,Tuesday,anytime
0 days,liverpool lime street,manchester piccadilly,Tuesday,anytime
0 days,manchester piccadilly,liverpool lime street,Tuesday,anytime
0 days,birmingham new street,nuneaton,Tuesday,anytime
0 days,london st pancras,birmingham new street,Tuesday,anytime
0 days,birmingham new street,coventry,Tuesday,anytime
1 days,manchester piccadilly,liverpool lime street,Wednesday,advance
1 days,manchester piccadilly,liverpool lime street,Wednesday,advance
0 days,birmingham new street,nuneaton,Tuesday,anytime
0 days,london paddington,reading,Tuesday,anytime
0 days,london euston,manchester piccadilly,Tuesday,anytime
0 days,birmingham new street,tamworth,Tuesday,anytime
0 days,london paddington,reading,Tuesday,anytime
0 days,london st pancras,birmingham new street,Tuesday,anytime
0 days,birmingham new street,tamworth,Tuesday,anytime
1 days,london euston,birmingham new street,Wednesday,advance
1 days,london euston,birmingham new street,Wednesday,advance
1 days,london kings cross,york,Wednesday,advance
1 days,london euston,birmingham new street,Wednesday,advance
1 days,london euston,birmingham new street,Wednesday,advance
1 days,manchester piccadilly,liverpool lime street,Wednesday,advance
1 days,manchester piccadilly,liverpool lime street,Wednesday,advance
1 days,liverpool lime street,manchester piccadilly,Wednesday,advance
1 days,manchester piccadilly,liverpool lime street,Wednesday,advance
1 days,london paddington,reading,Wednesday,advance
1 days,london euston,birmingham new street,Wednesday,advance
20 days,london st pancras,leicester,Monday,advance
1 days,manchester piccadilly,liverpool lime street,Wednesday,advance
1 days,london kings cross,york,Wednesday,advance
1 days,london paddington,reading,Wednesday,advance
0 days,london kings cross,york,Tuesday,off-peak
0 days,london st pancras,leicester,Tuesday,anytime
1 days,birmingham new street,liverpool lime street,Wednesday,advance
0 days,manchester piccadilly,liverpool lime street,Tuesday,anytime
0 days,manchester piccadilly,liverpool lime street,Tuesday,anytime
1 days,london paddington,reading,Wednesday,advance
1 days,liverpool lime street,manchester piccadilly,Wednesday,advance
1 days,liverpool lime street,manchester piccadilly,Wednesday,advance
1 days,london euston,birmingham new street,Wednesday,advance
1 days,liverpool lime street,manchester piccadilly,Wednesday,advance
1 days,london euston,birmingham new street,Wednesday,advance
1 days,london st pancras,birmingham new street,Wednesday,advance
1 days,manchester piccadilly,liverpool lime street,Wednesday,advance
1 days,manchester piccadilly,liverpool lime street,Wednesday,advance
1 days,manchester piccadilly,liverpool lime street,Wednesday,advance
1 days,london euston,birmingham new street,Wednesday,advance
1 days,london euston,manchester piccadilly,Wednesday,advance
1 days,manchester piccadilly,liverpool lime street,Wednesday,advance
1 days,reading,liverpool lime street,Wednesday,advance
1 days,london euston,birmingham new street,Wednesday,advance
1 days,birmingham new street,york,Wednesday,advance
0 days,london euston,birmingham new street,Tuesday,off-peak
0 days,london paddington,reading,Tuesday,off-peak
0 days,manchester piccadilly,liverpool lime street,Tuesday,off-peak
1 days,london st pancras,birmingham new street,Wednesday,advance
1 days,london kings cross,york,Wednesday,advance
1 days,london st pancras,birmingham new street,Wednesday,advance
1 days,london st pancras,birmingham new street,Wednesday,advance
1 days,york,peterborough,Wednesday,advance
1 days,birmingham new street,stafford,Wednesday,advance
18 days,manchester piccadilly,liverpool lime street,Saturday,advance
1 days,liverpool lime street,crewe,Wednesday,advance
1 days,london euston,manchester piccadilly,Wednesday,advance
1 days,manchester piccadilly,liverpool lime street,Wednesday,advance
1 days,birmingham new street,nuneaton,Wednesday,advance
1 days,birmingham new street,coventry,Wednesday,advance
1 days,london paddington,reading,Wednesday,advance
1 days,london st pancras,birmingham new street,Wednesday,advance
0 days,liverpool lime street,manchester piccadilly,Tuesday,off-peak
0 days,london kings cross,york,Tuesday,off-peak
0 days,london euston,manchester piccadilly,Tuesday,off-peak
1 days,london kings cross,york,Wednesday,advance
1 days,manchester piccadilly,liverpool lime street,Wednesday,advance
1 days,liverpool lime street,manchester piccadilly,Wednesday,advance
1 days,liverpool lime street,manchester piccadilly,Wednesday,advance
1 days,london euston,birmingham new street,Wednesday,advance
1 days,london euston,birmingham new street,Wednesday,advance
1 days,liverpool lime street,manchester piccadilly,Wednesday,advance
1 days,manchester piccadilly,liverpool lime street,Wednesday,advance
1 days,manchester piccadilly,liverpool lime street,Wednesday,advance
1 days,manchester piccadilly,liverpool lime street,Wednesday,advance
1 days,manchester piccadilly,liverpool lime street,Wednesday,advance
1 days,liverpool lime street,manchester piccadilly,Wednesday,advance
1 days,liverpool lime street,manchester piccadilly,Wednesday,advance
1 days,liverpool lime street,manchester piccadilly,Wednesday,advance
1 days,london kings cross,york,Wednesday,advance
1 days,london kings cross,york,Wednesday,advance
1 days,london st pancras,birmingham new street,Wednesday,advance
1 days,london euston,manchester piccadilly,Thursday,advance
1 days,york,edinburgh,Thursday,advance
0 days,liverpool lime street,manchester piccadilly,Wednesday,off-peak
0 days,london paddington,reading,Wednesday,off-peak
0 days,liverpool lime street,manchester piccadilly,Wednesday,off-peak
0 days,manchester piccadilly,london paddington,Wednesday,off-peak
0 days,liverpool lime street,manchester piccadilly,Wednesday,off-peak
0 days,london euston,birmingham new street,Wednesday,off-peak
0 days,london euston,birmingham new street,Wednesday,off-peak
1 days,liverpool lime street,manchester piccadilly,Thursday,advance
1 days,liverpool lime street,manchester piccadilly,Thursday,advance
0 days,manchester piccadilly,liverpool lime street,Wednesday,off-peak
1 days,liverpool lime street,manchester piccadilly,Thursday,advance
1 days,liverpool lime street,manchester piccadilly,Thursday,advance
0 days,liverpool lime street,manchester piccadilly,Wednesday,off-peak
0 days,london paddington,reading,Wednesday,off-peak
0 days,birmingham new street,reading,Wednesday,off-peak
0 days,manchester piccadilly,sheffield,Wednesday,off-peak
0 days,manchester piccadilly,liverpool lime street,Wednesday,off-peak
0 days,liverpool lime street,manchester piccadilly,Wednesday,off-peak
0 days,london euston,birmingham new street,Wednesday,off-peak
0 days,london st pancras,birmingham new street,Wednesday,off-peak
0 days,liverpool lime street,manchester piccadilly,Wednesday,off-peak
0 days,liverpool lime street,manchester piccadilly,Wednesday,off-peak
1 days,london kings cross,york,Thursday,advance
0 days,london kings cross,liverpool lime street,Wednesday,off-peak
1 days,liverpool lime street,manchester piccadilly,Thursday,advance
17 days,manchester piccadilly,nottingham,Saturday,advance
1 days,london st pancras,birmingham new street,Thursday,advance
18 days,london st pancras,birmingham new street,Sunday,advance
1 days,london euston,birmingham new street,Thursday,advance
0 days,london kings cross,york,Wednesday,off-peak
0 days,birmingham new street,london st pancras,Wednesday,off-peak
1 days,london euston,birmingham new street,Thursday,advance
1 days,london kings cross,york,Thursday,advance
0 days,manchester piccadilly,liverpool lime street,Wednesday,anytime
0 days,manchester piccadilly,liverpool lime street,Wednesday,anytime
0 days,manchester piccadilly,liverpool lime street,Wednesday,anytime
0 days,manchester piccadilly,liverpool lime street,Wednesday,anytime
0 days,birmingham new street,london st pancras,Wednesday,anytime
0 days,birmingham new street,london st pancras,Wednesday,anytime
0 days,london euston,birmingham new street,Wednesday,anytime
0 days,manchester piccadilly,liverpool lime street,Wednesday,anytime
0 days,london st pancras,wolverhampton,Wednesday,anytime
1 days,manchester piccadilly,liverpool lime street,Thursday,advance
0 days,manchester piccadilly,liverpool lime street,Wednesday,anytime
1 days,manchester piccadilly,london euston,Thursday,advance
0 days,london euston,manchester piccadilly,Wednesday,anytime
0 days,liverpool lime street,manchester piccadilly,Wednesday,anytime
0 days,manchester piccadilly,liverpool lime street,Wednesday,anytime
0 days,liverpool lime street,manchester piccadilly,Wednesday,anytime
1 days,london kings cross,york,Thursday,advance
0 days,london euston,birmingham new street,Wednesday,anytime
0 days,london paddington,reading,Wednesday,anytime
1 days,liverpool lime street,manchester piccadilly,Thursday,advance
0 days,london euston,birmingham new street,Wednesday,anytime
0 days,london paddington,london waterloo,Wednesday,anytime
0 days,reading,swindon,Wednesday,anytime
0 days,london kings cross,york,Wednesday,anytime
0 days,reading,swindon,Wednesday,anytime
0 days,london kings cross,york,Wednesday,anytime
0 days,york,peterborough,Wednesday,anytime
1 days,london paddington,reading,Thursday,advance
0 days,york,peterborough,Wednesday,anytime
1 days,london kings cross,york,Thursday,advance
0 days,london paddington,reading,Wednesday,anytime
0 days,liverpool lime street,london euston,Wednesday,anytime
0 days,london euston,manchester piccadilly,Wednesday,anytime
0 days,london st pancras,birmingham new street,Wednesday,anytime
0 days,manchester piccadilly,london euston,Wednesday,anytime
0 days,liverpool lime street,london euston,Wednesday,anytime
1 days,liverpool lime street,manchester piccadilly,Thursday,advance
0 days,london st pancras,birmingham new street,Wednesday,anytime
0 days,london kings cross,york,Wednesday,anytime
1 days,london euston,manchester piccadilly,Thursday,advance
0 days,london paddington,reading,Wednesday,anytime
0 days,london paddington,reading,Wednesday,anytime
0 days,london paddington,oxford,Wednesday,anytime
0 days,london kings cross,york,Wednesday,anytime
18 days,liverpool lime street,manchester piccadilly,Sunday,advance
0 days,london paddington,reading,Wednesday,anytime
0 days,london paddington,oxford,Wednesday,anytime
0 days,london paddington,oxford,Wednesday,anytime
0 days,london paddington,oxford,Wednesday,anytime
0 days,liverpool lime street,manchester piccadilly,Wednesday,off-peak
0 days,liverpool lime street,manchester piccadilly,Wednesday,off-peak
0 days,london kings cross,edinburgh waverley,Wednesday,anytime
0 days,manchester piccadilly,liverpool lime street,Wednesday,off-peak
1 days,london paddington,reading,Thursday,advance
0 days,london kings cross,edinburgh waverley,Wednesday,anytime
0 days,manchester piccadilly,liverpool lime street,Wednesday,off-peak
1 days,london kings cross,york,Thursday,advance
0 days,manchester piccadilly,liverpool lime street,Wednesday,off-peak
0 days,london paddington,reading,Wednesday,off-peak
1 days,london kings cross,york,Thursday,advance
1 days,london paddington,reading,Thursday,advance
1 days,liverpool lime street,manchester piccadilly,Thursday,advance
1 days,london kings cross,york,Thursday,advance
1 days,manchester piccadilly,liverpool lime street,Thursday,advance
20 days,london paddington,reading,Tuesday,advance
1 days,london paddington,reading,Thursday,advance
1 days,london euston,manchester piccadilly,Thursday,advance
1 days,london euston,birmingham new street,Thursday,advance
1 days,birmingham new street,london st pancras,Thursday,advance
1 days,london euston,birmingham new street,Thursday,advance
1 days,york,doncaster,Thursday,advance
1 days,london euston,manchester piccadilly,Thursday,advance
1 days,birmingham new street,london st pancras,Thursday,advance
1 days,birmingham new street,london kings cross,Thursday,advance
1 days,manchester piccadilly,liverpool lime street,Thursday,advance
1 days,london euston,manchester piccadilly,Thursday,advance
1 days,london euston,birmingham new street,Thursday,advance
1 days,london paddington,oxford,Thursday,advance
1 days,london kings cross,york,Thursday,advance
1 days,london paddington,oxford,Thursday,advance
1 days,london st pancras,birmingham new street,Thursday,advance
1 days,birmingham new street,london st pancras,Thursday,advance
1 days,london paddington,reading,Thursday,advance
1 days,liverpool lime street,manchester piccadilly,Thursday,advance
1 days,london kings cross,york,Thursday,advance
1 days,reading,swindon,Thursday,advance
21 days,reading,swindon,Wednesday,advance
0 days,liverpool lime street,manchester piccadilly,Wednesday,off-peak
1 days,london kings cross,york,Thursday,advance
1 days,york,peterborough,Thursday,advance
1 days,london kings cross,york,Thursday,advance
0 days,london euston,birmingham new street,Wednesday,off-peak
1 days,liverpool lime street,london euston,Thursday,advance
1 days,liverpool lime street,london euston,Thursday,advance
1 days,liverpool lime street,london euston,Thursday,advance
0 days,manchester piccadilly,liverpool lime street,Wednesday,off-peak
1 days,london euston,birmingham new street,Thursday,advance
1 days,reading,oxford,Thursday,advance
0 days,manchester piccadilly,liverpool lime street,Wednesday,off-peak
1 days,liverpool lime street,london euston,Thursday,advance
1 days,liverpool lime street,london euston,Thursday,advance
1 days,manchester piccadilly,leeds,Thursday,advance
1 days,london kings cross,liverpool lime street,Thursday,advance
1 days,london euston,birmingham new street,Thursday,advance
0 days,liverpool lime street,manchester piccadilly,Wednesday,off-peak
0 days,manchester piccadilly,liverpool lime street,Wednesday,off-peak
1 days,liverpool lime street,london st pancras,Thursday,advance
1 days,london st pancras,birmingham new street,Thursday,advance
1 days,london paddington,reading,Thursday,advance
0 days,london st pancras,birmingham new street,Wednesday,off-peak
1 days,liverpool lime street,manchester piccadilly,Thursday,advance
1 days,london paddington,reading,Thursday,advance
1 days,london euston,birmingham new street,Thursday,advance
1 days,manchester piccadilly,nottingham,Thursday,advance
1 days,london euston,birmingham new street,Thursday,advance
1 days,liverpool lime street,manchester piccadilly,Thursday,advance
1 days,london st pancras,birmingham new street,Thursday,advance
0 days,birmingham new street,london st pancras,Wednesday,off-peak
1 days,london paddington,reading,Thursday,advance
0 days,liverpool lime street,manchester piccadilly,Wednesday,off-peak
0 days,birmingham new street,manchester piccadilly,Wednesday,off-peak
1 days,london kings cross,york,Thursday,advance
0 days,london paddington,reading,Wednesday,off-peak
1 days,london euston,birmingham new street,Thursday,advance
1 days,manchester piccadilly,liverpool lime street,Thursday,advance
0 days,london kings cross,york,Wednesday,off-peak
0 days,london kings cross,york,Wednesday,off-peak
0 days,london paddington,reading,Wednesday,off-peak
0 days,manchester piccadilly,liverpool lime street,Wednesday,off-peak
0 days,london euston,birmingham new street,Wednesday,off-peak
0 days,london paddington,reading,Wednesday,off-peak
0 days,london paddington,reading,Wednesday,off-peak
0 days,manchester piccadilly,liverpool lime street,Wednesday,off-peak
0 days,london paddington,reading,Wednesday,off-peak
1 days,london euston,birmingham new street,Thursday,advance
0 days,liverpool lime street,sheffield,Wednesday,off-peak
0 days,london st pancras,birmingham new street,Wednesday,off-peak
0 days,london kings cross,york,Wednesday,off-peak
1 days,london paddington,liverpool lime street,Thursday,advance
1 days,manchester piccadilly,liverpool lime street,Thursday,advance
1 days,london st pancras,birmingham new street,Thursday,advance
0 days,manchester piccadilly,liverpool lime street,Wednesday,off-peak
0 days,london paddington,reading,Wednesday,off-peak
1 days,london st pancras,birmingham new street,Thursday,advance
1 days,london kings cross,york,Thursday,advance
1 days,london kings cross,york,Thursday,advance
0 days,london euston,birmingham new street,Wednesday,off-peak
1 days,london euston,birmingham new street,Thursday,advance
1 days,london euston,birmingham new street,Thursday,advance
0 days,london paddington,reading,Wednesday,off-peak
0 days,london euston,birmingham new street,Wednesday,off-peak
0 days,london euston,birmingham new street,Wednesday,off-peak
1 days,york,edinburgh,Thursday,advance
0 days,london st pancras,birmingham new street,Wednesday,anytime
0 days,london euston,birmingham new street,Wednesday,anytime
0 days,london kings cross,york,Wednesday,anytime
0 days,london euston,birmingham new street,Wednesday,anytime
0 days,manchester piccadilly,liverpool lime street,Wednesday,anytime
0 days,birmingham new street,manchester piccadilly,Wednesday,anytime
0 days,manchester piccadilly,liverpool lime street,Wednesday,anytime
1 days,london paddington,reading,Thursday,advance
0 days,london kings cross,liverpool lime street,Wednesday,anytime
0 days,birmingham new street,manchester piccadilly,Wednesday,anytime
1 days,london euston,birmingham new street,Thursday,advance
0 days,london euston,birmingham new street,Wednesday,anytime
0 days,birmingham new street,manchester piccadilly,Wednesday,anytime
1 days,london euston,birmingham new street,Thursday,advance
0 days,liverpool lime street,sheffield,Wednesday,anytime
1 days,manchester piccadilly,liverpool lime street,Thursday,advance
1 days,london st pancras,birmingham new street,Thursday,advance
0 days,london kings cross,york,Wednesday,anytime
0 days,london euston,birmingham new street,Wednesday,anytime
0 days,manchester piccadilly,liverpool lime street,Wednesday,anytime
0 days,manchester piccadilly,liverpool lime street,Wednesday,anytime
0 days,london st pancras,birmingham new street,Wednesday,anytime
0 days,london euston,birmingham new street,Wednesday,anytime
0 days,london euston,birmingham new street,Wednesday,anytime
0 days,london paddington,reading,Wednesday,anytime
1 days,london paddington,reading,Thursday,advance
0 days,london kings cross,york,Wednesday,anytime
0 days,liverpool lime street,london euston,Wednesday,anytime
0 days,liverpool lime street,london euston,Wednesday,anytime
1 days,manchester piccadilly,liverpool lime street,Thursday,advance
0 days,london st pancras,birmingham new street,Wednesday,anytime
0 days,london st pancras,birmingham new street,Wednesday,anytime
1 days,manchester piccadilly,liverpool lime street,Thursday,advance
0 days,birmingham new street,coventry,Wednesday,anytime
1 days,liverpool lime street,manchester piccadilly,Thursday,advance
1 days,london kings cross,york,Thursday,advance
1 days,london euston,birmingham new street,Thursday,advance
0 days,reading,didcot,Wednesday,anytime
1 days,london kings cross,york,Thursday,advance
0 days,liverpool lime street,crewe,Wednesday,anytime
1 days,london kings cross,york,Thursday,advance
1 days,york,peterborough,Thursday,advance
0 days,london st pancras,birmingham new street,Wednesday,off-peak
0 days,london st pancras,birmingham new street,Wednesday,off-peak
1 days,liverpool lime street,manchester piccadilly,Thursday,advance
1 days,london kings cross,liverpool lime street,Thursday,advance
0 days,manchester piccadilly,liverpool lime street,Wednesday,off-peak
1 days,birmingham new street,manchester piccadilly,Thursday,advance
0 days,manchester piccadilly,liverpool lime street,Wednesday,anytime
0 days,london st pancras,leicester,Wednesday,anytime
0 days,london kings cross,york,Wednesday,off-peak
1 days,manchester piccadilly,liverpool lime street,Thursday,advance
0 days,liverpool lime street,manchester piccadilly,Wednesday,off-peak
0 days,manchester piccadilly,liverpool lime street,Wednesday,off-peak
0 days,london paddington,reading,Wednesday,off-peak
1 days,london euston,manchester piccadilly,Thursday,advance
1 days,manchester piccadilly,liverpool lime street,Thursday,advance
16 days,london euston,birmingham new street,Friday,advance
0 days,london paddington,reading,Wednesday,off-peak
0 days,manchester piccadilly,liverpool lime street,Wednesday,off-peak
0 days,london euston,birmingham new street,Wednesday,off-peak
1 days,london st pancras,leicester,Thursday,advance
1 days,london euston,birmingham new street,Thursday,advance
1 days,manchester piccadilly,liverpool lime street,Thursday,advance
1 days,manchester piccadilly,liverpool lime street,Thursday,advance
1 days,london st pancras,leicester,Thursday,advance
1 days,manchester piccadilly,liverpool lime street,Thursday,advance
1 days,manchester piccadilly,liverpool lime street,Thursday,advance
1 days,reading,swindon,Thursday,advance
1 days,manchester piccadilly,liverpool lime street,Thursday,advance
1 days,manchester piccadilly,liverpool lime street,Thursday,advance
1 days,london st pancras,birmingham new street,Thursday,advance
0 days,london paddington,reading,Wednesday,off-peak
1 days,reading,birmingham new street,Thursday,advance
1 days,birmingham new street,york,Thursday,advance
1 days,birmingham new street,nuneaton,Thursday,advance
1 days,london st pancras,birmingham new street,Thursday,advance
1 days,london euston,manchester piccadilly,Thursday,advance
1 days,london st pancras,birmingham new street,Thursday,advance
16 days,london paddington,reading,Friday,advance
1 days,london st pancras,birmingham new street,Thursday,advance
1 days,birmingham new street,nuneaton,Thursday,advance
1 days,london st pancras,birmingham new street,Thursday,advance
1 days,birmingham new street,stafford,Thursday,advance
1 days,liverpool lime street,crewe,Thursday,advance
20 days,london kings cross,york,Tuesday,advance
1 days,london st pancras,birmingham new street,Thursday,advance
1 days,birmingham new street,nuneaton,Thursday,advance
1 days,london st pancras,wolverhampton,Thursday,advance
1 days,london st pancras,birmingham new street,Thursday,advance
1 days,london kings cross,york,Thursday,advance
20 days,liverpool lime street,crewe,Tuesday,advance
1 days,london kings cross,york,Thursday,advance
0 days,london euston,birmingham new street,Wednesday,off-peak
1 days,birmingham new street,stafford,Thursday,advance
0 days,london euston,birmingham new street,Wednesday,off-peak
0 days,london euston,manchester piccadilly,Wednesday,off-peak
1 days,manchester piccadilly,liverpool lime street,Thursday,advance
1 days,london kings cross,york,Thursday,advance
1 days,london kings cross,york,Thursday,advance
1 days,liverpool lime street,manchester piccadilly,Thursday,advance
15 days,london euston,birmingham new street,Thursday,advance
1 days,liverpool lime street,manchester piccadilly,Thursday,advance
1 days,manchester piccadilly,liverpool lime street,Thursday,advance
20 days,liverpool lime street,manchester piccadilly,Tuesday,advance
1 days,london kings cross,york,Thursday,advance
1 days,liverpool lime street,manchester piccadilly,Thursday,advance
1 days,london kings cross,york,Thursday,advance
1 days,london paddington,reading,Thursday,advance
0 days,liverpool lime street,manchester piccadilly,Thursday,off-peak
0 days,london euston,birmingham new street,Thursday,off-peak
0 days,london paddington,reading,Thursday,off-peak
0 days,oxford,bristol temple meads,Thursday,off-peak
0 days,liverpool lime street,manchester piccadilly,Thursday,off-peak
0 days,oxford,bristol temple meads,Thursday,off-peak
0 days,manchester piccadilly,nottingham,Thursday,off-peak
0 days,london paddington,reading,Thursday,off-peak
0 days,london euston,birmingham new street,Thursday,off-peak
0 days,liverpool lime street,manchester piccadilly,Thursday,off-peak
0 days,london st pancras,birmingham new street,Thursday,off-peak
1 days,manchester piccadilly,london paddington,Friday,advance
1 days,london euston,birmingham new street,Friday,advance
14 days,london euston,birmingham new street,Thursday,advance
1 days,liverpool lime street,manchester piccadilly,Friday,advance
1 days,liverpool lime street,manchester piccadilly,Friday,advance
0 days,liverpool lime street,manchester piccadilly,Thursday,off-peak
1 days,london kings cross,york,Friday,advance
0 days,manchester piccadilly,london euston,Thursday,off-peak
0 days,birmingham new street,reading,Thursday,off-peak
0 days,london kings cross,york,Thursday,off-peak
1 days,london paddington,reading,Friday,advance
0 days,london st pancras,birmingham new street,Thursday,off-peak
0 days,manchester piccadilly,liverpool lime street,Thursday,off-peak
0 days,manchester piccadilly,liverpool lime street,Thursday,off-peak
0 days,london paddington,reading,Thursday,off-peak
0 days,london euston,birmingham new street,Thursday,off-peak
0 days,london kings cross,york,Thursday,off-peak
0 days,london paddington,reading,Thursday,off-peak
1 days,liverpool lime street,manchester piccadilly,Friday,advance
1 days,liverpool lime street,leeds,Friday,advance
1 days,london kings cross,liverpool lime street,Friday,advance
0 days,liverpool lime street,manchester piccadilly,Thursday,off-peak
1 days,manchester piccadilly,liverpool lime street,Friday,advance
0 days,london kings cross,york,Thursday,off-peak
0 days,london euston,birmingham new street,Thursday,off-peak
1 days,liverpool lime street,manchester piccadilly,Friday,advance
1 days,liverpool lime street,manchester piccadilly,Friday,advance
0 days,london paddington,reading,Thursday,anytime
0 days,london paddington,reading,Thursday,anytime
0 days,london paddington,reading,Thursday,anytime
0 days,london paddington,reading,Thursday,anytime
0 days,manchester piccadilly,liverpool lime street,Thursday,anytime
0 days,york,peterborough,Thursday,anytime
0 days,manchester piccadilly,liverpool lime street,Thursday,anytime
0 days,london paddington,reading,Thursday,anytime
0 days,manchester piccadilly,liverpool lime street,Thursday,anytime
0 days,birmingham new street,london st pancras,Thursday,anytime
0 days,london st pancras,wolverhampton,Thursday,anytime
0 days,birmingham new street,stafford,Thursday,anytime
0 days,manchester piccadilly,liverpool lime street,Thursday,anytime
0 days,london euston,birmingham new street,Thursday,anytime
0 days,london euston,birmingham new street,Thursday,anytime
0 days,york,doncaster,Thursday,anytime
0 days,york,doncaster,Thursday,anytime
0 days,birmingham new street,london st pancras,Thursday,anytime
0 days,birmingham new street,london st pancras,Thursday,anytime
1 days,london euston,birmingham new street,Friday,advance
1 days,london kings cross,york,Friday,advance
0 days,liverpool lime street,manchester piccadilly,Thursday,anytime
0 days,oxford,bristol temple meads,Thursday,anytime
0 days,london paddington,reading,Thursday,anytime
0 days,london paddington,reading,Thursday,anytime
1 days,london kings cross,york,Friday,advance
0 days,london kings cross,york,Thursday,off-peak
1 days,london euston,birmingham new street,Friday,advance
0 days,manchester piccadilly,liverpool lime street,Thursday,anytime
0 days,york,peterborough,Thursday,anytime
1 days,london paddington,reading,Friday,advance
0 days,reading,swindon,Thursday,anytime
0 days,liverpool lime street,manchester piccadilly,Thursday,anytime
0 days,london kings cross,york,Thursday,anytime
0 days,london kings cross,york,Thursday,anytime
0 days,liverpool lime street,london euston,Thursday,anytime
1 days,london kings cross,york,Friday,advance
0 days,liverpool lime street,london euston,Thursday,anytime
0 days,liverpool lime street,london euston,Thursday,anytime
0 days,liverpool lime street,london euston,Thursday,anytime
0 days,london kings cross,york,Thursday,anytime
0 days,manchester piccadilly,leeds,Thursday,anytime
0 days,london euston,birmingham new street,Thursday,anytime
0 days,london euston,birmingham new street,Thursday,anytime
0 days,london paddington,reading,Thursday,anytime
0 days,london euston,birmingham new street,Thursday,anytime
0 days,london paddington,reading,Thursday,anytime
0 days,london paddington,reading,Thursday,anytime
0 days,london paddington,oxford,Thursday,anytime
0 days,london paddington,oxford,Thursday,anytime
0 days,london paddington,reading,Thursday,anytime
1 days,manchester piccadilly,liverpool lime street,Friday,advance
0 days,london paddington,reading,Thursday,off-peak
1 days,london kings cross,york,Friday,advance
1 days,oxford,bristol temple meads,Friday,advance
0 days,manchester piccadilly,nottingham,Thursday,off-peak
0 days,liverpool lime street,manchester piccadilly,Thursday,off-peak
1 days,manchester piccadilly,liverpool lime street,Friday,advance
22 days,london kings cross,york,Friday,advance
1 days,reading,oxford,Friday,advance
1 days,london kings cross,york,Friday,advance
1 days,manchester piccadilly,liverpool lime street,Friday,advance
1 days,manchester piccadilly,liverpool lime street,Friday,advance
1 days,london kings cross,york,Friday,advance
1 days,london st pancras,wolverhampton,Friday,advance
1 days,london paddington,reading,Friday,advance
1 days,london euston,birmingham new street,Friday,advance
1 days,london paddington,reading,Friday,advance
1 days,york,doncaster,Friday,advance
1 days,birmingham new street,london st pancras,Friday,advance
1 days,birmingham new street,london st pancras,Friday,advance
1 days,birmingham new street,london st pancras,Friday,advance
1 days,reading,london paddington,Friday,advance
1 days,london kings cross,york,Friday,advance
1 days,london paddington,reading,Friday,advance
1 days,manchester piccadilly,liverpool lime street,Friday,advance
1 days,london paddington,oxford,Friday,advance
1 days,liverpool lime street,manchester piccadilly,Friday,advance
1 days,london paddington,oxford,Friday,advance
14 days,london paddington,oxford,Thursday,advance
1 days,london kings cross,york,Friday,advance
1 days,london kings cross,york,Friday,advance
1 days,london st pancras,birmingham new street,Friday,advance
1 days,london paddington,reading,Friday,advance
1 days,reading,swindon,Friday,advance
1 days,liverpool lime street,manchester piccadilly,Friday,advance
0 days,london euston,birmingham new street,Thursday,off-peak
0 days,manchester piccadilly,liverpool lime street,Thursday,off-peak
1 days,liverpool lime street,crewe,Friday,advance
0 days,liverpool lime street,manchester piccadilly,Thursday,off-peak
1 days,london kings cross,york,Friday,advance
0 days,manchester piccadilly,liverpool lime street,Thursday,off-peak
0 days,london st pancras,birmingham new street,Thursday,off-peak
0 days,birmingham new street,liverpool lime street,Thursday,off-peak
1 days,liverpool lime street,london euston,Friday,advance
1 days,liverpool lime street,london euston,Friday,advance
1 days,liverpool lime street,london euston,Friday,advance
1 days,birmingham new street,london euston,Friday,advance
0 days,liverpool lime street,manchester piccadilly,Thursday,off-peak
1 days,manchester piccadilly,liverpool lime street,Friday,advance
1 days,liverpool lime street,manchester piccadilly,Friday,advance
1 days,london paddington,reading,Friday,advance
0 days,london st pancras,birmingham new street,Thursday,off-peak
1 days,manchester piccadilly,liverpool lime street,Friday,advance
1 days,manchester piccadilly,liverpool lime street,Friday,advance
1 days,manchester piccadilly,liverpool lime street,Friday,advance
0 days,london st pancras,birmingham new street,Thursday,off-peak
0 days,liverpool lime street,manchester piccadilly,Thursday,off-peak
1 days,manchester piccadilly,liverpool lime street,Friday,advance
0 days,london euston,birmingham new street,Thursday,off-peak
15 days,london kings cross,york,Friday,advance
0 days,london euston,birmingham new street,Thursday,off-peak
1 days,manchester piccadilly,liverpool lime street,Friday,advance
0 days,london st pancras,birmingham new street,Thursday,off-peak
0 days,london paddington,reading,Thursday,off-peak
1 days,london euston,birmingham new street,Friday,advance
0 days,liverpool lime street,manchester piccadilly,Thursday,off-peak
1 days,london euston,birmingham new street,Friday,advance
0 days,birmingham new street,london st pancras,Thursday,off-peak
0 days,london paddington,reading,Thursday,off-peak
1 days,manchester piccadilly,liverpool lime street,Friday,advance
0 days,manchester piccadilly,sheffield,Thursday,off-peak
1 days,london kings cross,york,Friday,advance
24 days,manchester piccadilly,liverpool lime street,Sunday,advance
1 days,york,edinburgh,Friday,advance
1 days,york,edinburgh,Friday,advance
1 days,manchester piccadilly,liverpool lime street,Friday,advance
1 days,london euston,birmingham new street,Friday,advance
0 days,london st pancras,birmingham new street,Thursday,off-peak
0 days,london paddington,reading,Thursday,off-peak
1 days,london st pancras,birmingham new street,Friday,advance
1 days,london paddington,reading,Friday,advance
1 days,london paddington,reading,Friday,advance
1 days,manchester piccadilly,london st pancras,Friday,advance
1 days,london st pancras,birmingham new street,Friday,advance
18 days,london st pancras,birmingham new street,Monday,advance
0 days,london paddington,reading,Thursday,off-peak
1 days,london st pancras,birmingham new street,Friday,advance
0 days,london paddington,reading,Thursday,off-peak
1 days,london euston,birmingham new street,Friday,advance
0 days,london euston,birmingham new street,Thursday,off-peak
0 days,london paddington,reading,Thursday,off-peak
1 days,london euston,manchester piccadilly,Friday,advance
0 days,london euston,birmingham new street,Thursday,off-peak
1 days,london paddington,reading,Friday,advance
0 days,london euston,birmingham new street,Thursday,off-peak
0 days,manchester piccadilly,liverpool lime street,Thursday,anytime
0 days,london euston,birmingham new street,Thursday,anytime
0 days,london kings cross,york,Thursday,anytime
0 days,london st pancras,birmingham new street,Thursday,anytime
0 days,london euston,birmingham new street,Thursday,anytime
0 days,london euston,birmingham new street,Thursday,anytime
0 days,manchester piccadilly,liverpool lime street,Thursday,anytime
1 days,manchester piccadilly,liverpool lime street,Friday,advance
1 days,manchester piccadilly,liverpool lime street,Friday,advance
0 days,london euston,birmingham new street,Thursday,anytime
1 days,london kings cross,york,Friday,advance
0 days,london euston,birmingham new street,Thursday,anytime
0 days,london kings cross,york,Thursday,anytime
1 days,liverpool lime street,manchester piccadilly,Friday,advance
0 days,edinburgh waverley,london kings cross,Thursday,off-peak
0 days,london paddington,reading,Thursday,anytime
0 days,london kings cross,york,Thursday,anytime
1 days,london paddington,reading,Friday,advance
1 days,london kings cross,york,Friday,advance
1 days,london paddington,reading,Friday,advance
0 days,reading,swindon,Thursday,anytime
0 days,london st pancras,birmingham new street,Thursday,anytime
0 days,london st pancras,birmingham new street,Thursday,anytime
1 days,london paddington,reading,Friday,advance
0 days,london st pancras,birmingham new street,Thursday,anytime
0 days,london kings cross,york,Thursday,anytime
1 days,london euston,birmingham new street,Friday,advance
0 days,london euston,birmingham new street,Thursday,anytime
0 days,london st pancras,birmingham new street,Thursday,anytime
1 days,london paddington,reading,Friday,advance
0 days,london st pancras,birmingham new street,Thursday,anytime
0 days,london st pancras,birmingham new street,Thursday,anytime
1 days,london st pancras,birmingham new street,Friday,advance
1 days,london paddington,reading,Friday,advance
0 days,london paddington,reading,Thursday,anytime
0 days,liverpool lime street,london euston,Thursday,anytime
0 days,manchester piccadilly,london euston,Thursday,anytime
0 days,london st pancras,birmingham new street,Thursday,anytime
0 days,london st pancras,birmingham new street,Thursday,anytime
0 days,london st pancras,birmingham new street,Thursday,anytime
1 days,london euston,birmingham new street,Friday,advance
0 days,liverpool lime street,crewe,Thursday,anytime
0 days,london st pancras,birmingham new street,Thursday,anytime
0 days,london paddington,reading,Thursday,anytime
0 days,london st pancras,birmingham new street,Thursday,anytime
1 days,london st pancras,birmingham new street,Friday,advance
0 days,liverpool lime street,crewe,Thursday,anytime
0 days,london st pancras,birmingham new street,Thursday,anytime
1 days,london euston,birmingham new street,Friday,advance
0 days,birmingham new street,wolverhampton,Thursday,anytime
1 days,london euston,birmingham new street,Friday,advance
0 days,birmingham new street,coventry,Thursday,anytime
1 days,london kings cross,york,Friday,advance
1 days,london euston,birmingham new street,Friday,advance
1 days,london kings cross,york,Friday,advance
0 days,london st pancras,birmingham new street,Thursday,off-peak
0 days,london euston,birmingham new street,Thursday,off-peak
1 days,london euston,birmingham new street,Friday,advance
1 days,london euston,birmingham new street,Friday,advance
1 days,york,peterborough,Friday,advance
1 days,london euston,birmingham new street,Friday,advance
1 days,london euston,birmingham new street,Friday,advance
1 days,york,peterborough,Friday,advance
1 days,manchester piccadilly,liverpool lime street,Friday,advance
1 days,london paddington,reading,Friday,advance
1 days,london kings cross,liverpool lime street,Friday,advance
1 days,birmingham new street,manchester piccadilly,Friday,advance
1 days,manchester piccadilly,liverpool lime street,Friday,advance
1 days,london euston,birmingham new street,Friday,advance
0 days,manchester piccadilly,liverpool lime street,Thursday,anytime
0 days,london st pancras,leicester,Thursday,anytime
0 days,london st pancras,leicester,Thursday,anytime
0 days,liverpool lime street,manchester piccadilly,Thursday,off-peak
16 days,london kings cross,york,Saturday,advance
1 days,london euston,birmingham new street,Friday,advance
0 days,london paddington,reading,Thursday,off-peak
0 days,manchester piccadilly,liverpool lime street,Thursday,off-peak
0 days,manchester piccadilly,liverpool lime street,Thursday,off-peak
0 days,manchester piccadilly,liverpool lime street,Thursday,off-peak
0 days,manchester piccadilly,liverpool lime street,Thursday,off-peak
0 days,london euston,birmingham new street,Thursday,off-peak
0 days,manchester piccadilly,liverpool lime street,Thursday,off-peak
1 days,london euston,birmingham new street,Friday,advance
1 days,london st pancras,leicester,Friday,advance
1 days,london euston,birmingham new street,Friday,advance
1 days,london st pancras,birmingham new street,Friday,advance
1 days,manchester piccadilly,liverpool lime street,Friday,advance
1 days,london st pancras,birmingham new street,Friday,advance
1 days,manchester piccadilly,liverpool lime street,Friday,advance
0 days,london euston,birmingham new street,Thursday,off-peak
0 days,london euston,birmingham new street,Thursday,off-peak
0 days,london euston,birmingham new street,Thursday,off-peak
0 days,london paddington,reading,Thursday,off-peak
0 days,london euston,birmingham new street,Thursday,off-peak
0 days,london paddington,reading,Thursday,off-peak
0 days,london paddington,reading,Thursday,off-peak
1 days,manchester piccadilly,liverpool lime street,Friday,advance
1 days,birmingham new street,london euston,Friday,advance
1 days,birmingham new street,tamworth,Friday,advance
1 days,london paddington,reading,Friday,advance
1 days,birmingham new street,tamworth,Friday,advance
1 days,london st pancras,birmingham new street,Friday,advance
1 days,manchester piccadilly,liverpool lime street,Friday,advance
1 days,london kings cross,york,Friday,advance
1 days,london st pancras,birmingham new street,Friday,advance
1 days,manchester piccadilly,liverpool lime street,Friday,advance
1 days,london kings cross,york,Friday,advance
1 days,london kings cross,york,Friday,advance
1 days,london paddington,reading,Friday,advance
0 days,london paddington,reading,Thursday,off-peak
1 days,manchester piccadilly,liverpool lime street,Friday,advance
0 days,london kings cross,york,Thursday,off-peak
1 days,london paddington,reading,Friday,advance
1 days,liverpool lime street,manchester piccadilly,Friday,advance
1 days,reading,oxford,Friday,advance
1 days,manchester piccadilly,liverpool lime street,Friday,advance
1 days,london paddington,reading,Friday,advance
1 days,london kings cross,york,Friday,advance
1 days,liverpool lime street,manchester piccadilly,Friday,advance
1 days,liverpool lime street,leeds,Friday,advance
22 days,york,edinburgh,Saturday,advance
0 days,liverpool lime street,manchester piccadilly,Friday,off-peak
0 days,london paddington,reading,Friday,off-peak
0 days,liverpool lime street,manchester piccadilly,Friday,off-peak
0 days,liverpool lime street,manchester piccadilly,Friday,off-peak
0 days,manchester piccadilly,london euston,Friday,off-peak
2 days,london kings cross,edinburgh waverley,Sunday,advance
0 days,york,durham,Friday,off-peak
0 days,london st pancras,birmingham new street,Friday,off-peak
0 days,london st pancras,birmingham new street,Friday,off-peak
0 days,london euston,birmingham new street,Friday,off-peak
0 days,london st pancras,birmingham new street,Friday,off-peak
0 days,london paddington,reading,Friday,off-peak
1 days,london st pancras,birmingham new street,Saturday,advance
1 days,london euston,manchester piccadilly,Saturday,advance
1 days,york,durham,Saturday,advance
1 days,london paddington,reading,Saturday,advance
1 days,york,durham,Saturday,advance
1 days,london euston,birmingham new street,Saturday,advance
1 days,manchester piccadilly,liverpool lime street,Saturday,advance
1 days,liverpool lime street,manchester piccadilly,Saturday,advance
0 days,manchester piccadilly,liverpool lime street,Friday,off-peak
0 days,manchester piccadilly,liverpool lime street,Friday,off-peak
0 days,liverpool lime street,manchester piccadilly,Friday,off-peak
1 days,liverpool lime street,manchester piccadilly,Saturday,advance
0 days,manchester piccadilly,london paddington,Friday,off-peak
1 days,liverpool lime street,manchester piccadilly,Saturday,advance
0 days,birmingham new street,london st pancras,Friday,off-peak
1 days,liverpool lime street,manchester piccadilly,Saturday,advance
1 days,london paddington,reading,Saturday,advance
1 days,liverpool lime street,manchester piccadilly,Saturday,advance
0 days,liverpool lime street,london euston,Friday,off-peak
1 days,liverpool lime street,manchester piccadilly,Saturday,advance
0 days,london kings cross,york,Friday,off-peak
1 days,london euston,birmingham new street,Saturday,advance
1 days,liverpool lime street,manchester piccadilly,Saturday,advance
1 days,london euston,manchester piccadilly,Saturday,advance
1 days,liverpool lime street,manchester piccadilly,Saturday,advance
0 days,manchester piccadilly,liverpool lime street,Friday,anytime
0 days,london paddington,reading,Friday,anytime
0 days,manchester piccadilly,liverpool lime street,Friday,anytime
0 days,birmingham new street,stafford,Friday,anytime
0 days,birmingham new street,london st pancras,Friday,anytime
0 days,london euston,birmingham new street,Friday,anytime
1 days,birmingham new street,reading,Saturday,advance
0 days,birmingham new street,london st pancras,Friday,anytime
0 days,london st pancras,birmingham new street,Friday,anytime
19 days,manchester piccadilly,london euston,Wednesday,advance
0 days,birmingham new street,london st pancras,Friday,anytime
0 days,birmingham new street,london paddington,Friday,anytime
0 days,london euston,birmingham new street,Friday,anytime
0 days,manchester piccadilly,liverpool lime street,Friday,anytime
0 days,liverpool lime street,manchester piccadilly,Friday,anytime
0 days,manchester piccadilly,liverpool lime street,Friday,anytime
0 days,liverpool lime street,manchester piccadilly,Friday,anytime
0 days,oxford,bristol temple meads,Friday,anytime
1 days,london euston,birmingham new street,Saturday,advance
1 days,liverpool lime street,manchester piccadilly,Saturday,advance
0 days,london kings cross,york,Friday,anytime
1 days,london st pancras,birmingham new street,Saturday,advance
0 days,london kings cross,york,Friday,anytime
0 days,london kings cross,york,Friday,anytime
0 days,london paddington,london waterloo,Friday,anytime
0 days,london kings cross,york,Friday,anytime
0 days,liverpool lime street,crewe,Friday,anytime
13 days,london kings cross,york,Thursday,advance
1 days,london kings cross,york,Saturday,advance
0 days,liverpool lime street,london euston,Friday,anytime
0 days,liverpool lime street,london euston,Friday,anytime
0 days,liverpool lime street,london euston,Friday,anytime
0 days,liverpool lime street,london euston,Friday,anytime
0 days,liverpool lime street,london euston,Friday,anytime
0 days,manchester piccadilly,london euston,Friday,anytime
0 days,liverpool lime street,london euston,Friday,anytime
0 days,liverpool lime street,london euston,Friday,anytime
0 days,liverpool lime street,london euston,Friday,anytime
1 days,london kings cross,york,Saturday,advance
1 days,liverpool lime street,manchester piccadilly,Saturday,advance
0 days,liverpool lime street,london euston,Friday,anytime
0 days,liverpool lime street,london euston,Friday,anytime
0 days,london paddington,reading,Friday,anytime
0 days,liverpool lime street,london euston,Friday,anytime
0 days,london euston,manchester piccadilly,Friday,anytime
0 days,london st pancras,birmingham new street,Friday,anytime
1 days,london kings cross,york,Saturday,advance
0 days,manchester piccadilly,liverpool lime street,Friday,anytime
1 days,london st pancras,birmingham new street,Saturday,advance
0 days,london paddington,oxford,Friday,anytime
0 days,london kings cross,york,Friday,anytime
0 days,london paddington,oxford,Friday,anytime
0 days,london paddington,reading,Friday,anytime
13 days,london kings cross,liverpool lime street,Thursday,advance
0 days,london paddington,oxford,Friday,anytime
0 days,london paddington,oxford,Friday,anytime
1 days,london kings cross,york,Saturday,advance
1 days,liverpool lime street,manchester piccadilly,Saturday,advance
0 days,london paddington,reading,Friday,off-peak
1 days,manchester piccadilly,liverpool lime street,Saturday,advance
0 days,manchester piccadilly,liverpool lime street,Friday,off-peak
1 days,london paddington,reading,Saturday,advance
1 days,london kings cross,york,Saturday,advance
1 days,london st pancras,birmingham new street,Saturday,advance
1 days,manchester piccadilly,liverpool lime street,Saturday,advance
1 days,london paddington,reading,Saturday,advance
1 days,london euston,manchester piccadilly,Saturday,advance
1 days,york,doncaster,Saturday,advance
0 days,london euston,birmingham new street,Friday,off-peak
1 days,birmingham new street,london st pancras,Saturday,advance
1 days,london st pancras,birmingham new street,Saturday,advance
1 days,london paddington,oxford,Saturday,advance
1 days,london st pancras,birmingham new street,Saturday,advance
1 days,london paddington,oxford,Saturday,advance
1 days,london st pancras,birmingham new street,Saturday,advance
1 days,london paddington,oxford,Saturday,advance
1 days,london paddington,reading,Saturday,advance
1 days,london paddington,reading,Saturday,advance
1 days,liverpool lime street,manchester piccadilly,Saturday,advance
1 days,birmingham new street,london st pancras,Saturday,advance
1 days,london paddington,reading,Saturday,advance
1 days,oxford,bristol temple meads,Saturday,advance
0 days,manchester piccadilly,liverpool lime street,Friday,off-peak
1 days,london kings cross,york,Saturday,advance
1 days,liverpool lime street,crewe,Saturday,advance
1 days,york,peterborough,Saturday,advance
0 days,liverpool lime street,manchester piccadilly,Friday,off-peak
1 days,liverpool lime street,london euston,Saturday,advance
1 days,liverpool lime street,london euston,Saturday,advance
1 days,manchester piccadilly,london euston,Saturday,advance
1 days,manchester piccadilly,liverpool lime street,Saturday,advance
1 days,liverpool lime street,london euston,Saturday,advance
1 days,liverpool lime street,london euston,Saturday,advance
0 days,london st pancras,birmingham new street,Friday,off-peak
0 days,london st pancras,birmingham new street,Friday,off-peak
1 days,london paddington,reading,Saturday,advance
0 days,london st pancras,birmingham new street,Friday,off-peak
1 days,london st pancras,birmingham new street,Saturday,advance
1 days,london paddington,reading,Saturday,advance
1 days,london paddington,reading,Saturday,advance
1 days,london paddington,reading,Saturday,advance
1 days,london kings cross,york,Saturday,advance
1 days,london st pancras,birmingham new street,Saturday,advance
0 days,london st pancras,birmingham new street,Friday,off-peak
1 days,manchester piccadilly,leeds,Saturday,advance
1 days,manchester piccadilly,leeds,Saturday,advance
1 days,london euston,birmingham new street,Saturday,advance
1 days,london paddington,reading,Saturday,advance
1 days,manchester piccadilly,liverpool lime street,Saturday,advance
0 days,london paddington,reading,Friday,off-peak
0 days,london paddington,reading,Friday,off-peak
1 days,manchester piccadilly,liverpool lime street,Saturday,advance
0 days,london kings cross,york,Friday,off-peak
1 days,manchester piccadilly,liverpool lime street,Saturday,advance
0 days,london euston,birmingham new street,Friday,off-peak
1 days,liverpool lime street,manchester piccadilly,Saturday,advance
1 days,liverpool lime street,manchester piccadilly,Saturday,advance
0 days,manchester piccadilly,liverpool lime street,Friday,off-peak
1 days,liverpool lime street,manchester piccadilly,Saturday,advance
1 days,manchester piccadilly,liverpool lime street,Saturday,advance
0 days,reading,london paddington,Friday,off-peak
0 days,manchester piccadilly,london paddington,Friday,off-peak
1 days,london st pancras,birmingham new street,Saturday,advance
1 days,london st pancras,birmingham new street,Saturday,advance
0 days,london st pancras,birmingham new street,Friday,off-peak
1 days,manchester piccadilly,liverpool lime street,Saturday,advance
0 days,london st pancras,birmingham new street,Friday,off-peak
0 days,manchester piccadilly,liverpool lime street,Friday,off-peak
0 days,london kings cross,york,Friday,off-peak
0 days,london euston,birmingham new street,Friday,off-peak
0 days,manchester piccadilly,liverpool lime street,Friday,off-peak
0 days,birmingham new street,reading,Friday,off-peak
0 days,manchester piccadilly,liverpool lime street,Friday,off-peak
0 days,manchester piccadilly,liverpool lime street,Friday,off-peak
0 days,birmingham new street,reading,Friday,off-peak
1 days,liverpool lime street,manchester piccadilly,Saturday,advance
0 days,reading,london paddington,Friday,off-peak
0 days,london paddington,reading,Friday,off-peak
1 days,london st pancras,birmingham new street,Saturday,advance
1 days,liverpool lime street,manchester piccadilly,Saturday,advance
0 days,london euston,birmingham new street,Friday,off-peak
0 days,london st pancras,birmingham new street,Friday,off-peak
0 days,london euston,birmingham new street,Friday,anytime
0 days,london euston,birmingham new street,Friday,anytime
0 days,london euston,birmingham new street,Friday,anytime
0 days,london euston,birmingham new street,Friday,anytime
1 days,manchester piccadilly,liverpool lime street,Saturday,advance
0 days,london euston,birmingham new street,Friday,anytime
0 days,london st pancras,leicester,Friday,anytime
1 days,london kings cross,york,Saturday,advance
0 days,manchester piccadilly,liverpool lime street,Friday,anytime
1 days,liverpool lime street,manchester piccadilly,Saturday,advance
0 days,manchester piccadilly,liverpool lime street,Friday,anytime
0 days,edinburgh waverley,london kings cross,Friday,off-peak
0 days,liverpool lime street,sheffield,Friday,anytime
0 days,manchester piccadilly,liverpool lime street,Friday,anytime
0 days,london kings cross,york,Friday,anytime
0 days,liverpool lime street,manchester piccadilly,Friday,anytime
0 days,london euston,birmingham new street,Friday,anytime
1 days,manchester piccadilly,liverpool lime street,Saturday,advance
0 days,manchester piccadilly,liverpool lime street,Friday,anytime
0 days,manchester piccadilly,liverpool lime street,Friday,anytime
0 days,london euston,birmingham new street,Friday,anytime
0 days,birmingham new street,tamworth,Friday,anytime
1 days,london kings cross,york,Saturday,advance
1 days,liverpool lime street,manchester piccadilly,Saturday,advance
0 days,london st pancras,birmingham new street,Friday,anytime
0 days,london st pancras,birmingham new street,Friday,anytime
1 days,london euston,birmingham new street,Saturday,advance
0 days,liverpool lime street,london euston,Friday,anytime
1 days,reading,london paddington,Saturday,advance
1 days,manchester piccadilly,liverpool lime street,Saturday,advance
13 days,manchester piccadilly,liverpool lime street,Thursday,advance
0 days,london kings cross,york,Friday,anytime
1 days,london kings cross,york,Saturday,advance
0 days,london st pancras,birmingham new street,Friday,anytime
0 days,birmingham new street,nuneaton,Friday,anytime
0 days,london euston,manchester piccadilly,Friday,anytime
0 days,london st pancras,birmingham new street,Friday,anytime
0 days,birmingham new street,coventry,Friday,anytime
1 days,london euston,birmingham new street,Saturday,advance
0 days,london st pancras,birmingham new street,Friday,anytime
0 days,london st pancras,birmingham new street,Friday,anytime
0 days,birmingham new street,nuneaton,Friday,anytime
0 days,london paddington,reading,Friday,anytime
0 days,birmingham new street,stafford,Friday,anytime
1 days,london kings cross,york,Saturday,advance
1 days,london euston,birmingham new street,Saturday,advance
0 days,london st pancras,birmingham new street,Friday,off-peak
1 days,london kings cross,york,Saturday,advance
1 days,london kings cross,york,Saturday,advance
1 days,london paddington,reading,Saturday,advance
1 days,london kings cross,york,Saturday,advance
1 days,manchester piccadilly,liverpool lime street,Saturday,advance
1 days,london euston,birmingham new street,Saturday,advance
1 days,london paddington,reading,Saturday,advance
1 days,birmingham new street,manchester piccadilly,Saturday,advance
13 days,london st pancras,leicester,Thursday,advance
1 days,london euston,birmingham new street,Saturday,advance
1 days,liverpool lime street,london euston,Saturday,advance
1 days,liverpool lime street,london euston,Saturday,advance
0 days,london st pancras,leicester,Friday,anytime
1 days,london kings cross,york,Saturday,advance
0 days,london euston,birmingham new street,Friday,off-peak
0 days,london paddington,reading,Friday,off-peak
0 days,birmingham new street,london euston,Friday,off-peak
1 days,birmingham new street,london st pancras,Saturday,advance
1 days,liverpool lime street,manchester piccadilly,Saturday,advance
1 days,london st pancras,leicester,Saturday,advance
17 days,manchester piccadilly,liverpool lime street,Monday,advance
1 days,manchester piccadilly,liverpool lime street,Saturday,advance
0 days,london st pancras,birmingham new street,Friday,off-peak
1 days,london euston,birmingham new street,Saturday,advance
1 days,manchester piccadilly,liverpool lime street,Saturday,advance
1 days,london paddington,reading,Saturday,advance
1 days,manchester piccadilly,liverpool lime street,Saturday,advance
1 days,liverpool lime street,manchester piccadilly,Saturday,advance
0 days,london paddington,reading,Friday,off-peak
14 days,liverpool lime street,manchester piccadilly,Friday,advance
1 days,liverpool lime street,crewe,Saturday,advance
22 days,london st pancras,birmingham new street,Saturday,advance
1 days,london st pancras,birmingham new street,Saturday,advance
1 days,london paddington,reading,Saturday,advance
1 days,liverpool lime street,crewe,Saturday,advance
1 days,london kings cross,york,Saturday,advance
1 days,london st pancras,birmingham new street,Saturday,advance
1 days,london paddington,reading,Saturday,advance
1 days,london kings cross,york,Saturday,advance
1 days,london st pancras,birmingham new street,Saturday,advance
1 days,manchester piccadilly,liverpool lime street,Saturday,advance
0 days,liverpool lime street,manchester piccadilly,Friday,off-peak
0 days,liverpool lime street,manchester piccadilly,Friday,off-peak
0 days,london kings cross,york,Friday,off-peak
1 days,manchester piccadilly,liverpool lime street,Saturday,advance
1 days,liverpool lime street,manchester piccadilly,Saturday,advance
1 days,london euston,birmingham new street,Saturday,advance
1 days,london euston,birmingham new street,Saturday,advance
1 days,liverpool lime street,manchester piccadilly,Saturday,advance
1 days,london kings cross,liverpool lime street,Saturday,advance
1 days,london paddington,reading,Saturday,advance
1 days,london euston,birmingham new street,Saturday,advance
1 days,manchester piccadilly,liverpool lime street,Saturday,advance
1 days,liverpool lime street,manchester piccadilly,Saturday,advance
1 days,birmingham new street,london st pancras,Saturday,advance
1 days,london paddington,reading,Saturday,advance
1 days,liverpool lime street,manchester piccadilly,Saturday,advance
1 days,london euston,birmingham new street,Saturday,advance
1 days,london euston,birmingham new street,Saturday,advance
1 days,london kings cross,york,Saturday,advance
1 days,liverpool lime street,manchester piccadilly,Saturday,advance
1 days,liverpool lime street,manchester piccadilly,Saturday,advance
1 days,london kings cross,york,Saturday,advance
23 days,london kings cross,edinburgh waverley,Monday,advance
0 days,york,durham,Saturday,off-peak
1 days,london paddington,reading,Sunday,advance
0 days,liverpool lime street,manchester piccadilly,Saturday,off-peak
1 days,london paddington,reading,Sunday,advance
1 days,liverpool lime street,manchester piccadilly,Sunday,advance
0 days,london euston,birmingham new street,Saturday,off-peak
1 days,liverpool lime street,london euston,Sunday,advance
1 days,london euston,birmingham new street,Sunday,advance
0 days,york,durham,Saturday,off-peak
1 days,birmingham new street,london euston,Sunday,advance
0 days,york,durham,Saturday,off-peak
0 days,york,durham,Saturday,off-peak
27 days,york,durham,Friday,advance
1 days,liverpool lime street,manchester piccadilly,Sunday,advance
1 days,manchester piccadilly,liverpool lime street,Sunday,advance
12 days,london st pancras,birmingham new street,Thursday,advance
1 days,manchester piccadilly,liverpool lime street,Sunday,advance
1 days,london st pancras,birmingham new street,Sunday,advance
1 days,liverpool lime street,manchester piccadilly,Sunday,advance
0 days,london st pancras,birmingham new street,Saturday,off-peak
0 days,london st pancras,birmingham new street,Saturday,off-peak
0 days,birmingham new street,london st pancras,Saturday,off-peak
0 days,london st pancras,birmingham new street,Saturday,off-peak
1 days,liverpool lime street,manchester piccadilly,Sunday,advance
1 days,london paddington,reading,Sunday,advance
0 days,manchester piccadilly,sheffield,Saturday,off-peak
1 days,liverpool lime street,manchester piccadilly,Sunday,advance
0 days,manchester piccadilly,liverpool lime street,Saturday,off-peak
1 days,manchester piccadilly,nottingham,Sunday,advance
1 days,london kings cross,york,Sunday,advance
1 days,manchester piccadilly,liverpool lime street,Sunday,advance
0 days,london euston,manchester piccadilly,Saturday,off-peak
1 days,manchester piccadilly,liverpool lime street,Sunday,advance
0 days,manchester piccadilly,liverpool lime street,Saturday,off-peak
1 days,liverpool lime street,manchester piccadilly,Sunday,advance
0 days,london euston,birmingham new street,Saturday,off-peak
0 days,london euston,birmingham new street,Saturday,off-peak
1 days,liverpool lime street,manchester piccadilly,Sunday,advance
0 days,manchester piccadilly,liverpool lime street,Saturday,off-peak
0 days,london kings cross,york,Saturday,off-peak
0 days,london kings cross,york,Saturday,off-peak
0 days,manchester piccadilly,liverpool lime street,Saturday,off-peak
23 days,manchester piccadilly,london euston,Monday,advance
0 days,birmingham new street,london st pancras,Saturday,off-peak
0 days,birmingham new street,london st pancras,Saturday,off-peak
0 days,london kings cross,york,Saturday,off-peak
0 days,liverpool lime street,manchester piccadilly,Saturday,off-peak
0 days,london paddington,reading,Saturday,off-peak
0 days,london paddington,reading,Saturday,off-peak
0 days,london paddington,reading,Saturday,off-peak
0 days,london kings cross,york,Saturday,off-peak
1 days,manchester piccadilly,liverpool lime street,Sunday,advance
1 days,london euston,birmingham new street,Sunday,advance
0 days,york,peterborough,Saturday,off-peak
0 days,liverpool lime street,crewe,Saturday,off-peak
0 days,york,peterborough,Saturday,off-peak
0 days,york,wakefield,Saturday,off-peak
0 days,york,peterborough,Saturday,off-peak
0 days,london paddington,london waterloo,Saturday,off-peak
0 days,liverpool lime street,london euston,Saturday,off-peak
0 days,liverpool lime street,london euston,Saturday,off-peak
0 days,liverpool lime street,london euston,Saturday,off-peak
1 days,liverpool lime street,london euston,Sunday,advance
0 days,liverpool lime street,london euston,Saturday,off-peak
0 days,london euston,manchester piccadilly,Saturday,off-peak
0 days,london paddington,reading,Saturday,off-peak
0 days,london euston,manchester piccadilly,Saturday,off-peak
0 days,liverpool lime street,london euston,Saturday,off-peak
0 days,manchester piccadilly,london euston,Saturday,off-peak
0 days,liverpool lime street,london euston,Saturday,off-peak
0 days,manchester piccadilly,liverpool lime street,Saturday,off-peak
1 days,london euston,birmingham new street,Sunday,advance
0 days,london paddington,oxford,Saturday,off-peak
0 days,london paddington,oxford,Saturday,off-peak
0 days,london euston,birmingham new street,Saturday,off-peak
0 days,london paddington,reading,Saturday,off-peak
0 days,manchester piccadilly,leeds,Saturday,off-peak
1 days,oxford,bristol temple meads,Sunday,advance
0 days,manchester piccadilly,liverpool lime street,Saturday,off-peak
1 days,london paddington,reading,Sunday,advance
1 days,london paddington,reading,Sunday,advance
0 days,london paddington,reading,Saturday,off-peak
1 days,london kings cross,york,Sunday,advance
1 days,london euston,birmingham new street,Sunday,advance
1 days,manchester piccadilly,liverpool lime street,Sunday,advance
1 days,london st pancras,birmingham new street,Sunday,advance
1 days,london kings cross,york,Sunday,advance
1 days,birmingham new street,london st pancras,Sunday,advance
1 days,york,doncaster,Sunday,advance
1 days,london paddington,reading,Sunday,advance
1 days,london paddington,reading,Sunday,advance
0 days,liverpool lime street,manchester piccadilly,Saturday,off-peak
1 days,liverpool lime street,manchester piccadilly,Sunday,advance
1 days,london st pancras,birmingham new street,Sunday,advance
1 days,london paddington,reading,Sunday,advance
1 days,london st pancras,birmingham new street,Sunday,advance
1 days,london paddington,oxford,Sunday,advance
1 days,london paddington,reading,Sunday,advance
1 days,london euston,birmingham new street,Sunday,advance
0 days,manchester piccadilly,liverpool lime street,Saturday,off-peak
1 days,london kings cross,york,Sunday,advance
1 days,london st pancras,birmingham new street,Sunday,advance
0 days,manchester piccadilly,liverpool lime street,Saturday,off-peak
1 days,london paddington,london waterloo,Sunday,advance
1 days,reading,swindon,Sunday,advance
0 days,manchester piccadilly,liverpool lime street,Saturday,off-peak
0 days,liverpool lime street,manchester piccadilly,Saturday,off-peak
0 days,liverpool lime street,manchester piccadilly,Saturday,off-peak
1 days,liverpool lime street,london euston,Sunday,advance
1 days,london paddington,reading,Sunday,advance
1 days,london kings cross,york,Sunday,advance
1 days,liverpool lime street,london euston,Sunday,advance
14 days,liverpool lime street,london euston,Saturday,advance
1 days,liverpool lime street,london euston,Sunday,advance
0 days,manchester piccadilly,liverpool lime street,Saturday,off-peak
1 days,manchester piccadilly,london euston,Sunday,advance
1 days,liverpool lime street,london euston,Sunday,advance
1 days,london euston,birmingham new street,Sunday,advance
1 days,liverpool lime street,london euston,Sunday,advance
1 days,liverpool lime street,london euston,Sunday,advance
1 days,liverpool lime street,london euston,Sunday,advance
12 days,london paddington,reading,Thursday,advance
0 days,london euston,birmingham new street,Saturday,off-peak
1 days,london euston,birmingham new street,Sunday,advance
1 days,london kings cross,york,Sunday,advance
1 days,manchester piccadilly,leeds,Sunday,advance
0 days,london st pancras,birmingham new street,Saturday,off-peak
1 days,manchester piccadilly,liverpool lime street,Sunday,advance
1 days,birmingham new street,london st pancras,Sunday,advance
0 days,liverpool lime street,manchester piccadilly,Saturday,off-peak
1 days,london kings cross,york,Sunday,advance
0 days,london paddington,reading,Saturday,off-peak
0 days,manchester piccadilly,liverpool lime street,Saturday,off-peak
0 days,london euston,birmingham new street,Saturday,off-peak
0 days,manchester piccadilly,liverpool lime street,Saturday,off-peak
1 days,london euston,birmingham new street,Sunday,advance
1 days,manchester piccadilly,liverpool lime street,Sunday,advance
0 days,manchester piccadilly,liverpool lime street,Saturday,off-peak
0 days,manchester piccadilly,liverpool lime street,Saturday,off-peak
1 days,london st pancras,birmingham new street,Sunday,advance
0 days,manchester piccadilly,sheffield,Saturday,off-peak
1 days,liverpool lime street,manchester piccadilly,Sunday,advance
12 days,york,edinburgh,Thursday,advance
12 days,london st pancras,birmingham new street,Thursday,advance
1 days,london st pancras,birmingham new street,Sunday,advance
0 days,london st pancras,birmingham new street,Saturday,off-peak
1 days,manchester piccadilly,liverpool lime street,Sunday,advance
0 days,manchester piccadilly,liverpool lime street,Saturday,off-peak
0 days,york,edinburgh,Saturday,off-peak
1 days,london st pancras,birmingham new street,Sunday,advance
1 days,london st pancras,birmingham new street,Sunday,advance
1 days,london st pancras,birmingham new street,Sunday,advance
1 days,liverpool lime street,manchester piccadilly,Sunday,advance
0 days,london paddington,reading,Saturday,off-peak
0 days,london st pancras,birmingham new street,Saturday,off-peak
1 days,liverpool lime street,manchester piccadilly,Sunday,advance
0 days,london euston,birmingham new street,Saturday,off-peak
0 days,london euston,birmingham new street,Saturday,off-peak
0 days,reading,london paddington,Saturday,off-peak
0 days,london st pancras,birmingham new street,Saturday,off-peak
0 days,london euston,birmingham new street,Saturday,off-peak
0 days,london kings cross,york,Saturday,off-peak
0 days,london euston,birmingham new street,Saturday,off-peak
0 days,london euston,birmingham new street,Saturday,off-peak
0 days,london euston,birmingham new street,Saturday,off-peak
0 days,london euston,birmingham new street,Saturday,off-peak
0 days,manchester piccadilly,liverpool lime street,Saturday,off-peak
1 days,manchester piccadilly,liverpool lime street,Sunday,advance
0 days,birmingham new street,manchester piccadilly,Saturday,off-peak
1 days,manchester piccadilly,liverpool lime street,Sunday,advance
0 days,manchester piccadilly,liverpool lime street,Saturday,off-peak
0 days,birmingham new street,manchester piccadilly,Saturday,off-peak
1 days,manchester piccadilly,sheffield,Sunday,advance
0 days,london euston,birmingham new street,Saturday,off-peak
0 days,birmingham new street,stafford,Saturday,off-peak
1 days,york,edinburgh,Sunday,advance
0 days,london kings cross,york,Saturday,off-peak
0 days,london kings cross,york,Saturday,off-peak
0 days,london paddington,reading,Saturday,off-peak
0 days,manchester piccadilly,liverpool lime street,Saturday,off-peak
1 days,manchester piccadilly,liverpool lime street,Sunday,advance
0 days,liverpool lime street,manchester piccadilly,Saturday,off-peak
0 days,manchester piccadilly,liverpool lime street,Saturday,off-peak
1 days,london kings cross,york,Sunday,advance
0 days,liverpool lime street,manchester piccadilly,Saturday,off-peak
1 days,edinburgh waverley,london kings cross,Sunday,advance
0 days,london euston,birmingham new street,Saturday,off-peak
0 days,london st pancras,birmingham new street,Saturday,off-peak
1 days,london kings cross,york,Sunday,advance
1 days,manchester piccadilly,london euston,Sunday,advance
1 days,liverpool lime street,manchester piccadilly,Sunday,advance
1 days,london paddington,reading,Sunday,advance
0 days,london paddington,reading,Saturday,off-peak
0 days,london paddington,reading,Saturday,off-peak
0 days,birmingham new street,york,Saturday,off-peak
0 days,birmingham new street,york,Saturday,off-peak
1 days,reading,london paddington,Sunday,advance
0 days,liverpool lime street,london euston,Saturday,off-peak
0 days,london st pancras,birmingham new street,Saturday,off-peak
0 days,london paddington,reading,Saturday,off-peak
1 days,london euston,birmingham new street,Sunday,advance
0 days,birmingham new street,nuneaton,Saturday,off-peak
1 days,manchester piccadilly,liverpool lime street,Sunday,advance
1 days,manchester piccadilly,liverpool lime street,Sunday,advance
1 days,london euston,manchester piccadilly,Sunday,advance
0 days,london st pancras,birmingham new street,Saturday,off-peak
0 days,london st pancras,birmingham new street,Saturday,off-peak
1 days,london euston,birmingham new street,Sunday,advance
0 days,london euston,birmingham new street,Saturday,off-peak
1 days,manchester piccadilly,liverpool lime street,Sunday,advance
0 days,london st pancras,birmingham new street,Saturday,off-peak
1 days,london euston,birmingham new street,Sunday,advance
1 days,london euston,birmingham new street,Sunday,advance
15 days,london kings cross,york,Sunday,advance
1 days,manchester piccadilly,liverpool lime street,Sunday,advance
1 days,manchester piccadilly,liverpool lime street,Sunday,advance
0 days,manchester piccadilly,liverpool lime street,Saturday,off-peak
0 days,london euston,birmingham new street,Saturday,off-peak
20 days,birmingham new street,london euston,Friday,advance
1 days,london euston,birmingham new street,Sunday,advance
1 days,london kings cross,york,Sunday,advance
1 days,birmingham new street,london paddington,Sunday,advance
0 days,manchester piccadilly,liverpool lime street,Saturday,off-peak
0 days,manchester piccadilly,liverpool lime street,Saturday,off-peak
0 days,manchester piccadilly,liverpool lime street,Saturday,off-peak
0 days,london euston,birmingham new street,Saturday,off-peak
1 days,manchester piccadilly,liverpool lime street,Sunday,advance
1 days,london euston,birmingham new street,Sunday,advance
1 days,london st pancras,birmingham new street,Sunday,advance
1 days,birmingham new street,tamworth,Sunday,advance
1 days,manchester piccadilly,liverpool lime street,Sunday,advance
1 days,manchester piccadilly,liverpool lime street,Sunday,advance
1 days,london paddington,reading,Sunday,advance
1 days,london paddington,reading,Sunday,advance
14 days,liverpool lime street,manchester piccadilly,Saturday,advance
0 days,liverpool lime street,manchester piccadilly,Saturday,off-peak
0 days,manchester piccadilly,leeds,Saturday,off-peak
0 days,liverpool lime street,manchester piccadilly,Saturday,off-peak
1 days,london st pancras,birmingham new street,Sunday,advance
1 days,birmingham new street,tamworth,Sunday,advance
1 days,liverpool lime street,crewe,Sunday,advance
1 days,london st pancras,birmingham new street,Sunday,advance
1 days,london kings cross,york,Sunday,advance
1 days,birmingham new street,nuneaton,Sunday,advance
1 days,london st pancras,birmingham new street,Sunday,advance
1 days,london st pancras,birmingham new street,Sunday,advance
1 days,london kings cross,york,Sunday,advance
1 days,birmingham new street,nuneaton,Sunday,advance
13 days,london st pancras,birmingham new street,Friday,advance
1 days,manchester piccadilly,liverpool lime street,Sunday,advance
1 days,manchester piccadilly,liverpool lime street,Sunday,advance
0 days,london paddington,reading,Saturday,off-peak
1 days,london st pancras,birmingham new street,Sunday,advance
1 days,london paddington,reading,Sunday,advance
1 days,london euston,birmingham new street,Sunday,advance
1 days,liverpool lime street,manchester piccadilly,Sunday,advance
1 days,manchester piccadilly,liverpool lime street,Sunday,advance
1 days,liverpool lime street,manchester piccadilly,Sunday,advance
1 days,liverpool lime street,manchester piccadilly,Sunday,advance
1 days,london st pancras,birmingham new street,Sunday,advance
1 days,manchester piccadilly,liverpool lime street,Sunday,advance
1 days,london st pancras,birmingham new street,Sunday,advance
1 days,london kings cross,york,Sunday,advance
1 days,liverpool lime street,manchester piccadilly,Sunday,advance
1 days,london euston,manchester piccadilly,Sunday,advance
1 days,liverpool lime street,manchester piccadilly,Sunday,advance
1 days,london st pancras,birmingham new street,Sunday,advance
14 days,london kings cross,york,Saturday,advance
1 days,london euston,manchester piccadilly,Sunday,advance
0 days,liverpool lime street,manchester piccadilly,Sunday,off-peak
0 days,london st pancras,birmingham new street,Sunday,off-peak
0 days,manchester piccadilly,nottingham,Sunday,off-peak
0 days,london euston,birmingham new street,Sunday,off-peak
1 days,london paddington,reading,Monday,advance
1 days,birmingham new street,london euston,Monday,advance
1 days,london paddington,reading,Monday,advance
1 days,london euston,birmingham new street,Monday,advance
1 days,london st pancras,birmingham new street,Monday,advance
1 days,london st pancras,birmingham new street,Monday,advance
1 days,manchester piccadilly,liverpool lime street,Monday,advance
1 days,london st pancras,birmingham new street,Monday,advance
0 days,liverpool lime street,manchester piccadilly,Sunday,off-peak
0 days,york,durham,Sunday,off-peak
1 days,london st pancras,birmingham new street,Monday,advance
0 days,london euston,birmingham new street,Sunday,off-peak
0 days,manchester piccadilly,liverpool lime street,Sunday,off-peak
0 days,london euston,birmingham new street,Sunday,off-peak
1 days,manchester piccadilly,liverpool lime street,Monday,advance
1 days,manchester piccadilly,liverpool lime street,Monday,advance
1 days,london st pancras,birmingham new street,Monday,advance
1 days,london st pancras,birmingham new street,Monday,advance
1 days,manchester piccadilly,london euston,Monday,advance
1 days,liverpool lime street,manchester piccadilly,Monday,advance
1 days,manchester piccadilly,nottingham,Monday,advance
0 days,london paddington,reading,Sunday,off-peak
1 days,liverpool lime street,manchester piccadilly,Monday,advance
1 days,manchester piccadilly,liverpool lime street,Monday,advance
0 days,manchester piccadilly,liverpool lime street,Sunday,off-peak
0 days,london kings cross,york,Sunday,off-peak
1 days,london paddington,reading,Monday,advance
0 days,manchester piccadilly,liverpool lime street,Sunday,off-peak
0 days,london euston,birmingham new street,Sunday,off-peak
0 days,birmingham new street,nuneaton,Sunday,off-peak
0 days,london euston,birmingham new street,Sunday,off-peak
0 days,london kings cross,york,Sunday,off-peak
0 days,birmingham new street,london st pancras,Sunday,off-peak
0 days,london euston,birmingham new street,Sunday,off-peak
0 days,birmingham new street,london st pancras,Sunday,off-peak
0 days,london kings cross,york,Sunday,off-peak
1 days,manchester piccadilly,liverpool lime street,Monday,advance
1 days,liverpool lime street,manchester piccadilly,Monday,advance
1 days,london st pancras,birmingham new street,Monday,advance
1 days,birmingham new street,london st pancras,Monday,advance
1 days,london st pancras,birmingham new street,Monday,advance
1 days,london st pancras,birmingham new street,Monday,advance
0 days,london paddington,london waterloo,Sunday,off-peak
0 days,reading,swindon,Sunday,off-peak
1 days,manchester piccadilly,liverpool lime street,Monday,advance
0 days,liverpool lime street,london euston,Sunday,off-peak
1 days,manchester piccadilly,liverpool lime street,Monday,advance
0 days,reading,birmingham new street,Sunday,off-peak
0 days,london st pancras,birmingham new street,Sunday,off-peak
0 days,london euston,manchester piccadilly,Sunday,off-peak
0 days,liverpool lime street,london euston,Sunday,off-peak
0 days,liverpool lime street,london euston,Sunday,off-peak
1 days,liverpool lime street,london euston,Monday,advance
1 days,london kings cross,york,Monday,advance
0 days,london kings cross,york,Sunday,off-peak
1 days,london st pancras,birmingham new street,Monday,advance
0 days,manchester piccadilly,liverpool lime street,Sunday,off-peak
1 days,manchester piccadilly,liverpool lime street,Monday,advance
0 days,london paddington,reading,Sunday,off-peak
0 days,london kings cross,york,Sunday,off-peak
0 days,london paddington,oxford,Sunday,off-peak
0 days,london kings cross,york,Sunday,off-peak
0 days,london paddington,reading,Sunday,off-peak
0 days,london paddington,reading,Sunday,off-peak
0 days,london paddington,reading,Sunday,off-peak
1 days,manchester piccadilly,liverpool lime street,Monday,advance
0 days,manchester piccadilly,liverpool lime street,Sunday,off-peak
1 days,manchester piccadilly,liverpool lime street,Monday,advance
1 days,london kings cross,york,Monday,advance
1 days,london paddington,reading,Monday,advance
1 days,london kings cross,york,Monday,advance
1 days,london kings cross,york,Monday,advance
0 days,manchester piccadilly,liverpool lime street,Sunday,off-peak
1 days,london kings cross,york,Monday,advance
1 days,reading,didcot,Monday,advance
1 days,london euston,birmingham new street,Monday,advance
1 days,london euston,birmingham new street,Monday,advance
1 days,manchester piccadilly,liverpool lime street,Monday,advance
1 days,london st pancras,birmingham new street,Monday,advance
1 days,london paddington,reading,Monday,advance
1 days,london paddington,reading,Monday,advance
1 days,manchester piccadilly,liverpool lime street,Monday,advance
15 days,london paddington,oxford,Monday,advance
1 days,manchester piccadilly,liverpool lime street,Monday,advance
1 days,london paddington,reading,Monday,advance
1 days,london paddington,oxford,Monday,advance
1 days,london paddington,reading,Monday,advance
1 days,london paddington,reading,Monday,advance
1 days,birmingham new street,london st pancras,Monday,advance
1 days,london euston,birmingham new street,Monday,advance
1 days,reading,swindon,Monday,advance
1 days,reading,swindon,Monday,advance
0 days,london st pancras,birmingham new street,Sunday,off-peak
1 days,reading,swindon,Monday,advance
1 days,reading,swindon,Monday,advance
1 days,liverpool lime street,manchester piccadilly,Monday,advance
1 days,london kings cross,york,Monday,advance
1 days,london kings cross,york,Monday,advance
0 days,london euston,birmingham new street,Sunday,off-peak
0 days,london euston,birmingham new street,Sunday,off-peak
0 days,manchester piccadilly,liverpool lime street,Sunday,off-peak
0 days,manchester piccadilly,liverpool lime street,Sunday,off-peak
0 days,manchester piccadilly,york,Sunday,off-peak
1 days,birmingham new street,london euston,Monday,advance
1 days,london st pancras,birmingham new street,Monday,advance
1 days,liverpool lime street,london euston,Monday,advance
1 days,liverpool lime street,london euston,Monday,advance
1 days,london euston,manchester piccadilly,Monday,advance
1 days,liverpool lime street,london euston,Monday,advance
1 days,liverpool lime street,london euston,Monday,advance
1 days,london euston,manchester piccadilly,Monday,advance
1 days,london paddington,reading,Monday,advance
0 days,london euston,birmingham new street,Sunday,off-peak
0 days,london st pancras,birmingham new street,Sunday,off-peak
1 days,london kings cross,york,Monday,advance
1 days,liverpool lime street,manchester piccadilly,Monday,advance
1 days,london paddington,reading,Monday,advance
1 days,london st pancras,birmingham new street,Monday,advance
0 days,london st pancras,birmingham new street,Sunday,off-peak
0 days,london st pancras,birmingham new street,Sunday,off-peak
1 days,london paddington,reading,Monday,advance
20 days,london kings cross,york,Saturday,advance
1 days,london kings cross,liverpool lime street,Monday,advance
1 days,manchester piccadilly,liverpool lime street,Monday,advance
18 days,manchester piccadilly,liverpool lime street,Thursday,advance
0 days,manchester piccadilly,liverpool lime street,Sunday,off-peak
0 days,liverpool lime street,manchester piccadilly,Sunday,off-peak
0 days,london euston,birmingham new street,Sunday,off-peak
0 days,london euston,birmingham new street,Sunday,off-peak
12 days,birmingham new street,manchester piccadilly,Friday,advance
1 days,liverpool lime street,manchester piccadilly,Monday,advance
1 days,birmingham new street,manchester piccadilly,Monday,advance
1 days,london euston,birmingham new street,Monday,advance
1 days,manchester piccadilly,liverpool lime street,Monday,advance
0 days,manchester piccadilly,liverpool lime street,Sunday,off-peak
1 days,london st pancras,birmingham new street,Monday,advance
0 days,liverpool lime street,manchester piccadilly,Sunday,off-peak
0 days,london paddington,reading,Sunday,off-peak
1 days,london st pancras,birmingham new street,Monday,advance
1 days,london kings cross,york,Monday,advance
0 days,london kings cross,york,Sunday,off-peak
1 days,london st pancras,birmingham new street,Monday,advance
1 days,london kings cross,york,Monday,advance
0 days,manchester piccadilly,liverpool lime street,Sunday,off-peak
0 days,london euston,birmingham new street,Sunday,off-peak
0 days,york,peterborough,Sunday,off-peak
0 days,london euston,birmingham new street,Sunday,off-peak
0 days,london euston,birmingham new street,Sunday,off-peak
0 days,london euston,birmingham new street,Sunday,off-peak
0 days,london kings cross,york,Sunday,off-peak
0 days,london euston,birmingham new street,Sunday,off-peak
0 days,london euston,birmingham new street,Sunday,off-peak
0 days,london euston,birmingham new street,Sunday,off-peak
0 days,london kings cross,york,Sunday,off-peak
1 days,liverpool lime street,london euston,Monday,advance
0 days,london kings cross,york,Sunday,off-peak
0 days,london kings cross,york,Sunday,off-peak
1 days,london st pancras,birmingham new street,Monday,advance
0 days,london euston,birmingham new street,Sunday,off-peak
1 days,manchester piccadilly,liverpool lime street,Monday,advance
0 days,manchester piccadilly,london euston,Sunday,off-peak
0 days,birmingham new street,london euston,Sunday,off-peak
0 days,birmingham new street,stafford,Sunday,off-peak
0 days,birmingham new street,stafford,Sunday,off-peak
0 days,london euston,birmingham new street,Sunday,off-peak
0 days,birmingham new street,stafford,Sunday,off-peak
1 days,liverpool lime street,manchester piccadilly,Monday,advance
0 days,liverpool lime street,london euston,Sunday,off-peak
1 days,london paddington,reading,Monday,advance
0 days,liverpool lime street,london euston,Sunday,off-peak
0 days,london st pancras,birmingham new street,Sunday,off-peak
1 days,london st pancras,birmingham new street,Monday,advance
0 days,manchester piccadilly,liverpool lime street,Sunday,off-peak
0 days,manchester piccadilly,liverpool lime street,Sunday,off-peak
0 days,london euston,birmingham new street,Sunday,off-peak
0 days,london st pancras,birmingham new street,Sunday,off-peak
0 days,london kings cross,york,Sunday,off-peak
1 days,manchester piccadilly,liverpool lime street,Monday,advance
1 days,london kings cross,york,Monday,advance
0 days,manchester piccadilly,liverpool lime street,Sunday,off-peak
1 days,london paddington,reading,Monday,advance
0 days,manchester piccadilly,london euston,Sunday,off-peak
0 days,manchester piccadilly,london euston,Sunday,off-peak
0 days,birmingham new street,tamworth,Sunday,off-peak
0 days,birmingham new street,wolverhampton,Sunday,anytime
0 days,london st pancras,birmingham new street,Sunday,off-peak
0 days,london st pancras,birmingham new street,Sunday,off-peak
0 days,london st pancras,birmingham new street,Sunday,off-peak
0 days,birmingham new street,tamworth,Sunday,off-peak
0 days,london st pancras,birmingham new street,Sunday,off-peak
1 days,london st pancras,birmingham new street,Monday,advance
0 days,london st pancras,birmingham new street,Sunday,off-peak
0 days,london st pancras,birmingham new street,Sunday,off-peak
0 days,birmingham new street,tamworth,Sunday,off-peak
1 days,london euston,manchester piccadilly,Monday,advance
1 days,london euston,birmingham new street,Monday,advance
1 days,manchester piccadilly,liverpool lime street,Monday,advance
1 days,london kings cross,york,Monday,advance
0 days,london paddington,reading,Sunday,off-peak
1 days,manchester piccadilly,liverpool lime street,Monday,advance
1 days,london euston,birmingham new street,Monday,advance
1 days,london euston,birmingham new street,Monday,advance
1 days,london paddington,reading,Monday,advance
0 days,manchester piccadilly,liverpool lime street,Sunday,off-peak
1 days,london euston,birmingham new street,Monday,advance
1 days,manchester piccadilly,liverpool lime street,Monday,advance
1 days,manchester piccadilly,liverpool lime street,Monday,advance
1 days,london st pancras,leicester,Monday,advance
1 days,liverpool lime street,london euston,Monday,advance
1 days,manchester piccadilly,london euston,Monday,advance
0 days,london st pancras,leicester,Sunday,off-peak
0 days,london st pancras,leicester,Sunday,off-peak
0 days,manchester piccadilly,liverpool lime street,Sunday,off-peak
0 days,manchester piccadilly,liverpool lime street,Sunday,off-peak
0 days,manchester piccadilly,liverpool lime street,Sunday,off-peak
0 days,manchester piccadilly,liverpool lime street,Sunday,off-peak
0 days,london euston,birmingham new street,Sunday,off-peak
1 days,london kings cross,york,Monday,advance
1 days,liverpool lime street,manchester piccadilly,Monday,advance
1 days,london st pancras,birmingham new street,Monday,advance
1 days,liverpool lime street,manchester piccadilly,Monday,advance
1 days,liverpool lime street,london euston,Monday,advance
1 days,reading,oxford,Monday,advance
1 days,liverpool lime street,london euston,Monday,advance
0 days,birmingham new street,liverpool lime street,Sunday,off-peak
1 days,london kings cross,york,Monday,advance
1 days,manchester piccadilly,liverpool lime street,Monday,advance
1 days,manchester piccadilly,liverpool lime street,Monday,advance
1 days,london st pancras,birmingham new street,Monday,advance
1 days,manchester piccadilly,liverpool lime street,Monday,advance
1 days,manchester piccadilly,liverpool lime street,Monday,advance
1 days,manchester piccadilly,liverpool lime street,Monday,advance
1 days,birmingham new street,york,Monday,advance
1 days,birmingham new street,york,Monday,advance
1 days,liverpool lime street,crewe,Monday,advance
1 days,liverpool lime street,crewe,Monday,advance
1 days,london paddington,reading,Monday,advance
1 days,birmingham new street,tamworth,Monday,advance
1 days,birmingham new street,tamworth,Monday,advance
1 days,london kings cross,york,Monday,advance
1 days,birmingham new street,tamworth,Monday,advance
1 days,birmingham new street,tamworth,Monday,advance
1 days,london paddington,reading,Monday,advance
0 days,liverpool lime street,manchester piccadilly,Sunday,off-peak
1 days,reading,swindon,Monday,advance
14 days,birmingham new street,stafford,Sunday,advance
1 days,london st pancras,birmingham new street,Monday,advance
1 days,london kings cross,york,Monday,advance
0 days,london st pancras,birmingham new street,Sunday,off-peak
1 days,london paddington,reading,Monday,advance
1 days,london euston,manchester piccadilly,Monday,advance
1 days,london euston,manchester piccadilly,Monday,advance
1 days,london euston,manchester piccadilly,Monday,advance
1 days,liverpool lime street,manchester piccadilly,Monday,advance
1 days,london euston,birmingham new street,Monday,advance
1 days,liverpool lime street,manchester piccadilly,Monday,advance
1 days,liverpool lime street,manchester piccadilly,Monday,advance
1 days,liverpool lime street,manchester piccadilly,Monday,advance
1 days,liverpool lime street,manchester piccadilly,Monday,advance
23 days,liverpool lime street,manchester piccadilly,Tuesday,advance
0 days,liverpool lime street,manchester piccadilly,Monday,off-peak
0 days,manchester piccadilly,london paddington,Monday,off-peak
0 days,london kings cross,liverpool lime street,Monday,off-peak
0 days,london paddington,reading,Monday,off-peak
2 days,london kings cross,edinburgh waverley,Wednesday,advance
0 days,liverpool lime street,manchester piccadilly,Monday,off-peak
0 days,london paddington,reading,Monday,off-peak
1 days,london st pancras,birmingham new street,Tuesday,advance
0 days,london euston,birmingham new street,Monday,off-peak
0 days,london paddington,reading,Monday,off-peak
21 days,york,durham,Monday,advance
1 days,london euston,birmingham new street,Tuesday,advance
0 days,york,durham,Monday,off-peak
1 days,london st pancras,birmingham new street,Tuesday,advance
0 days,manchester piccadilly,london euston,Monday,off-peak
0 days,london kings cross,york,Monday,off-peak
13 days,manchester piccadilly,liverpool lime street,Sunday,advance
1 days,london euston,birmingham new street,Tuesday,advance
0 days,liverpool lime street,manchester piccadilly,Monday,off-peak
0 days,london st pancras,birmingham new street,Monday,off-peak
0 days,london paddington,reading,Monday,off-peak
0 days,london st pancras,birmingham new street,Monday,off-peak
0 days,london kings cross,york,Monday,off-peak
0 days,london kings cross,york,Monday,off-peak
0 days,liverpool lime street,london euston,Monday,off-peak
0 days,liverpool lime street,london euston,Monday,off-peak
0 days,london euston,manchester piccadilly,Monday,off-peak
1 days,manchester piccadilly,liverpool lime street,Tuesday,advance
0 days,london kings cross,liverpool lime street,Monday,off-peak
0 days,liverpool lime street,london euston,Monday,off-peak
0 days,manchester piccadilly,liverpool lime street,Monday,anytime
0 days,london paddington,reading,Monday,anytime
0 days,london paddington,reading,Monday,anytime
1 days,manchester piccadilly,liverpool lime street,Tuesday,advance
0 days,manchester piccadilly,liverpool lime street,Monday,anytime
0 days,london kings cross,york,Monday,anytime
0 days,manchester piccadilly,liverpool lime street,Monday,anytime
0 days,london st pancras,birmingham new street,Monday,anytime
1 days,london kings cross,york,Tuesday,advance
0 days,birmingham new street,london st pancras,Monday,anytime
0 days,london st pancras,birmingham new street,Monday,anytime
0 days,london st pancras,birmingham new street,Monday,anytime
1 days,manchester piccadilly,london euston,Tuesday,advance
0 days,liverpool lime street,manchester piccadilly,Monday,anytime
0 days,liverpool lime street,manchester piccadilly,Monday,anytime
0 days,london paddington,reading,Monday,anytime
0 days,london kings cross,york,Monday,off-peak
1 days,london euston,birmingham new street,Tuesday,advance
0 days,london paddington,reading,Monday,anytime
1 days,liverpool lime street,manchester piccadilly,Tuesday,advance
1 days,london euston,birmingham new street,Tuesday,advance
11 days,liverpool lime street,manchester piccadilly,Friday,advance
0 days,liverpool lime street,manchester piccadilly,Monday,anytime
0 days,london kings cross,york,Monday,anytime
1 days,birmingham new street,london st pancras,Tuesday,advance
0 days,london paddington,reading,Monday,anytime
1 days,birmingham new street,london st pancras,Tuesday,advance
0 days,london kings cross,york,Monday,anytime
1 days,london kings cross,york,Tuesday,advance
0 days,london kings cross,york,Monday,anytime
1 days,london kings cross,york,Tuesday,advance
19 days,liverpool lime street,london euston,Saturday,advance
0 days,liverpool lime street,london euston,Monday,anytime
0 days,liverpool lime street,london euston,Monday,anytime
1 days,liverpool lime street,manchester piccadilly,Tuesday,advance
1 days,manchester piccadilly,liverpool lime street,Tuesday,advance
0 days,liverpool lime street,london euston,Monday,anytime
0 days,london paddington,reading,Monday,anytime
0 days,reading,oxford,Monday,anytime
0 days,manchester piccadilly,liverpool lime street,Monday,anytime
0 days,london euston,birmingham new street,Monday,anytime
0 days,london paddington,reading,Monday,anytime
0 days,london paddington,oxford,Monday,anytime
1 days,london euston,birmingham new street,Tuesday,advance
0 days,london paddington,oxford,Monday,anytime
0 days,london kings cross,york,Monday,anytime
0 days,london euston,birmingham new street,Monday,anytime
0 days,london kings cross,york,Monday,anytime
0 days,london paddington,reading,Monday,anytime
0 days,london paddington,oxford,Monday,anytime
1 days,liverpool lime street,manchester piccadilly,Tuesday,advance
0 days,london paddington,reading,Monday,off-peak
1 days,london paddington,reading,Tuesday,advance
0 days,manchester piccadilly,liverpool lime street,Monday,off-peak
21 days,liverpool lime street,crewe,Monday,advance
1 days,manchester piccadilly,liverpool lime street,Tuesday,advance
1 days,london kings cross,york,Tuesday,advance
1 days,manchester piccadilly,liverpool lime street,Tuesday,advance
15 days,london kings cross,york,Tuesday,advance
1 days,london kings cross,york,Tuesday,advance
0 days,london paddington,reading,Monday,off-peak
0 days,manchester piccadilly,liverpool lime street,Monday,off-peak
10 days,york,doncaster,Thursday,advance
1 days,london euston,birmingham new street,Tuesday,advance
1 days,london kings cross,york,Tuesday,advance
0 days,london kings cross,york,Monday,off-peak
1 days,london st pancras,birmingham new street,Tuesday,advance
1 days,manchester piccadilly,liverpool lime street,Tuesday,advance
0 days,london kings cross,york,Monday,off-peak
1 days,liverpool lime street,manchester piccadilly,Tuesday,advance
1 days,liverpool lime street,manchester piccadilly,Tuesday,advance
1 days,london kings cross,york,Tuesday,advance
13 days,london paddington,oxford,Sunday,advance
1 days,london paddington,oxford,Tuesday,advance
1 days,liverpool lime street,manchester piccadilly,Tuesday,advance
1 days,london paddington,reading,Tuesday,advance
1 days,london paddington,reading,Tuesday,advance
1 days,london paddington,reading,Tuesday,advance
14 days,london paddington,reading,Monday,advance
0 days,manchester piccadilly,liverpool lime street,Monday,off-peak
1 days,london euston,birmingham new street,Tuesday,advance
1 days,manchester piccadilly,liverpool lime street,Tuesday,advance
1 days,london euston,birmingham new street,Tuesday,advance
1 days,london kings cross,york,Tuesday,advance
13 days,york,peterborough,Sunday,advance
1 days,reading,swindon,Tuesday,advance
0 days,manchester piccadilly,liverpool lime street,Monday,off-peak
1 days,london paddington,reading,Tuesday,advance
1 days,reading,swindon,Tuesday,advance
1 days,reading,swindon,Tuesday,advance
1 days,london kings cross,york,Tuesday,advance
1 days,reading,swindon,Tuesday,advance
1 days,london kings cross,york,Tuesday,advance
0 days,manchester piccadilly,sheffield,Monday,off-peak
0 days,liverpool lime street,manchester piccadilly,Monday,off-peak
1 days,manchester piccadilly,liverpool lime street,Tuesday,advance
0 days,manchester piccadilly,sheffield,Monday,off-peak
1 days,reading,oxford,Tuesday,advance
1 days,liverpool lime street,london euston,Tuesday,advance
11 days,birmingham new street,london euston,Friday,advance
1 days,london euston,manchester piccadilly,Tuesday,advance
1 days,liverpool lime street,london euston,Tuesday,advance
1 days,liverpool lime street,london euston,Tuesday,advance
20 days,liverpool lime street,london euston,Sunday,advance
1 days,liverpool lime street,london euston,Tuesday,advance
1 days,manchester piccadilly,liverpool lime street,Tuesday,advance
1 days,liverpool lime street,london euston,Tuesday,advance
1 days,london euston,birmingham new street,Tuesday,advance
1 days,manchester piccadilly,liverpool lime street,Tuesday,advance
1 days,manchester piccadilly,liverpool lime street,Tuesday,advance
14 days,london euston,birmingham new street,Monday,advance
1 days,london euston,birmingham new street,Tuesday,advance
1 days,london euston,birmingham new street,Tuesday,advance
0 days,london kings cross,york,Monday,off-peak
0 days,manchester piccadilly,liverpool lime street,Monday,off-peak
1 days,manchester piccadilly,liverpool lime street,Tuesday,advance
1 days,london kings cross,york,Tuesday,advance
1 days,manchester piccadilly,liverpool lime street,Tuesday,advance
1 days,london paddington,reading,Tuesday,advance
1 days,manchester piccadilly,liverpool lime street,Tuesday,advance
1 days,manchester piccadilly,liverpool lime street,Tuesday,advance
1 days,manchester piccadilly,liverpool lime street,Tuesday,advance
0 days,london euston,birmingham new street,Monday,off-peak
0 days,manchester piccadilly,liverpool lime street,Monday,off-peak
0 days,london paddington,reading,Monday,off-peak
0 days,london paddington,reading,Monday,off-peak
0 days,london paddington,reading,Monday,off-peak
0 days,london kings cross,york,Monday,off-peak
0 days,liverpool lime street,manchester piccadilly,Monday,off-peak
0 days,london paddington,reading,Monday,off-peak
0 days,london st pancras,birmingham new street,Monday,off-peak
0 days,manchester piccadilly,liverpool lime street,Monday,off-peak
0 days,birmingham new street,london st pancras,Monday,off-peak
0 days,london euston,birmingham new street,Monday,off-peak
1 days,liverpool lime street,manchester piccadilly,Tuesday,advance
1 days,london euston,birmingham new street,Tuesday,advance
1 days,london st pancras,birmingham new street,Tuesday,advance
1 days,manchester piccadilly,sheffield,Tuesday,advance
0 days,york,edinburgh,Monday,off-peak
0 days,york,edinburgh,Monday,off-peak
1 days,london st pancras,birmingham new street,Tuesday,advance
1 days,london st pancras,birmingham new street,Tuesday,advance
1 days,london st pancras,birmingham new street,Tuesday,advance
1 days,london st pancras,birmingham new street,Tuesday,advance
0 days,london kings cross,york,Monday,off-peak
0 days,london paddington,reading,Monday,off-peak
1 days,london euston,birmingham new street,Tuesday,advance
0 days,london kings cross,york,Monday,off-peak
1 days,london kings cross,york,Tuesday,advance
0 days,london paddington,reading,Monday,off-peak
0 days,london euston,birmingham new street,Monday,off-peak
0 days,reading,london paddington,Monday,off-peak
0 days,birmingham new street,liverpool lime street,Monday,off-peak
0 days,london st pancras,birmingham new street,Monday,off-peak
1 days,london euston,manchester piccadilly,Tuesday,advance
1 days,london kings cross,york,Tuesday,advance
0 days,london euston,birmingham new street,Monday,anytime
0 days,london euston,birmingham new street,Monday,anytime
0 days,york,peterborough,Monday,anytime
0 days,london kings cross,york,Monday,anytime
1 days,london kings cross,york,Tuesday,advance
0 days,london paddington,reading,Monday,anytime
0 days,london kings cross,york,Monday,anytime
0 days,london st pancras,leicester,Monday,anytime
1 days,manchester piccadilly,liverpool lime street,Tuesday,advance
0 days,edinburgh waverley,london kings cross,Monday,off-peak
0 days,london kings cross,york,Monday,anytime
0 days,london kings cross,york,Monday,anytime
0 days,london kings cross,york,Monday,anytime
1 days,london st pancras,birmingham new street,Tuesday,advance
1 days,london paddington,reading,Tuesday,advance
0 days,london st pancras,birmingham new street,Monday,anytime
0 days,birmingham new street,london paddington,Monday,anytime
1 days,oxford,bristol temple meads,Tuesday,advance
0 days,london euston,birmingham new street,Monday,anytime
11 days,london kings cross,york,Friday,advance
0 days,manchester piccadilly,liverpool lime street,Monday,anytime
1 days,manchester piccadilly,liverpool lime street,Tuesday,advance
0 days,london st pancras,birmingham new street,Monday,anytime
0 days,london st pancras,birmingham new street,Monday,anytime
1 days,london euston,birmingham new street,Tuesday,advance
0 days,london euston,birmingham new street,Monday,anytime
0 days,birmingham new street,nuneaton,Monday,anytime
0 days,london st pancras,birmingham new street,Monday,anytime
0 days,london paddington,reading,Monday,anytime
0 days,birmingham new street,tamworth,Monday,anytime
0 days,london kings cross,york,Monday,anytime
0 days,liverpool lime street,crewe,Monday,anytime
0 days,birmingham new street,tamworth,Monday,anytime
0 days,london euston,manchester piccadilly,Monday,anytime
0 days,london st pancras,birmingham new street,Monday,anytime
1 days,london kings cross,york,Tuesday,advance
1 days,london euston,birmingham new street,Tuesday,advance
1 days,london kings cross,york,Tuesday,advance
1 days,manchester piccadilly,liverpool lime street,Tuesday,advance
0 days,london st pancras,birmingham new street,Monday,off-peak
1 days,london euston,birmingham new street,Tuesday,advance
1 days,london euston,birmingham new street,Tuesday,advance
1 days,london euston,birmingham new street,Tuesday,advance
1 days,manchester piccadilly,liverpool lime street,Tuesday,advance
1 days,birmingham new street,manchester piccadilly,Tuesday,advance
1 days,birmingham new street,manchester piccadilly,Tuesday,advance
0 days,manchester piccadilly,liverpool lime street,Monday,anytime
1 days,london st pancras,birmingham new street,Tuesday,advance
0 days,london paddington,reading,Monday,off-peak
1 days,london kings cross,york,Tuesday,advance
1 days,london kings cross,york,Tuesday,advance
0 days,london paddington,reading,Monday,off-peak
0 days,london st pancras,birmingham new street,Monday,off-peak
1 days,london kings cross,york,Tuesday,advance
1 days,liverpool lime street,manchester piccadilly,Tuesday,advance
1 days,london kings cross,york,Tuesday,advance
1 days,manchester piccadilly,liverpool lime street,Tuesday,advance
0 days,liverpool lime street,manchester piccadilly,Monday,off-peak
1 days,liverpool lime street,manchester piccadilly,Tuesday,advance
1 days,manchester piccadilly,liverpool lime street,Tuesday,advance
1 days,manchester piccadilly,liverpool lime street,Tuesday,advance
1 days,manchester piccadilly,liverpool lime street,Tuesday,advance
1 days,london st pancras,leicester,Tuesday,advance
1 days,london st pancras,leicester,Tuesday,advance
1 days,london st pancras,birmingham new street,Tuesday,advance
0 days,london euston,birmingham new street,Monday,off-peak
1 days,reading,swindon,Tuesday,advance
1 days,london euston,birmingham new street,Tuesday,advance
1 days,manchester piccadilly,liverpool lime street,Tuesday,advance
10 days,manchester piccadilly,liverpool lime street,Thursday,advance
1 days,manchester piccadilly,liverpool lime street,Tuesday,advance
11 days,london paddington,reading,Friday,advance
1 days,reading,liverpool lime street,Tuesday,advance
0 days,london euston,birmingham new street,Monday,off-peak
1 days,london euston,birmingham new street,Tuesday,advance
1 days,london st pancras,birmingham new street,Tuesday,advance
14 days,london kings cross,york,Monday,advance
1 days,birmingham new street,nuneaton,Tuesday,advance
1 days,london paddington,reading,Tuesday,advance
1 days,london paddington,reading,Tuesday,advance
1 days,birmingham new street,stafford,Tuesday,advance
1 days,birmingham new street,tamworth,Tuesday,advance
1 days,birmingham new street,nuneaton,Tuesday,advance
1 days,birmingham new street,tamworth,Tuesday,advance
1 days,liverpool lime street,crewe,Tuesday,advance
1 days,london st pancras,birmingham new street,Tuesday,advance
1 days,london st pancras,birmingham new street,Tuesday,advance
1 days,london kings cross,york,Tuesday,advance
1 days,london kings cross,york,Tuesday,advance
1 days,london paddington,reading,Tuesday,advance
0 days,london paddington,reading,Monday,off-peak
14 days,manchester piccadilly,liverpool lime street,Monday,advance
1 days,london euston,birmingham new street,Tuesday,advance
1 days,london paddington,reading,Tuesday,advance
1 days,manchester piccadilly,liverpool lime street,Tuesday,advance
1 days,liverpool lime street,manchester piccadilly,Tuesday,advance
1 days,liverpool lime street,manchester piccadilly,Tuesday,advance
1 days,london euston,birmingham new street,Tuesday,advance
1 days,london st pancras,birmingham new street,Tuesday,advance
1 days,london euston,birmingham new street,Tuesday,advance
1 days,manchester piccadilly,liverpool lime street,Tuesday,advance
1 days,liverpool lime street,manchester piccadilly,Tuesday,advance
1 days,liverpool lime street,manchester piccadilly,Tuesday,advance
1 days,london euston,birmingham new street,Tuesday,advance
1 days,london euston,birmingham new street,Tuesday,advance
1 days,manchester piccadilly,london euston,Tuesday,advance
1 days,london kings cross,york,Tuesday,advance
1 days,london kings cross,york,Tuesday,advance
1 days,london st pancras,birmingham new street,Wednesday,advance
1 days,london euston,manchester piccadilly,Wednesday,advance
0 days,london euston,oxford,Tuesday,off-peak
1 days,manchester piccadilly,leeds,Wednesday,advance
0 days,manchester piccadilly,london paddington,Tuesday,off-peak
2 days,london kings cross,edinburgh waverley,Thursday,advance
2 days,london kings cross,edinburgh waverley,Thursday,advance
0 days,liverpool lime street,manchester piccadilly,Tuesday,off-peak
1 days,liverpool lime street,manchester piccadilly,Wednesday,advance
0 days,london st pancras,birmingham new street,Tuesday,off-peak
1 days,liverpool lime street,manchester piccadilly,Wednesday,advance
0 days,london st pancras,birmingham new street,Tuesday,off-peak
0 days,london paddington,reading,Tuesday,off-peak
1 days,london paddington,reading,Wednesday,advance
0 days,london euston,birmingham new street,Tuesday,off-peak
1 days,london paddington,reading,Wednesday,advance
1 days,manchester piccadilly,liverpool lime street,Wednesday,advance
1 days,manchester piccadilly,liverpool lime street,Wednesday,advance
1 days,manchester piccadilly,liverpool lime street,Wednesday,advance
22 days,london st pancras,birmingham new street,Wednesday,advance
0 days,manchester piccadilly,london euston,Tuesday,off-peak
0 days,london euston,birmingham new street,Tuesday,off-peak
0 days,london euston,birmingham new street,Tuesday,off-peak
1 days,manchester piccadilly,liverpool lime street,Wednesday,advance
1 days,london kings cross,york,Wednesday,advance
0 days,london st pancras,birmingham new street,Tuesday,off-peak
1 days,london st pancras,birmingham new street,Wednesday,advance
1 days,liverpool lime street,manchester piccadilly,Wednesday,advance
1 days,london st pancras,birmingham new street,Wednesday,advance
1 days,liverpool lime street,manchester piccadilly,Wednesday,advance
0 days,london st pancras,birmingham new street,Tuesday,off-peak
0 days,liverpool lime street,sheffield,Tuesday,off-peak
1 days,london paddington,reading,Wednesday,advance
0 days,manchester piccadilly,liverpool lime street,Tuesday,off-peak
0 days,london paddington,reading,Tuesday,off-peak
0 days,london euston,birmingham new street,Tuesday,off-peak
1 days,liverpool lime street,manchester piccadilly,Wednesday,advance
0 days,london st pancras,birmingham new street,Tuesday,off-peak
0 days,manchester piccadilly,liverpool lime street,Tuesday,anytime
1 days,liverpool lime street,london paddington,Wednesday,advance
0 days,manchester piccadilly,liverpool lime street,Tuesday,anytime
1 days,liverpool lime street,manchester piccadilly,Wednesday,advance
0 days,london paddington,reading,Tuesday,anytime
0 days,manchester piccadilly,liverpool lime street,Tuesday,anytime
0 days,london kings cross,york,Tuesday,anytime
0 days,london paddington,reading,Tuesday,anytime
0 days,york,doncaster,Tuesday,anytime
0 days,birmingham new street,london st pancras,Tuesday,anytime
0 days,reading,london paddington,Tuesday,anytime
0 days,london euston,birmingham new street,Tuesday,anytime
0 days,london st pancras,birmingham new street,Tuesday,anytime
0 days,london paddington,reading,Tuesday,anytime
0 days,liverpool lime street,manchester piccadilly,Tuesday,anytime
0 days,london paddington,reading,Tuesday,anytime
0 days,london paddington,reading,Tuesday,anytime
19 days,london euston,birmingham new street,Sunday,advance
0 days,york,peterborough,Tuesday,anytime
0 days,liverpool lime street,manchester piccadilly,Tuesday,anytime
0 days,london kings cross,york,Tuesday,anytime
17 days,liverpool lime street,manchester piccadilly,Friday,advance
0 days,london kings cross,york,Tuesday,anytime
1 days,manchester piccadilly,liverpool lime street,Wednesday,advance
0 days,manchester piccadilly,london paddington,Tuesday,anytime
1 days,london kings cross,york,Wednesday,advance
0 days,manchester piccadilly,london euston,Tuesday,anytime
0 days,liverpool lime street,london euston,Tuesday,anytime
0 days,london euston,manchester piccadilly,Tuesday,anytime
1 days,london euston,manchester piccadilly,Wednesday,advance
0 days,london paddington,reading,Tuesday,anytime
0 days,london paddington,oxford,Tuesday,anytime
0 days,london paddington,reading,Tuesday,anytime
1 days,liverpool lime street,manchester piccadilly,Wednesday,advance
0 days,london paddington,reading,Tuesday,anytime
0 days,london paddington,reading,Tuesday,anytime
0 days,london paddington,oxford,Tuesday,anytime
0 days,london paddington,reading,Tuesday,anytime
1 days,london paddington,reading,Wednesday,advance
0 days,london paddington,reading,Tuesday,anytime
1 days,manchester piccadilly,liverpool lime street,Wednesday,advance
0 days,london paddington,oxford,Tuesday,anytime
1 days,london kings cross,york,Wednesday,advance
0 days,manchester piccadilly,liverpool lime street,Tuesday,off-peak
0 days,london st pancras,birmingham new street,Tuesday,off-peak
0 days,manchester piccadilly,leeds,Tuesday,off-peak
1 days,york,peterborough,Wednesday,advance
16 days,london kings cross,york,Thursday,advance
1 days,reading,didcot,Wednesday,advance
0 days,manchester piccadilly,liverpool lime street,Tuesday,off-peak
0 days,london st pancras,birmingham new street,Tuesday,off-peak
0 days,manchester piccadilly,liverpool lime street,Tuesday,off-peak
1 days,birmingham new street,london st pancras,Wednesday,advance
1 days,birmingham new street,london st pancras,Wednesday,advance
17 days,birmingham new street,london st pancras,Friday,advance
1 days,york,doncaster,Wednesday,advance
1 days,birmingham new street,london st pancras,Wednesday,advance
1 days,birmingham new street,london st pancras,Wednesday,advance
1 days,london euston,birmingham new street,Wednesday,advance
1 days,london euston,birmingham new street,Wednesday,advance
1 days,london euston,birmingham new street,Wednesday,advance
1 days,london paddington,oxford,Wednesday,advance
1 days,london paddington,oxford,Wednesday,advance
11 days,london paddington,reading,Saturday,advance
1 days,london paddington,reading,Wednesday,advance
0 days,london euston,birmingham new street,Tuesday,off-peak
1 days,manchester piccadilly,liverpool lime street,Wednesday,advance
1 days,birmingham new street,london st pancras,Wednesday,advance
1 days,london kings cross,york,Wednesday,advance
1 days,london paddington,london waterloo,Wednesday,advance
0 days,london euston,birmingham new street,Tuesday,off-peak
1 days,liverpool lime street,manchester piccadilly,Wednesday,advance
1 days,york,doncaster,Wednesday,advance
1 days,london paddington,london waterloo,Wednesday,advance
0 days,liverpool lime street,manchester piccadilly,Tuesday,off-peak
1 days,liverpool lime street,london euston,Wednesday,advance
1 days,liverpool lime street,london euston,Wednesday,advance
1 days,liverpool lime street,london euston,Wednesday,advance
1 days,london paddington,reading,Wednesday,advance
15 days,reading,oxford,Wednesday,advance
0 days,york,edinburgh,Tuesday,off-peak
1 days,birmingham new street,london euston,Wednesday,advance
1 days,london kings cross,york,Wednesday,advance
9 days,liverpool lime street,london euston,Thursday,advance
0 days,manchester piccadilly,liverpool lime street,Tuesday,off-peak
1 days,manchester piccadilly,liverpool lime street,Wednesday,advance
0 days,london euston,birmingham new street,Tuesday,off-peak
0 days,london st pancras,birmingham new street,Tuesday,off-peak
1 days,london euston,birmingham new street,Wednesday,advance
1 days,london euston,birmingham new street,Wednesday,advance
0 days,london paddington,reading,Tuesday,off-peak
15 days,liverpool lime street,manchester piccadilly,Wednesday,advance
0 days,london euston,birmingham new street,Tuesday,off-peak
1 days,london kings cross,york,Wednesday,advance
1 days,london kings cross,york,Wednesday,advance
1 days,manchester piccadilly,sheffield,Wednesday,advance
0 days,london euston,birmingham new street,Tuesday,off-peak
1 days,london euston,birmingham new street,Wednesday,advance
0 days,london paddington,reading,Tuesday,off-peak
1 days,liverpool lime street,manchester piccadilly,Wednesday,advance
0 days,london paddington,reading,Tuesday,off-peak
0 days,london paddington,reading,Tuesday,off-peak
1 days,york,edinburgh,Wednesday,advance
1 days,london st pancras,birmingham new street,Wednesday,advance
0 days,london paddington,reading,Tuesday,off-peak
0 days,london paddington,reading,Tuesday,off-peak
1 days,london euston,birmingham new street,Wednesday,advance
1 days,london paddington,reading,Wednesday,advance
1 days,london kings cross,york,Wednesday,advance
0 days,london kings cross,york,Tuesday,off-peak
0 days,london st pancras,birmingham new street,Tuesday,off-peak
0 days,london st pancras,birmingham new street,Tuesday,off-peak
1 days,london euston,birmingham new street,Wednesday,advance
1 days,london euston,birmingham new street,Wednesday,advance
0 days,london euston,birmingham new street,Tuesday,off-peak
0 days,london euston,birmingham new street,Tuesday,off-peak
1 days,london euston,birmingham new street,Wednesday,advance
0 days,london kings cross,york,Tuesday,anytime
1 days,london euston,birmingham new street,Wednesday,advance
0 days,london euston,birmingham new street,Tuesday,anytime
0 days,london kings cross,york,Tuesday,anytime
0 days,birmingham new street,manchester piccadilly,Tuesday,anytime
1 days,london euston,birmingham new street,Wednesday,advance
0 days,manchester piccadilly,liverpool lime street,Tuesday,anytime
1 days,manchester piccadilly,liverpool lime street,Wednesday,advance
0 days,london paddington,reading,Tuesday,anytime
0 days,manchester piccadilly,london euston,Tuesday,off-peak
1 days,london paddington,reading,Wednesday,advance
0 days,birmingham new street,stafford,Tuesday,anytime
0 days,london kings cross,york,Tuesday,anytime
1 days,manchester piccadilly,liverpool lime street,Wednesday,advance
1 days,manchester piccadilly,liverpool lime street,Wednesday,advance
0 days,london kings cross,york,Tuesday,anytime
0 days,london kings cross,york,Tuesday,anytime
0 days,london kings cross,york,Tuesday,anytime
0 days,birmingham new street,london euston,Tuesday,anytime
0 days,london kings cross,york,Tuesday,anytime
1 days,london paddington,reading,Wednesday,advance
1 days,london paddington,reading,Wednesday,advance
0 days,london kings cross,york,Tuesday,anytime
18 days,london paddington,reading,Saturday,advance
0 days,london kings cross,york,Tuesday,anytime
0 days,liverpool lime street,manchester piccadilly,Tuesday,anytime
0 days,manchester piccadilly,liverpool lime street,Tuesday,anytime
0 days,manchester piccadilly,liverpool lime street,Tuesday,anytime
0 days,london euston,birmingham new street,Tuesday,anytime
1 days,manchester piccadilly,liverpool lime street,Wednesday,advance
0 days,london euston,birmingham new street,Tuesday,anytime
0 days,london euston,birmingham new street,Tuesday,anytime
1 days,london st pancras,birmingham new street,Wednesday,advance
1 days,london euston,birmingham new street,Wednesday,advance
16 days,london euston,birmingham new street,Thursday,advance
9 days,london euston,birmingham new street,Thursday,advance
1 days,london euston,birmingham new street,Wednesday,advance
1 days,london euston,birmingham new street,Wednesday,advance
0 days,birmingham new street,york,Tuesday,anytime
0 days,london st pancras,birmingham new street,Tuesday,anytime
0 days,liverpool lime street,crewe,Tuesday,anytime
0 days,london st pancras,birmingham new street,Tuesday,anytime
0 days,birmingham new street,coventry,Tuesday,anytime
0 days,birmingham new street,tamworth,Tuesday,anytime
0 days,london st pancras,birmingham new street,Tuesday,anytime
1 days,london euston,birmingham new street,Wednesday,advance
0 days,london st pancras,birmingham new street,Tuesday,off-peak
1 days,london st pancras,birmingham new street,Wednesday,advance
1 days,london euston,birmingham new street,Wednesday,advance
13 days,london euston,birmingham new street,Monday,advance
0 days,london st pancras,birmingham new street,Tuesday,off-peak
0 days,liverpool lime street,leeds,Tuesday,off-peak
1 days,york,peterborough,Wednesday,advance
1 days,london euston,birmingham new street,Wednesday,advance
1 days,manchester piccadilly,liverpool lime street,Wednesday,advance
1 days,london euston,birmingham new street,Wednesday,advance
1 days,liverpool lime street,london euston,Wednesday,advance
1 days,london euston,birmingham new street,Wednesday,advance
1 days,liverpool lime street,leeds,Wednesday,advance
0 days,london st pancras,leicester,Tuesday,anytime
0 days,manchester piccadilly,liverpool lime street,Tuesday,anytime
0 days,london st pancras,leicester,Tuesday,anytime
0 days,london st pancras,birmingham new street,Tuesday,off-peak
11 days,london kings cross,york,Saturday,advance
1 days,london paddington,reading,Wednesday,advance
0 days,birmingham new street,london euston,Tuesday,off-peak
17 days,london kings cross,york,Friday,advance
0 days,london paddington,reading,Tuesday,off-peak
0 days,london paddington,reading,Tuesday,off-peak
15 days,birmingham new street,london euston,Wednesday,advance
0 days,liverpool lime street,manchester piccadilly,Tuesday,off-peak
0 days,liverpool lime street,manchester piccadilly,Tuesday,off-peak
0 days,london st pancras,birmingham new street,Tuesday,off-peak
0 days,oxford,bristol temple meads,Tuesday,off-peak
0 days,manchester piccadilly,liverpool lime street,Tuesday,off-peak
1 days,manchester piccadilly,liverpool lime street,Wednesday,advance
1 days,london st pancras,leicester,Wednesday,advance
1 days,manchester piccadilly,liverpool lime street,Wednesday,advance
1 days,manchester piccadilly,liverpool lime street,Wednesday,advance
12 days,manchester piccadilly,liverpool lime street,Sunday,advance
1 days,london kings cross,york,Wednesday,advance
1 days,london st pancras,birmingham new street,Wednesday,advance
1 days,manchester piccadilly,liverpool lime street,Wednesday,advance
1 days,manchester piccadilly,liverpool lime street,Wednesday,advance
0 days,london st pancras,birmingham new street,Tuesday,off-peak
1 days,manchester piccadilly,liverpool lime street,Wednesday,advance
0 days,liverpool lime street,manchester piccadilly,Tuesday,off-peak
1 days,liverpool lime street,manchester piccadilly,Wednesday,advance
0 days,london euston,birmingham new street,Tuesday,off-peak
1 days,london paddington,reading,Wednesday,advance
1 days,birmingham new street,tamworth,Wednesday,advance
1 days,london st pancras,birmingham new street,Wednesday,advance
1 days,london paddington,reading,Wednesday,advance
1 days,london kings cross,york,Wednesday,advance
1 days,london paddington,reading,Wednesday,advance
1 days,london st pancras,birmingham new street,Wednesday,advance
1 days,london st pancras,birmingham new street,Wednesday,advance
9 days,london paddington,reading,Thursday,advance
1 days,london paddington,reading,Wednesday,advance
1 days,birmingham new street,tamworth,Wednesday,advance
1 days,manchester piccadilly,liverpool lime street,Wednesday,advance
1 days,london st pancras,birmingham new street,Wednesday,advance
1 days,manchester piccadilly,liverpool lime street,Wednesday,advance
1 days,manchester piccadilly,liverpool lime street,Wednesday,advance
1 days,london paddington,reading,Wednesday,advance
1 days,london st pancras,birmingham new street,Wednesday,advance
1 days,london st pancras,birmingham new street,Wednesday,advance
1 days,manchester piccadilly,liverpool lime street,Wednesday,advance
1 days,manchester piccadilly,liverpool lime street,Wednesday,advance
1 days,london euston,birmingham new street,Wednesday,advance
1 days,manchester piccadilly,liverpool lime street,Wednesday,advance
1 days,london euston,manchester piccadilly,Wednesday,advance
1 days,birmingham new street,liverpool lime street,Wednesday,advance
1 days,london euston,birmingham new street,Wednesday,advance
1 days,liverpool lime street,manchester piccadilly,Wednesday,advance
1 days,liverpool lime street,manchester piccadilly,Wednesday,advance
1 days,york,durham,Wednesday,advance
1 days,liverpool lime street,manchester piccadilly,Wednesday,advance
1 days,liverpool lime street,manchester piccadilly,Wednesday,advance
1 days,london euston,birmingham new street,Wednesday,advance
1 days,liverpool lime street,manchester piccadilly,Wednesday,advance
1 days,london kings cross,york,Wednesday,advance
1 days,london euston,birmingham new street,Wednesday,advance
20 days,london euston,birmingham new street,Monday,advance
1 days,london kings cross,york,Wednesday,advance
0 days,liverpool lime street,manchester piccadilly,Wednesday,off-peak
0 days,london euston,oxford,Wednesday,off-peak
0 days,manchester piccadilly,london paddington,Wednesday,off-peak
2 days,london kings cross,edinburgh waverley,Friday,advance
0 days,manchester piccadilly,nottingham,Wednesday,off-peak
0 days,manchester piccadilly,nottingham,Wednesday,off-peak
0 days,liverpool lime street,manchester piccadilly,Wednesday,off-peak
0 days,manchester piccadilly,nottingham,Wednesday,off-peak
0 days,manchester piccadilly,nottingham,Wednesday,off-peak
1 days,liverpool lime street,manchester piccadilly,Thursday,advance
1 days,liverpool lime street,london euston,Thursday,advance
1 days,liverpool lime street,manchester piccadilly,Thursday,advance
1 days,liverpool lime street,london euston,Thursday,advance
1 days,london euston,manchester piccadilly,Thursday,advance
1 days,london paddington,reading,Thursday,advance
1 days,york,durham,Thursday,advance
0 days,london euston,birmingham new street,Wednesday,off-peak
1 days,york,durham,Thursday,advance
1 days,london paddington,reading,Thursday,advance
10 days,london kings cross,york,Saturday,advance
1 days,london kings cross,york,Thursday,advance
0 days,manchester piccadilly,london euston,Wednesday,off-peak
0 days,london euston,birmingham new street,Wednesday,off-peak
0 days,manchester piccadilly,liverpool lime street,Wednesday,off-peak
0 days,liverpool lime street,manchester piccadilly,Wednesday,off-peak
0 days,liverpool lime street,manchester piccadilly,Wednesday,off-peak
1 days,liverpool lime street,manchester piccadilly,Thursday,advance
0 days,london st pancras,birmingham new street,Wednesday,off-peak
1 days,liverpool lime street,london euston,Thursday,advance
0 days,london kings cross,york,Wednesday,off-peak
0 days,manchester piccadilly,liverpool lime street,Wednesday,off-peak
0 days,liverpool lime street,london euston,Wednesday,off-peak
1 days,liverpool lime street,manchester piccadilly,Thursday,advance
1 days,london euston,birmingham new street,Thursday,advance
1 days,london euston,birmingham new street,Thursday,advance
0 days,london euston,birmingham new street,Wednesday,off-peak
1 days,manchester piccadilly,sheffield,Thursday,advance
0 days,liverpool lime street,manchester piccadilly,Wednesday,off-peak
1 days,london kings cross,york,Thursday,advance
1 days,manchester piccadilly,sheffield,Thursday,advance
0 days,london paddington,reading,Wednesday,anytime
0 days,manchester piccadilly,liverpool lime street,Wednesday,anytime
0 days,london kings cross,york,Wednesday,anytime
0 days,manchester piccadilly,liverpool lime street,Wednesday,anytime
1 days,manchester piccadilly,liverpool lime street,Thursday,advance
0 days,london euston,birmingham new street,Wednesday,anytime
0 days,birmingham new street,stafford,Wednesday,anytime
0 days,london st pancras,wolverhampton,Wednesday,anytime
1 days,manchester piccadilly,london euston,Thursday,advance
0 days,birmingham new street,nuneaton,Wednesday,anytime
0 days,london st pancras,wolverhampton,Wednesday,anytime
0 days,london paddington,reading,Wednesday,anytime
0 days,liverpool lime street,manchester piccadilly,Wednesday,anytime
0 days,london kings cross,york,Wednesday,anytime
1 days,manchester piccadilly,sheffield,Thursday,advance
1 days,london euston,birmingham new street,Thursday,advance
1 days,london kings cross,york,Thursday,advance
0 days,london kings cross,york,Wednesday,off-peak
0 days,london kings cross,york,Wednesday,anytime
1 days,london euston,birmingham new street,Thursday,advance
1 days,liverpool lime street,manchester piccadilly,Thursday,advance
0 days,london euston,birmingham new street,Wednesday,anytime
1 days,london st pancras,birmingham new street,Thursday,advance
0 days,london paddington,london waterloo,Wednesday,anytime
0 days,london kings cross,york,Wednesday,anytime
0 days,london kings cross,york,Wednesday,anytime
1 days,liverpool lime street,london euston,Thursday,advance
0 days,liverpool lime street,london euston,Wednesday,anytime
17 days,london kings cross,liverpool lime street,Saturday,advance
0 days,liverpool lime street,london euston,Wednesday,anytime
0 days,liverpool lime street,london euston,Wednesday,anytime
0 days,london euston,manchester piccadilly,Wednesday,anytime
0 days,liverpool lime street,london euston,Wednesday,anytime
0 days,london paddington,reading,Wednesday,anytime
1 days,london euston,birmingham new street,Thursday,advance
1 days,london kings cross,york,Thursday,advance
0 days,london euston,birmingham new street,Wednesday,anytime
0 days,london euston,birmingham new street,Wednesday,anytime
0 days,london kings cross,york,Wednesday,anytime
0 days,london paddington,oxford,Wednesday,anytime
0 days,london paddington,reading,Wednesday,anytime
0 days,london paddington,reading,Wednesday,anytime
0 days,liverpool lime street,manchester piccadilly,Wednesday,anytime
0 days,london paddington,oxford,Wednesday,anytime
0 days,london paddington,oxford,Wednesday,anytime
0 days,london kings cross,york,Wednesday,off-peak
0 days,london euston,birmingham new street,Wednesday,off-peak
0 days,london kings cross,edinburgh waverley,Wednesday,anytime
0 days,london kings cross,edinburgh waverley,Wednesday,anytime
1 days,manchester piccadilly,liverpool lime street,Thursday,advance
1 days,london kings cross,york,Thursday,advance
1 days,london paddington,reading,Thursday,advance
1 days,manchester piccadilly,liverpool lime street,Thursday,advance
1 days,manchester piccadilly,liverpool lime street,Thursday,advance
1 days,london paddington,reading,Thursday,advance
1 days,birmingham new street,london st pancras,Thursday,advance
1 days,birmingham new street,london st pancras,Thursday,advance
1 days,reading,london paddington,Thursday,advance
1 days,london euston,birmingham new street,Thursday,advance
1 days,birmingham new street,london st pancras,Thursday,advance
1 days,york,doncaster,Thursday,advance
1 days,london euston,birmingham new street,Thursday,advance
1 days,london euston,manchester piccadilly,Thursday,advance
1 days,birmingham new street,london paddington,Thursday,advance
1 days,york,doncaster,Thursday,advance
1 days,london st pancras,wolverhampton,Thursday,advance
1 days,london kings cross,york,Thursday,advance
1 days,london paddington,reading,Thursday,advance
1 days,york,wakefield,Thursday,advance
1 days,london paddington,london waterloo,Thursday,advance
1 days,liverpool lime street,manchester piccadilly,Thursday,advance
1 days,london kings cross,york,Thursday,advance
1 days,london kings cross,york,Thursday,advance
1 days,reading,swindon,Thursday,advance
16 days,liverpool lime street,manchester piccadilly,Friday,advance
1 days,london kings cross,york,Thursday,advance
0 days,liverpool lime street,manchester piccadilly,Wednesday,off-peak
1 days,london paddington,manchester piccadilly,Thursday,advance
1 days,york,peterborough,Thursday,advance
1 days,london kings cross,york,Thursday,advance
1 days,reading,swindon,Thursday,advance
1 days,london kings cross,york,Thursday,advance
0 days,manchester piccadilly,sheffield,Wednesday,off-peak
8 days,london euston,birmingham new street,Thursday,advance
1 days,london kings cross,york,Thursday,advance
0 days,london euston,birmingham new street,Wednesday,off-peak
0 days,london st pancras,birmingham new street,Wednesday,off-peak
13 days,reading,oxford,Tuesday,advance
0 days,london st pancras,birmingham new street,Wednesday,off-peak
1 days,liverpool lime street,london euston,Thursday,advance
1 days,london kings cross,york,Thursday,advance
1 days,liverpool lime street,london euston,Thursday,advance
0 days,manchester piccadilly,liverpool lime street,Wednesday,off-peak
1 days,london euston,birmingham new street,Thursday,advance
1 days,london euston,birmingham new street,Thursday,advance
1 days,birmingham new street,liverpool lime street,Thursday,advance
1 days,london st pancras,birmingham new street,Thursday,advance
0 days,london st pancras,birmingham new street,Wednesday,off-peak
1 days,london kings cross,york,Thursday,advance
1 days,london euston,birmingham new street,Thursday,advance
1 days,manchester piccadilly,liverpool lime street,Thursday,advance
1 days,london paddington,reading,Thursday,advance
0 days,london kings cross,york,Wednesday,off-peak
1 days,london paddington,reading,Thursday,advance
1 days,london paddington,reading,Thursday,advance
1 days,liverpool lime street,manchester piccadilly,Thursday,advance
1 days,manchester piccadilly,liverpool lime street,Thursday,advance
0 days,liverpool lime street,manchester piccadilly,Wednesday,off-peak
1 days,liverpool lime street,manchester piccadilly,Thursday,advance
0 days,liverpool lime street,manchester piccadilly,Wednesday,off-peak
1 days,london kings cross,liverpool lime street,Thursday,advance
0 days,london kings cross,york,Wednesday,off-peak
1 days,manchester piccadilly,liverpool lime street,Thursday,advance
1 days,manchester piccadilly,liverpool lime street,Thursday,advance
15 days,london st pancras,birmingham new street,Thursday,advance
0 days,london paddington,reading,Wednesday,off-peak
1 days,manchester piccadilly,liverpool lime street,Thursday,advance
1 days,liverpool lime street,london st pancras,Thursday,advance
0 days,london euston,birmingham new street,Wednesday,off-peak
1 days,london kings cross,york,Thursday,advance
0 days,liverpool lime street,manchester piccadilly,Wednesday,off-peak
0 days,manchester piccadilly,liverpool lime street,Wednesday,off-peak
1 days,manchester piccadilly,york,Thursday,advance
1 days,london st pancras,birmingham new street,Thursday,advance
0 days,london paddington,reading,Wednesday,off-peak
1 days,birmingham new street,liverpool lime street,Thursday,advance
0 days,london paddington,manchester piccadilly,Wednesday,off-peak
0 days,london paddington,manchester piccadilly,Wednesday,off-peak
1 days,london st pancras,birmingham new street,Thursday,advance
1 days,liverpool lime street,manchester piccadilly,Thursday,advance
1 days,london euston,birmingham new street,Thursday,advance
1 days,york,edinburgh,Thursday,advance
0 days,london euston,birmingham new street,Wednesday,anytime
0 days,london kings cross,york,Wednesday,anytime
0 days,london euston,birmingham new street,Wednesday,anytime
0 days,manchester piccadilly,liverpool lime street,Wednesday,anytime
0 days,london euston,birmingham new street,Wednesday,anytime
8 days,london euston,birmingham new street,Thursday,advance
0 days,london euston,birmingham new street,Wednesday,anytime
0 days,london euston,birmingham new street,Wednesday,anytime
0 days,london euston,birmingham new street,Wednesday,anytime
0 days,london kings cross,york,Wednesday,anytime
0 days,london euston,birmingham new street,Wednesday,anytime
0 days,london kings cross,york,Wednesday,anytime
1 days,manchester piccadilly,liverpool lime street,Thursday,advance
0 days,manchester piccadilly,liverpool lime street,Wednesday,anytime
17 days,manchester piccadilly,liverpool lime street,Saturday,advance
1 days,liverpool lime street,manchester piccadilly,Thursday,advance
0 days,birmingham new street,manchester piccadilly,Wednesday,anytime
0 days,manchester piccadilly,liverpool lime street,Wednesday,anytime
9 days,manchester piccadilly,london euston,Friday,advance
0 days,london euston,birmingham new street,Wednesday,anytime
1 days,liverpool lime street,manchester piccadilly,Thursday,advance
1 days,birmingham new street,london st pancras,Thursday,advance
0 days,manchester piccadilly,liverpool lime street,Wednesday,anytime
0 days,london kings cross,york,Wednesday,anytime
0 days,liverpool lime street,sheffield,Wednesday,anytime
0 days,london kings cross,york,Wednesday,anytime
0 days,london kings cross,york,Wednesday,anytime
0 days,london kings cross,york,Wednesday,anytime
0 days,london kings cross,york,Wednesday,anytime
0 days,london kings cross,york,Wednesday,anytime
1 days,reading,london paddington,Thursday,advance
9 days,liverpool lime street,manchester piccadilly,Friday,advance
0 days,manchester piccadilly,liverpool lime street,Wednesday,anytime
0 days,manchester piccadilly,liverpool lime street,Wednesday,anytime
0 days,london kings cross,york,Wednesday,anytime
0 days,london kings cross,york,Wednesday,anytime
0 days,manchester piccadilly,liverpool lime street,Wednesday,anytime
1 days,london st pancras,birmingham new street,Thursday,advance
0 days,london st pancras,birmingham new street,Wednesday,anytime
1 days,london st pancras,birmingham new street,Thursday,advance
1 days,london st pancras,birmingham new street,Thursday,advance
0 days,manchester piccadilly,liverpool lime street,Wednesday,anytime
0 days,manchester piccadilly,liverpool lime street,Wednesday,anytime
0 days,birmingham new street,tamworth,Wednesday,anytime
1 days,london st pancras,birmingham new street,Thursday,advance
0 days,london kings cross,york,Wednesday,anytime
0 days,london kings cross,york,Wednesday,anytime
1 days,birmingham new street,reading,Thursday,advance
0 days,london paddington,reading,Wednesday,anytime
1 days,london paddington,reading,Thursday,advance
1 days,london kings cross,york,Thursday,advance
0 days,london st pancras,birmingham new street,Wednesday,anytime
0 days,london paddington,reading,Wednesday,anytime
9 days,london euston,birmingham new street,Friday,advance
1 days,london euston,birmingham new street,Thursday,advance
0 days,manchester piccadilly,london euston,Wednesday,anytime
8 days,london euston,birmingham new street,Thursday,advance
0 days,london st pancras,birmingham new street,Wednesday,anytime
0 days,london st pancras,birmingham new street,Wednesday,anytime
0 days,london euston,manchester piccadilly,Wednesday,anytime
0 days,birmingham new street,coventry,Wednesday,anytime
1 days,london kings cross,york,Thursday,advance
1 days,london euston,birmingham new street,Thursday,advance
0 days,london st pancras,birmingham new street,Wednesday,anytime
1 days,london euston,manchester piccadilly,Thursday,advance
0 days,manchester piccadilly,liverpool lime street,Wednesday,anytime
1 days,london kings cross,york,Thursday,advance
0 days,london st pancras,birmingham new street,Wednesday,off-peak
1 days,london euston,birmingham new street,Thursday,advance
1 days,london euston,birmingham new street,Thursday,advance
1 days,manchester piccadilly,liverpool lime street,Thursday,advance
1 days,london kings cross,york,Thursday,advance
1 days,manchester piccadilly,liverpool lime street,Thursday,advance
1 days,london euston,birmingham new street,Thursday,advance
0 days,london kings cross,york,Wednesday,off-peak
0 days,london st pancras,leicester,Wednesday,anytime
1 days,london euston,birmingham new street,Thursday,advance
0 days,london paddington,reading,Wednesday,off-peak
1 days,liverpool lime street,london euston,Thursday,advance
1 days,manchester piccadilly,liverpool lime street,Thursday,advance
0 days,manchester piccadilly,liverpool lime street,Wednesday,off-peak
0 days,london st pancras,birmingham new street,Wednesday,off-peak
1 days,london kings cross,york,Thursday,advance
1 days,manchester piccadilly,liverpool lime street,Thursday,advance
1 days,manchester piccadilly,liverpool lime street,Thursday,advance
1 days,liverpool lime street,manchester piccadilly,Thursday,advance
0 days,london kings cross,liverpool lime street,Wednesday,off-peak
1 days,london kings cross,york,Thursday,advance
1 days,liverpool lime street,london euston,Thursday,advance
1 days,manchester piccadilly,liverpool lime street,Thursday,advance
1 days,manchester piccadilly,liverpool lime street,Thursday,advance
1 days,manchester piccadilly,liverpool lime street,Thursday,advance
1 days,manchester piccadilly,liverpool lime street,Thursday,advance
1 days,london kings cross,york,Thursday,advance
1 days,london st pancras,leicester,Thursday,advance
10 days,manchester piccadilly,liverpool lime street,Saturday,advance
1 days,manchester piccadilly,liverpool lime street,Thursday,advance
1 days,manchester piccadilly,liverpool lime street,Thursday,advance
1 days,london euston,birmingham new street,Thursday,advance
0 days,london paddington,reading,Wednesday,off-peak
12 days,liverpool lime street,manchester piccadilly,Monday,advance
1 days,manchester piccadilly,liverpool lime street,Thursday,advance
1 days,london st pancras,birmingham new street,Thursday,advance
1 days,london st pancras,wolverhampton,Thursday,advance
1 days,london kings cross,york,Thursday,advance
1 days,liverpool lime street,crewe,Thursday,advance
1 days,london st pancras,birmingham new street,Thursday,advance
1 days,birmingham new street,nuneaton,Thursday,advance
0 days,london st pancras,birmingham new street,Wednesday,off-peak
1 days,london kings cross,york,Thursday,advance
1 days,london st pancras,birmingham new street,Thursday,advance
1 days,london st pancras,birmingham new street,Thursday,advance
0 days,london kings cross,york,Wednesday,off-peak
1 days,manchester piccadilly,liverpool lime street,Thursday,advance
0 days,london euston,birmingham new street,Wednesday,off-peak
0 days,london euston,manchester piccadilly,Wednesday,off-peak
1 days,birmingham new street,london euston,Thursday,advance
1 days,london euston,manchester piccadilly,Thursday,advance
1 days,manchester piccadilly,liverpool lime street,Thursday,advance
1 days,london euston,birmingham new street,Thursday,advance
1 days,london st pancras,birmingham new street,Thursday,advance
1 days,liverpool lime street,manchester piccadilly,Thursday,advance
1 days,liverpool lime street,manchester piccadilly,Thursday,advance
9 days,london paddington,reading,Friday,advance
1 days,london kings cross,york,Thursday,advance
1 days,london euston,manchester piccadilly,Thursday,advance
1 days,london kings cross,york,Thursday,advance
1 days,london kings cross,york,Thursday,advance
17 days,london euston,manchester piccadilly,Saturday,advance
1 days,london kings cross,york,Thursday,advance
1 days,liverpool lime street,leeds,Friday,advance
1 days,manchester piccadilly,london euston,Friday,advance
0 days,liverpool lime street,manchester piccadilly,Thursday,off-peak
0 days,liverpool lime street,manchester piccadilly,Thursday,off-peak
0 days,york,durham,Thursday,off-peak
0 days,london kings cross,york,Thursday,off-peak
0 days,liverpool lime street,manchester piccadilly,Thursday,off-peak
0 days,london st pancras,birmingham new street,Thursday,off-peak
0 days,london kings cross,york,Thursday,off-peak
2 days,london kings cross,edinburgh waverley,Saturday,advance
0 days,liverpool lime street,manchester piccadilly,Thursday,off-peak
0 days,liverpool lime street,manchester piccadilly,Thursday,off-peak
0 days,liverpool lime street,manchester piccadilly,Thursday,off-peak
0 days,london kings cross,york,Thursday,off-peak
0 days,manchester piccadilly,sheffield,Thursday,off-peak
1 days,manchester piccadilly,liverpool lime street,Friday,advance
1 days,manchester piccadilly,london euston,Friday,advance
1 days,liverpool lime street,manchester piccadilly,Friday,advance
1 days,liverpool lime street,manchester piccadilly,Friday,advance
25 days,london kings cross,york,Monday,advance
1 days,london kings cross,york,Friday,advance
1 days,london euston,manchester piccadilly,Friday,advance
0 days,birmingham new street,reading,Thursday,off-peak
0 days,london euston,birmingham new street,Thursday,off-peak
0 days,york,birmingham new street,Thursday,off-peak
0 days,london st pancras,birmingham new street,Thursday,off-peak
0 days,london euston,birmingham new street,Thursday,off-peak
0 days,london st pancras,birmingham new street,Thursday,off-peak
0 days,manchester piccadilly,london paddington,Thursday,off-peak
0 days,london st pancras,birmingham new street,Thursday,off-peak
0 days,london kings cross,york,Thursday,off-peak
1 days,london kings cross,liverpool lime street,Friday,advance
1 days,london st pancras,birmingham new street,Friday,advance
0 days,london st pancras,birmingham new street,Thursday,off-peak
1 days,london euston,birmingham new street,Friday,advance
0 days,london euston,birmingham new street,Thursday,off-peak
0 days,london kings cross,liverpool lime street,Thursday,off-peak
0 days,manchester piccadilly,liverpool lime street,Thursday,anytime
0 days,reading,oxford,Thursday,anytime
0 days,london kings cross,york,Thursday,anytime
0 days,london paddington,reading,Thursday,anytime
8 days,manchester piccadilly,liverpool lime street,Friday,advance
0 days,london st pancras,wolverhampton,Thursday,anytime
1 days,manchester piccadilly,london euston,Friday,advance
0 days,london euston,birmingham new street,Thursday,anytime
0 days,london st pancras,wolverhampton,Thursday,anytime
0 days,birmingham new street,london st pancras,Thursday,anytime
0 days,london euston,birmingham new street,Thursday,anytime
0 days,london euston,birmingham new street,Thursday,anytime
0 days,birmingham new street,london st pancras,Thursday,anytime
0 days,london paddington,reading,Thursday,anytime
0 days,london st pancras,birmingham new street,Thursday,anytime
0 days,liverpool lime street,manchester piccadilly,Thursday,anytime
0 days,london st pancras,birmingham new street,Thursday,anytime
1 days,london kings cross,york,Friday,advance
0 days,london st pancras,birmingham new street,Thursday,anytime
1 days,london kings cross,york,Friday,advance
1 days,liverpool lime street,manchester piccadilly,Friday,advance
0 days,london kings cross,york,Thursday,off-peak
0 days,london euston,birmingham new street,Thursday,anytime
1 days,manchester piccadilly,liverpool lime street,Friday,advance
9 days,london st pancras,birmingham new street,Saturday,advance
0 days,london st pancras,birmingham new street,Thursday,anytime
0 days,london kings cross,york,Thursday,anytime
7 days,manchester piccadilly,liverpool lime street,Thursday,advance
1 days,liverpool lime street,manchester piccadilly,Friday,advance
0 days,liverpool lime street,london euston,Thursday,anytime
1 days,london euston,manchester piccadilly,Friday,advance
0 days,liverpool lime street,london euston,Thursday,anytime
0 days,liverpool lime street,london euston,Thursday,anytime
0 days,liverpool lime street,london euston,Thursday,anytime
1 days,london paddington,reading,Friday,advance
14 days,liverpool lime street,manchester piccadilly,Thursday,advance
0 days,london euston,birmingham new street,Thursday,anytime
1 days,london paddington,reading,Friday,advance
1 days,london paddington,reading,Friday,advance
0 days,manchester piccadilly,liverpool lime street,Thursday,anytime
1 days,london kings cross,york,Friday,advance
1 days,manchester piccadilly,liverpool lime street,Friday,advance
1 days,manchester piccadilly,liverpool lime street,Friday,advance
0 days,london paddington,reading,Thursday,anytime
0 days,london kings cross,york,Thursday,anytime
0 days,london paddington,oxford,Thursday,anytime
0 days,london paddington,reading,Thursday,off-peak
25 days,manchester piccadilly,liverpool lime street,Monday,advance
0 days,london kings cross,york,Thursday,off-peak
8 days,london kings cross,york,Friday,advance
1 days,london paddington,reading,Friday,advance
1 days,manchester piccadilly,liverpool lime street,Friday,advance
1 days,london paddington,reading,Friday,advance
1 days,london paddington,reading,Friday,advance
1 days,birmingham new street,london st pancras,Friday,advance
1 days,london euston,birmingham new street,Friday,advance
1 days,london st pancras,birmingham new street,Friday,advance
1 days,york,doncaster,Friday,advance
1 days,london paddington,oxford,Friday,advance
1 days,london paddington,reading,Friday,advance
1 days,london paddington,oxford,Friday,advance
1 days,london st pancras,birmingham new street,Friday,advance
0 days,london kings cross,york,Thursday,off-peak
1 days,manchester piccadilly,liverpool lime street,Friday,advance
1 days,london st pancras,birmingham new street,Friday,advance
1 days,london paddington,reading,Friday,advance
1 days,london paddington,reading,Friday,advance
1 days,manchester piccadilly,liverpool lime street,Friday,advance
1 days,birmingham new street,london st pancras,Friday,advance
1 days,bristol temple meads,cardiff central,Friday,advance
1 days,york,doncaster,Friday,advance
1 days,liverpool lime street,manchester piccadilly,Friday,advance
18 days,london kings cross,york,Monday,advance
1 days,birmingham new street,london st pancras,Friday,advance
1 days,manchester piccadilly,liverpool lime street,Friday,advance
0 days,london euston,birmingham new street,Thursday,off-peak
0 days,london st pancras,birmingham new street,Thursday,off-peak
8 days,liverpool lime street,london euston,Friday,advance
1 days,london st pancras,birmingham new street,Friday,advance
25 days,reading,oxford,Monday,advance
1 days,liverpool lime street,london euston,Friday,advance
11 days,london euston,manchester piccadilly,Monday,advance
1 days,london euston,manchester piccadilly,Friday,advance
1 days,reading,oxford,Friday,advance
1 days,liverpool lime street,london euston,Friday,advance
0 days,manchester piccadilly,liverpool lime street,Thursday,off-peak
1 days,london kings cross,liverpool lime street,Friday,advance
0 days,liverpool lime street,manchester piccadilly,Thursday,off-peak
1 days,manchester piccadilly,sheffield,Friday,advance
1 days,london euston,birmingham new street,Friday,advance
0 days,london euston,birmingham new street,Thursday,off-peak
1 days,liverpool lime street,manchester piccadilly,Friday,advance
1 days,london paddington,reading,Friday,advance
0 days,london st pancras,birmingham new street,Thursday,off-peak
0 days,london st pancras,birmingham new street,Thursday,off-peak
0 days,birmingham new street,manchester piccadilly,Thursday,off-peak
1 days,liverpool lime street,manchester piccadilly,Friday,advance
1 days,manchester piccadilly,liverpool lime street,Friday,advance
0 days,london paddington,reading,Thursday,off-peak
0 days,london paddington,reading,Thursday,off-peak
0 days,london kings cross,york,Thursday,off-peak
0 days,london kings cross,york,Thursday,off-peak
0 days,london euston,birmingham new street,Thursday,off-peak
1 days,london st pancras,birmingham new street,Friday,advance
1 days,london paddington,reading,Friday,advance
0 days,london euston,birmingham new street,Thursday,off-peak
1 days,london kings cross,york,Friday,advance
0 days,london paddington,reading,Thursday,off-peak
1 days,manchester piccadilly,liverpool lime street,Friday,advance
0 days,london paddington,reading,Thursday,off-peak
0 days,london paddington,reading,Thursday,off-peak
1 days,london euston,birmingham new street,Friday,advance
0 days,manchester piccadilly,london paddington,Thursday,off-peak
0 days,london euston,manchester piccadilly,Thursday,off-peak
0 days,manchester piccadilly,london paddington,Thursday,off-peak
1 days,london kings cross,york,Friday,advance
1 days,manchester piccadilly,liverpool lime street,Friday,advance
1 days,birmingham new street,liverpool lime street,Friday,advance
0 days,london paddington,reading,Thursday,off-peak
0 days,manchester piccadilly,liverpool lime street,Thursday,off-peak
1 days,london st pancras,birmingham new street,Friday,advance
0 days,london paddington,reading,Thursday,off-peak
0 days,london paddington,reading,Thursday,off-peak
1 days,london euston,birmingham new street,Friday,advance
0 days,london paddington,reading,Thursday,off-peak
1 days,london st pancras,birmingham new street,Friday,advance
1 days,london kings cross,york,Friday,advance
1 days,london st pancras,birmingham new street,Friday,advance
0 days,manchester piccadilly,liverpool lime street,Thursday,off-peak
1 days,london st pancras,birmingham new street,Friday,advance
8 days,london st pancras,birmingham new street,Friday,advance
1 days,liverpool lime street,manchester piccadilly,Friday,advance
1 days,london kings cross,york,Friday,advance
0 days,london euston,birmingham new street,Thursday,off-peak
0 days,liverpool lime street,manchester piccadilly,Thursday,off-peak
0 days,london paddington,reading,Thursday,anytime
0 days,manchester piccadilly,liverpool lime street,Thursday,anytime
0 days,london euston,birmingham new street,Thursday,anytime
0 days,london euston,birmingham new street,Thursday,anytime
0 days,london euston,birmingham new street,Thursday,anytime
0 days,london euston,birmingham new street,Thursday,anytime
1 days,london euston,birmingham new street,Friday,advance
0 days,manchester piccadilly,liverpool lime street,Thursday,anytime
7 days,london st pancras,birmingham new street,Thursday,advance
1 days,liverpool lime street,manchester piccadilly,Friday,advance
0 days,london paddington,reading,Thursday,anytime
1 days,liverpool lime street,manchester piccadilly,Friday,advance
1 days,manchester piccadilly,liverpool lime street,Friday,advance
1 days,london paddington,reading,Friday,advance
0 days,london kings cross,york,Thursday,anytime
0 days,edinburgh waverley,london kings cross,Thursday,off-peak
0 days,london kings cross,york,Thursday,anytime
1 days,liverpool lime street,manchester piccadilly,Friday,advance
1 days,liverpool lime street,sheffield,Friday,advance
13 days,liverpool lime street,manchester piccadilly,Wednesday,advance
0 days,manchester piccadilly,liverpool lime street,Thursday,anytime
0 days,london euston,manchester piccadilly,Thursday,anytime
0 days,liverpool lime street,manchester piccadilly,Thursday,anytime
1 days,manchester piccadilly,liverpool lime street,Friday,advance
0 days,liverpool lime street,manchester piccadilly,Thursday,anytime
0 days,manchester piccadilly,liverpool lime street,Thursday,anytime
0 days,manchester piccadilly,liverpool lime street,Thursday,anytime
0 days,manchester piccadilly,liverpool lime street,Thursday,anytime
1 days,manchester piccadilly,london euston,Friday,advance
1 days,london euston,birmingham new street,Friday,advance
1 days,london euston,birmingham new street,Friday,advance
0 days,london st pancras,birmingham new street,Thursday,anytime
1 days,london euston,birmingham new street,Friday,advance
1 days,london kings cross,york,Friday,advance
0 days,london st pancras,birmingham new street,Thursday,anytime
0 days,london st pancras,birmingham new street,Thursday,anytime
0 days,london kings cross,york,Thursday,anytime
1 days,london euston,birmingham new street,Friday,advance
1 days,manchester piccadilly,liverpool lime street,Friday,advance
0 days,london paddington,reading,Thursday,anytime
0 days,birmingham new street,tamworth,Thursday,anytime
0 days,london st pancras,birmingham new street,Thursday,anytime
1 days,manchester piccadilly,liverpool lime street,Friday,advance
0 days,liverpool lime street,crewe,Thursday,anytime
1 days,london euston,birmingham new street,Friday,advance
1 days,london euston,birmingham new street,Friday,advance
7 days,london euston,birmingham new street,Thursday,advance
1 days,london euston,birmingham new street,Friday,advance
1 days,london euston,birmingham new street,Friday,advance
0 days,liverpool lime street,leeds,Thursday,off-peak
1 days,london euston,birmingham new street,Friday,advance
1 days,london st pancras,birmingham new street,Friday,advance
1 days,london euston,birmingham new street,Friday,advance
1 days,birmingham new street,manchester piccadilly,Friday,advance
1 days,manchester piccadilly,liverpool lime street,Friday,advance
1 days,london euston,birmingham new street,Friday,advance
0 days,london kings cross,york,Thursday,off-peak
0 days,manchester piccadilly,liverpool lime street,Thursday,anytime
0 days,manchester piccadilly,liverpool lime street,Thursday,anytime
1 days,london euston,manchester piccadilly,Friday,advance
0 days,london euston,birmingham new street,Thursday,off-peak
0 days,london euston,birmingham new street,Thursday,off-peak
1 days,manchester piccadilly,liverpool lime street,Friday,advance
1 days,manchester piccadilly,liverpool lime street,Friday,advance
1 days,liverpool lime street,manchester piccadilly,Friday,advance
0 days,london st pancras,birmingham new street,Thursday,off-peak
12 days,manchester piccadilly,liverpool lime street,Tuesday,advance
1 days,london st pancras,birmingham new street,Friday,advance
1 days,london kings cross,york,Friday,advance
11 days,london euston,birmingham new street,Monday,advance
1 days,london euston,birmingham new street,Friday,advance
1 days,london euston,birmingham new street,Friday,advance
1 days,london euston,birmingham new street,Friday,advance
1 days,london st pancras,birmingham new street,Friday,advance
1 days,birmingham new street,liverpool lime street,Friday,advance
1 days,birmingham new street,york,Friday,advance
1 days,birmingham new street,york,Friday,advance
1 days,birmingham new street,liverpool lime street,Friday,advance
0 days,london paddington,reading,Thursday,off-peak
1 days,birmingham new street,coventry,Friday,advance
1 days,manchester piccadilly,liverpool lime street,Friday,advance
1 days,birmingham new street,tamworth,Friday,advance
1 days,london kings cross,york,Friday,advance
1 days,birmingham new street,tamworth,Friday,advance
1 days,birmingham new street,nuneaton,Friday,advance
1 days,london st pancras,birmingham new street,Friday,advance
1 days,manchester piccadilly,liverpool lime street,Friday,advance
1 days,london st pancras,birmingham new street,Friday,advance
0 days,london euston,birmingham new street,Thursday,off-peak
0 days,london euston,manchester piccadilly,Thursday,off-peak
1 days,manchester piccadilly,liverpool lime street,Friday,advance
0 days,london kings cross,york,Thursday,off-peak
0 days,london kings cross,york,Thursday,off-peak
1 days,liverpool lime street,manchester piccadilly,Friday,advance
1 days,london kings cross,york,Friday,advance
1 days,london euston,birmingham new street,Friday,advance
1 days,london euston,birmingham new street,Friday,advance
1 days,london paddington,reading,Friday,advance
1 days,london euston,birmingham new street,Friday,advance
15 days,liverpool lime street,manchester piccadilly,Friday,advance
1 days,liverpool lime street,manchester piccadilly,Friday,advance
1 days,liverpool lime street,manchester piccadilly,Friday,advance
1 days,london paddington,reading,Friday,advance
1 days,london euston,birmingham new street,Friday,advance
1 days,london kings cross,york,Friday,advance
1 days,london st pancras,birmingham new street,Saturday,advance
0 days,manchester piccadilly,london paddington,Friday,off-peak
0 days,liverpool lime street,manchester piccadilly,Friday,off-peak
0 days,manchester piccadilly,nottingham,Friday,off-peak
0 days,liverpool lime street,manchester piccadilly,Friday,off-peak
0 days,london st pancras,birmingham new street,Friday,off-peak
0 days,london paddington,reading,Friday,off-peak
0 days,liverpool lime street,manchester piccadilly,Friday,off-peak
0 days,london euston,birmingham new street,Friday,off-peak
0 days,london euston,birmingham new street,Friday,off-peak
0 days,london st pancras,birmingham new street,Friday,off-peak
1 days,london paddington,reading,Saturday,advance
0 days,liverpool lime street,manchester piccadilly,Friday,off-peak
0 days,london paddington,reading,Friday,off-peak
0 days,york,durham,Friday,off-peak
0 days,york,durham,Friday,off-peak
1 days,reading,london paddington,Saturday,advance
0 days,london kings cross,york,Friday,off-peak
1 days,york,durham,Saturday,advance
1 days,london st pancras,birmingham new street,Saturday,advance
1 days,liverpool lime street,manchester piccadilly,Saturday,advance
1 days,liverpool lime street,manchester piccadilly,Saturday,advance
15 days,liverpool lime street,manchester piccadilly,Saturday,advance
0 days,manchester piccadilly,london euston,Friday,off-peak
0 days,manchester piccadilly,london euston,Friday,off-peak
6 days,liverpool lime street,manchester piccadilly,Thursday,advance
0 days,london euston,birmingham new street,Friday,off-peak
0 days,london kings cross,york,Friday,off-peak
0 days,manchester piccadilly,liverpool lime street,Friday,off-peak
0 days,manchester piccadilly,liverpool lime street,Friday,off-peak
0 days,birmingham new street,london st pancras,Friday,off-peak
1 days,liverpool lime street,manchester piccadilly,Saturday,advance
1 days,liverpool lime street,manchester piccadilly,Saturday,advance
1 days,liverpool lime street,manchester piccadilly,Saturday,advance
1 days,liverpool lime street,manchester piccadilly,Saturday,advance
1 days,london paddington,reading,Saturday,advance
1 days,london euston,birmingham new street,Saturday,advance
1 days,london euston,birmingham new street,Saturday,advance
1 days,london euston,birmingham new street,Saturday,advance
0 days,london paddington,reading,Friday,off-peak
1 days,liverpool lime street,manchester piccadilly,Saturday,advance
0 days,london st pancras,birmingham new street,Friday,off-peak
0 days,liverpool lime street,manchester piccadilly,Friday,off-peak
0 days,liverpool lime street,london euston,Friday,off-peak
0 days,manchester piccadilly,liverpool lime street,Friday,anytime
0 days,london paddington,reading,Friday,anytime
0 days,london kings cross,york,Friday,anytime
0 days,manchester piccadilly,liverpool lime street,Friday,anytime
0 days,london kings cross,york,Friday,anytime
1 days,london paddington,reading,Saturday,advance
0 days,manchester piccadilly,liverpool lime street,Friday,anytime
0 days,york,peterborough,Friday,anytime
0 days,liverpool lime street,manchester piccadilly,Friday,anytime
0 days,london paddington,reading,Friday,anytime
0 days,manchester piccadilly,liverpool lime street,Friday,anytime
0 days,london euston,birmingham new street,Friday,anytime
0 days,london st pancras,birmingham new street,Friday,anytime
0 days,birmingham new street,london st pancras,Friday,anytime
0 days,birmingham new street,london st pancras,Friday,anytime
0 days,birmingham new street,london st pancras,Friday,anytime
1 days,london euston,birmingham new street,Saturday,advance
0 days,oxford,bristol temple meads,Friday,anytime
1 days,liverpool lime street,manchester piccadilly,Saturday,advance
0 days,london paddington,reading,Friday,anytime
0 days,london euston,birmingham new street,Friday,anytime
0 days,london kings cross,york,Friday,off-peak
0 days,london kings cross,york,Friday,anytime
1 days,liverpool lime street,manchester piccadilly,Saturday,advance
1 days,london euston,birmingham new street,Saturday,advance
1 days,liverpool lime street,manchester piccadilly,Saturday,advance
0 days,york,peterborough,Friday,anytime
0 days,york,doncaster,Friday,anytime
0 days,london kings cross,york,Friday,anytime
0 days,york,peterborough,Friday,anytime
0 days,liverpool lime street,crewe,Friday,anytime
0 days,london euston,birmingham new street,Friday,anytime
0 days,liverpool lime street,crewe,Friday,anytime
0 days,london kings cross,york,Friday,anytime
0 days,manchester piccadilly,liverpool lime street,Friday,anytime
1 days,london st pancras,birmingham new street,Saturday,advance
0 days,manchester piccadilly,london euston,Friday,anytime
1 days,london paddington,liverpool lime street,Saturday,advance
0 days,reading,oxford,Friday,anytime
0 days,reading,oxford,Friday,anytime
0 days,london euston,birmingham new street,Friday,anytime
0 days,liverpool lime street,london euston,Friday,anytime
1 days,london kings cross,york,Saturday,advance
0 days,london euston,manchester piccadilly,Friday,anytime
0 days,reading,oxford,Friday,anytime
0 days,manchester piccadilly,liverpool lime street,Friday,anytime
0 days,london kings cross,york,Friday,anytime
1 days,london euston,birmingham new street,Saturday,advance
0 days,london paddington,reading,Friday,anytime
0 days,london kings cross,york,Friday,anytime
0 days,london paddington,reading,Friday,anytime
0 days,manchester piccadilly,liverpool lime street,Friday,anytime
0 days,london paddington,reading,Friday,anytime
0 days,london paddington,oxford,Friday,anytime
0 days,london paddington,oxford,Friday,anytime
0 days,london paddington,reading,Friday,anytime
0 days,london paddington,oxford,Friday,anytime
0 days,london kings cross,edinburgh waverley,Friday,anytime
1 days,london kings cross,york,Saturday,advance
7 days,london kings cross,york,Friday,advance
1 days,manchester piccadilly,liverpool lime street,Saturday,advance
8 days,reading,didcot,Saturday,advance
1 days,birmingham new street,london st pancras,Saturday,advance
1 days,manchester piccadilly,liverpool lime street,Saturday,advance
1 days,london euston,birmingham new street,Saturday,advance
1 days,london euston,birmingham new street,Saturday,advance
7 days,london euston,birmingham new street,Friday,advance
1 days,london kings cross,york,Saturday,advance
1 days,london euston,birmingham new street,Saturday,advance
1 days,birmingham new street,london st pancras,Saturday,advance
1 days,london euston,manchester piccadilly,Saturday,advance
1 days,birmingham new street,london st pancras,Saturday,advance
1 days,birmingham new street,stafford,Saturday,advance
15 days,liverpool lime street,manchester piccadilly,Saturday,advance
1 days,london paddington,oxford,Saturday,advance
1 days,london paddington,reading,Saturday,advance
1 days,london kings cross,york,Saturday,advance
1 days,london paddington,reading,Saturday,advance
1 days,london paddington,oxford,Saturday,advance
1 days,london paddington,oxford,Saturday,advance
1 days,london paddington,reading,Saturday,advance
1 days,london paddington,reading,Saturday,advance
10 days,london kings cross,york,Monday,advance
1 days,london paddington,london waterloo,Saturday,advance
15 days,london kings cross,york,Saturday,advance
1 days,london paddington,london waterloo,Saturday,advance
1 days,liverpool lime street,manchester piccadilly,Saturday,advance
1 days,london kings cross,york,Saturday,advance
1 days,london kings cross,york,Saturday,advance
1 days,london kings cross,york,Saturday,advance
11 days,york,doncaster,Tuesday,advance
0 days,liverpool lime street,manchester piccadilly,Friday,off-peak
1 days,liverpool lime street,london euston,Saturday,advance
10 days,manchester piccadilly,liverpool lime street,Monday,advance
1 days,london st pancras,birmingham new street,Saturday,advance
1 days,liverpool lime street,london euston,Saturday,advance
0 days,london st pancras,birmingham new street,Friday,off-peak
1 days,liverpool lime street,london euston,Saturday,advance
0 days,manchester piccadilly,liverpool lime street,Friday,off-peak
1 days,london euston,birmingham new street,Saturday,advance
1 days,london kings cross,liverpool lime street,Saturday,advance
1 days,london paddington,reading,Saturday,advance
0 days,london kings cross,york,Friday,off-peak
0 days,london st pancras,birmingham new street,Friday,off-peak
0 days,london kings cross,york,Friday,off-peak
0 days,birmingham new street,london st pancras,Friday,off-peak
0 days,london st pancras,birmingham new street,Friday,off-peak
1 days,birmingham new street,london st pancras,Saturday,advance
11 days,manchester piccadilly,liverpool lime street,Tuesday,advance
0 days,birmingham new street,manchester piccadilly,Friday,off-peak
1 days,liverpool lime street,manchester piccadilly,Saturday,advance
0 days,london euston,manchester piccadilly,Friday,off-peak
0 days,liverpool lime street,manchester piccadilly,Friday,off-peak
0 days,london euston,birmingham new street,Friday,off-peak
1 days,manchester piccadilly,liverpool lime street,Saturday,advance
0 days,manchester piccadilly,liverpool lime street,Friday,off-peak
0 days,manchester piccadilly,liverpool lime street,Friday,off-peak
10 days,liverpool lime street,manchester piccadilly,Monday,advance
0 days,manchester piccadilly,liverpool lime street,Friday,off-peak
8 days,manchester piccadilly,liverpool lime street,Saturday,advance
1 days,liverpool lime street,manchester piccadilly,Saturday,advance
1 days,london st pancras,birmingham new street,Saturday,advance
0 days,liverpool lime street,manchester piccadilly,Friday,off-peak
0 days,london kings cross,york,Friday,off-peak
0 days,manchester piccadilly,london euston,Friday,off-peak
1 days,london st pancras,birmingham new street,Saturday,advance
0 days,liverpool lime street,manchester piccadilly,Friday,off-peak
1 days,london st pancras,birmingham new street,Saturday,advance
0 days,london euston,birmingham new street,Friday,off-peak
1 days,liverpool lime street,manchester piccadilly,Saturday,advance
0 days,london paddington,reading,Friday,off-peak
0 days,london st pancras,birmingham new street,Friday,off-peak
0 days,london euston,birmingham new street,Friday,off-peak
1 days,london paddington,reading,Saturday,advance
0 days,london st pancras,birmingham new street,Friday,off-peak
0 days,manchester piccadilly,liverpool lime street,Friday,anytime
0 days,london euston,birmingham new street,Friday,anytime
0 days,london st pancras,birmingham new street,Friday,anytime
0 days,london euston,birmingham new street,Friday,anytime
0 days,london euston,birmingham new street,Friday,anytime
1 days,london kings cross,york,Saturday,advance
0 days,london euston,birmingham new street,Friday,anytime
0 days,london euston,birmingham new street,Friday,anytime
0 days,manchester piccadilly,liverpool lime street,Friday,anytime
0 days,manchester piccadilly,liverpool lime street,Friday,anytime
1 days,london st pancras,birmingham new street,Saturday,advance
0 days,liverpool lime street,leeds,Friday,anytime
9 days,manchester piccadilly,liverpool lime street,Sunday,advance
0 days,manchester piccadilly,london kings cross,Friday,anytime
1 days,liverpool lime street,manchester piccadilly,Saturday,advance
0 days,edinburgh waverley,london kings cross,Friday,off-peak
0 days,edinburgh waverley,london kings cross,Friday,off-peak
0 days,manchester piccadilly,london euston,Friday,off-peak
1 days,london euston,birmingham new street,Saturday,advance
1 days,manchester piccadilly,london paddington,Saturday,advance
9 days,london paddington,reading,Sunday,advance
1 days,liverpool lime street,sheffield,Saturday,advance
1 days,london paddington,reading,Saturday,advance
1 days,manchester piccadilly,sheffield,Saturday,advance
0 days,london paddington,reading,Friday,anytime
1 days,london kings cross,york,Saturday,advance
0 days,london kings cross,york,Friday,anytime
0 days,reading,london paddington,Friday,anytime
0 days,london kings cross,york,Friday,anytime
0 days,manchester piccadilly,liverpool lime street,Friday,anytime
1 days,london paddington,reading,Saturday,advance
0 days,london st pancras,birmingham new street,Friday,anytime
1 days,london euston,birmingham new street,Saturday,advance
1 days,london euston,birmingham new street,Saturday,advance
0 days,london paddington,reading,Friday,anytime
0 days,manchester piccadilly,london euston,Friday,anytime
1 days,manchester piccadilly,liverpool lime street,Saturday,advance
0 days,london paddington,reading,Friday,anytime
1 days,london kings cross,york,Saturday,advance
0 days,london st pancras,birmingham new street,Friday,anytime
0 days,birmingham new street,coventry,Friday,anytime
1 days,manchester piccadilly,liverpool lime street,Saturday,advance
0 days,london paddington,reading,Friday,anytime
0 days,liverpool lime street,crewe,Friday,anytime
0 days,london st pancras,birmingham new street,Friday,anytime
1 days,london euston,birmingham new street,Saturday,advance
1 days,london euston,birmingham new street,Saturday,advance
1 days,london kings cross,york,Saturday,advance
7 days,london euston,birmingham new street,Friday,advance
1 days,london euston,birmingham new street,Saturday,advance
0 days,liverpool lime street,leeds,Friday,off-peak
1 days,london kings cross,york,Saturday,advance
1 days,birmingham new street,manchester piccadilly,Saturday,advance
1 days,birmingham new street,manchester piccadilly,Saturday,advance
1 days,london euston,birmingham new street,Saturday,advance
0 days,london st pancras,leicester,Friday,anytime
0 days,london st pancras,leicester,Friday,anytime
1 days,london euston,birmingham new street,Saturday,advance
0 days,london paddington,reading,Friday,off-peak
0 days,london paddington,reading,Friday,off-peak
1 days,manchester piccadilly,liverpool lime street,Saturday,advance
1 days,liverpool lime street,london euston,Saturday,advance
0 days,london paddington,reading,Friday,off-peak
1 days,liverpool lime street,london euston,Saturday,advance
1 days,birmingham new street,london paddington,Saturday,advance
1 days,manchester piccadilly,liverpool lime street,Saturday,advance
1 days,london st pancras,leicester,Saturday,advance
1 days,london st pancras,birmingham new street,Saturday,advance
1 days,manchester piccadilly,liverpool lime street,Saturday,advance
1 days,london st pancras,birmingham new street,Saturday,advance
1 days,manchester piccadilly,liverpool lime street,Saturday,advance
0 days,london euston,birmingham new street,Friday,off-peak
1 days,manchester piccadilly,liverpool lime street,Saturday,advance
1 days,manchester piccadilly,liverpool lime street,Saturday,advance
1 days,london st pancras,birmingham new street,Saturday,advance
0 days,liverpool lime street,manchester piccadilly,Friday,off-peak
1 days,liverpool lime street,manchester piccadilly,Saturday,advance
10 days,liverpool lime street,manchester piccadilly,Monday,advance
1 days,london st pancras,birmingham new street,Saturday,advance
1 days,london st pancras,birmingham new street,Saturday,advance
1 days,london st pancras,birmingham new street,Saturday,advance
1 days,birmingham new street,nuneaton,Saturday,advance
1 days,reading,didcot,Saturday,advance
1 days,birmingham new street,coventry,Saturday,advance
1 days,london st pancras,birmingham new street,Saturday,advance
1 days,london st pancras,birmingham new street,Saturday,advance
1 days,birmingham new street,london euston,Saturday,advance
1 days,birmingham new street,tamworth,Saturday,advance
1 days,reading,swindon,Saturday,advance
0 days,london st pancras,birmingham new street,Friday,off-peak
0 days,london st pancras,birmingham new street,Friday,off-peak
0 days,london euston,birmingham new street,Friday,off-peak
1 days,london paddington,reading,Saturday,advance
1 days,birmingham new street,stafford,Saturday,advance
13 days,birmingham new street,stafford,Thursday,advance
0 days,london kings cross,york,Friday,off-peak
0 days,london euston,birmingham new street,Friday,off-peak
13 days,manchester piccadilly,liverpool lime street,Thursday,advance
1 days,manchester piccadilly,liverpool lime street,Saturday,advance
1 days,manchester piccadilly,liverpool lime street,Saturday,advance
0 days,london kings cross,york,Friday,off-peak
0 days,manchester piccadilly,london euston,Friday,off-peak
1 days,london paddington,reading,Saturday,advance
1 days,london st pancras,birmingham new street,Saturday,advance
1 days,london paddington,reading,Saturday,advance
1 days,liverpool lime street,manchester piccadilly,Saturday,advance
1 days,liverpool lime street,manchester piccadilly,Saturday,advance
1 days,manchester piccadilly,liverpool lime street,Saturday,advance
1 days,london euston,manchester piccadilly,Saturday,advance
1 days,london euston,birmingham new street,Saturday,advance
1 days,liverpool lime street,manchester piccadilly,Saturday,advance
1 days,london paddington,reading,Saturday,advance
1 days,london euston,birmingham new street,Saturday,advance
1 days,london euston,manchester piccadilly,Saturday,advance
1 days,london kings cross,york,Saturday,advance
1 days,liverpool lime street,leeds,Sunday,advance
0 days,oxford,bristol temple meads,Saturday,off-peak
1 days,liverpool lime street,leeds,Sunday,advance
1 days,manchester piccadilly,london euston,Sunday,advance
0 days,liverpool lime street,london euston,Saturday,off-peak
2 days,london kings cross,edinburgh waverley,Monday,advance
0 days,york,durham,Saturday,off-peak
0 days,liverpool lime street,manchester piccadilly,Saturday,off-peak
0 days,london euston,birmingham new street,Saturday,off-peak
0 days,liverpool lime street,manchester piccadilly,Saturday,off-peak
1 days,london paddington,reading,Sunday,advance
0 days,liverpool lime street,london euston,Saturday,off-peak
1 days,york,durham,Sunday,advance
0 days,london euston,birmingham new street,Saturday,off-peak
0 days,london kings cross,york,Saturday,off-peak
1 days,manchester piccadilly,london euston,Sunday,advance
1 days,manchester piccadilly,london euston,Sunday,advance
1 days,liverpool lime street,manchester piccadilly,Sunday,advance
1 days,london kings cross,york,Sunday,advance
9 days,manchester piccadilly,liverpool lime street,Monday,advance
0 days,london kings cross,york,Saturday,off-peak
0 days,liverpool lime street,manchester piccadilly,Saturday,off-peak
1 days,london st pancras,birmingham new street,Sunday,advance
1 days,liverpool lime street,manchester piccadilly,Sunday,advance
0 days,birmingham new street,london st pancras,Saturday,off-peak
1 days,london st pancras,birmingham new street,Sunday,advance
0 days,manchester piccadilly,liverpool lime street,Saturday,off-peak
0 days,london kings cross,york,Saturday,off-peak
1 days,manchester piccadilly,nottingham,Sunday,advance
0 days,london paddington,reading,Saturday,off-peak
1 days,london kings cross,york,Sunday,advance
1 days,liverpool lime street,manchester piccadilly,Sunday,advance
1 days,london kings cross,york,Sunday,advance
0 days,manchester piccadilly,liverpool lime street,Saturday,off-peak
0 days,liverpool lime street,manchester piccadilly,Saturday,off-peak
0 days,london euston,birmingham new street,Saturday,off-peak
0 days,london paddington,reading,Saturday,off-peak
0 days,york,doncaster,Saturday,off-peak
0 days,london euston,birmingham new street,Saturday,off-peak
0 days,birmingham new street,london st pancras,Saturday,off-peak
0 days,manchester piccadilly,liverpool lime street,Saturday,off-peak
0 days,london euston,manchester piccadilly,Saturday,off-peak
0 days,york,doncaster,Saturday,off-peak
1 days,manchester piccadilly,london euston,Sunday,advance
0 days,birmingham new street,london st pancras,Saturday,off-peak
0 days,london st pancras,birmingham new street,Saturday,off-peak
0 days,london st pancras,birmingham new street,Saturday,off-peak
5 days,london kings cross,york,Thursday,advance
0 days,london st pancras,birmingham new street,Saturday,off-peak
0 days,manchester piccadilly,liverpool lime street,Saturday,off-peak
0 days,london euston,birmingham new street,Saturday,off-peak
1 days,liverpool lime street,manchester piccadilly,Sunday,advance
0 days,london kings cross,york,Saturday,off-peak
1 days,birmingham new street,london st pancras,Sunday,advance
1 days,london paddington,reading,Sunday,advance
0 days,london kings cross,york,Saturday,off-peak
0 days,york,peterborough,Saturday,off-peak
0 days,reading,swindon,Saturday,off-peak
0 days,york,peterborough,Saturday,off-peak
0 days,liverpool lime street,london euston,Saturday,off-peak
0 days,liverpool lime street,london euston,Saturday,off-peak
0 days,liverpool lime street,london euston,Saturday,off-peak
0 days,manchester piccadilly,liverpool lime street,Saturday,off-peak
0 days,liverpool lime street,london euston,Saturday,off-peak
0 days,birmingham new street,london euston,Saturday,off-peak
0 days,liverpool lime street,london euston,Saturday,off-peak
1 days,liverpool lime street,sheffield,Sunday,advance
0 days,london euston,manchester piccadilly,Saturday,off-peak
0 days,manchester piccadilly,london euston,Saturday,off-peak
0 days,liverpool lime street,london euston,Saturday,off-peak
1 days,london kings cross,york,Sunday,advance
0 days,london euston,birmingham new street,Saturday,off-peak
0 days,london kings cross,york,Saturday,off-peak
0 days,london paddington,oxford,Saturday,off-peak
0 days,london paddington,reading,Saturday,off-peak
0 days,london paddington,oxford,Saturday,off-peak
0 days,london paddington,reading,Saturday,off-peak
0 days,london paddington,oxford,Saturday,off-peak
1 days,london kings cross,york,Sunday,advance
0 days,london st pancras,birmingham new street,Saturday,off-peak
0 days,london paddington,reading,Saturday,off-peak
1 days,manchester piccadilly,liverpool lime street,Sunday,advance
0 days,manchester piccadilly,liverpool lime street,Saturday,off-peak
1 days,london paddington,reading,Sunday,advance
1 days,manchester piccadilly,liverpool lime street,Sunday,advance
0 days,manchester piccadilly,liverpool lime street,Saturday,off-peak
0 days,manchester piccadilly,liverpool lime street,Saturday,off-peak
0 days,manchester piccadilly,liverpool lime street,Saturday,off-peak
0 days,manchester piccadilly,liverpool lime street,Saturday,off-peak
0 days,manchester piccadilly,liverpool lime street,Saturday,off-peak
1 days,birmingham new street,london st pancras,Sunday,advance
1 days,york,doncaster,Sunday,advance
1 days,london st pancras,birmingham new street,Sunday,advance
1 days,york,doncaster,Sunday,advance
1 days,london paddington,reading,Sunday,advance
1 days,birmingham new street,london st pancras,Sunday,advance
1 days,london st pancras,wolverhampton,Sunday,advance
1 days,birmingham new street,london st pancras,Sunday,advance
1 days,london euston,birmingham new street,Sunday,advance
1 days,london euston,birmingham new street,Sunday,advance
7 days,london euston,birmingham new street,Saturday,advance
1 days,manchester piccadilly,liverpool lime street,Sunday,advance
1 days,london paddington,reading,Sunday,advance
1 days,london st pancras,birmingham new street,Sunday,advance
1 days,liverpool lime street,manchester piccadilly,Sunday,advance
1 days,london paddington,reading,Sunday,advance
1 days,london paddington,reading,Sunday,advance
0 days,liverpool lime street,birmingham new street,Saturday,off-peak
1 days,oxford,bristol temple meads,Sunday,advance
1 days,reading,swindon,Sunday,advance
1 days,london euston,birmingham new street,Sunday,advance
1 days,london kings cross,york,Sunday,advance
1 days,york,peterborough,Sunday,advance
1 days,london kings cross,york,Sunday,advance
1 days,bristol temple meads,cardiff central,Sunday,advance
1 days,london kings cross,york,Sunday,advance
1 days,liverpool lime street,manchester piccadilly,Sunday,advance
1 days,york,peterborough,Sunday,advance
0 days,liverpool lime street,manchester piccadilly,Saturday,off-peak
1 days,liverpool lime street,london euston,Sunday,advance
0 days,manchester piccadilly,liverpool lime street,Saturday,off-peak
0 days,oxford,bristol temple meads,Saturday,off-peak
1 days,liverpool lime street,london euston,Sunday,advance
1 days,london kings cross,york,Sunday,advance
1 days,liverpool lime street,london euston,Sunday,advance
1 days,liverpool lime street,london euston,Sunday,advance
0 days,york,edinburgh,Saturday,off-peak
0 days,london st pancras,birmingham new street,Saturday,off-peak
0 days,manchester piccadilly,liverpool lime street,Saturday,off-peak
1 days,liverpool lime street,london euston,Sunday,advance
0 days,london st pancras,birmingham new street,Saturday,off-peak
0 days,london euston,birmingham new street,Saturday,off-peak
18 days,london kings cross,york,Wednesday,advance
1 days,manchester piccadilly,liverpool lime street,Sunday,advance
1 days,london paddington,reading,Sunday,advance
0 days,manchester piccadilly,liverpool lime street,Saturday,off-peak
1 days,manchester piccadilly,leeds,Sunday,advance
0 days,manchester piccadilly,london st pancras,Saturday,off-peak
0 days,manchester piccadilly,liverpool lime street,Saturday,off-peak
0 days,manchester piccadilly,liverpool lime street,Saturday,off-peak
1 days,manchester piccadilly,liverpool lime street,Sunday,advance
1 days,manchester piccadilly,liverpool lime street,Sunday,advance
0 days,london kings cross,york,Saturday,off-peak
1 days,manchester piccadilly,liverpool lime street,Sunday,advance
1 days,london paddington,reading,Sunday,advance
0 days,london kings cross,york,Saturday,off-peak
0 days,london euston,birmingham new street,Saturday,off-peak
1 days,liverpool lime street,london st pancras,Sunday,advance
0 days,london euston,birmingham new street,Saturday,off-peak
0 days,manchester piccadilly,liverpool lime street,Saturday,off-peak
0 days,london euston,birmingham new street,Saturday,off-peak
1 days,birmingham new street,manchester piccadilly,Sunday,advance
1 days,london kings cross,york,Sunday,advance
0 days,london st pancras,birmingham new street,Saturday,off-peak
0 days,manchester piccadilly,liverpool lime street,Saturday,off-peak
1 days,manchester piccadilly,liverpool lime street,Sunday,advance
19 days,oxford,bristol temple meads,Thursday,advance
0 days,london paddington,reading,Saturday,off-peak
1 days,manchester piccadilly,liverpool lime street,Sunday,advance
1 days,liverpool lime street,manchester piccadilly,Sunday,advance
1 days,london kings cross,york,Sunday,advance
0 days,london paddington,reading,Saturday,off-peak
6 days,manchester piccadilly,leeds,Friday,advance
0 days,london paddington,reading,Saturday,off-peak
1 days,liverpool lime street,manchester piccadilly,Sunday,advance
1 days,liverpool lime street,manchester piccadilly,Sunday,advance
0 days,reading,london paddington,Saturday,off-peak
1 days,london st pancras,birmingham new street,Sunday,advance
1 days,london paddington,reading,Sunday,advance
0 days,manchester piccadilly,liverpool lime street,Saturday,off-peak
0 days,london euston,birmingham new street,Saturday,off-peak
0 days,london euston,birmingham new street,Saturday,off-peak
0 days,london euston,birmingham new street,Saturday,off-peak
0 days,manchester piccadilly,liverpool lime street,Saturday,off-peak
0 days,london kings cross,york,Saturday,off-peak
0 days,london euston,birmingham new street,Saturday,off-peak
0 days,london euston,birmingham new street,Saturday,off-peak
0 days,london euston,birmingham new street,Saturday,off-peak
0 days,london euston,birmingham new street,Saturday,off-peak
0 days,london euston,birmingham new street,Saturday,off-peak
0 days,london euston,birmingham new street,Saturday,off-peak
1 days,manchester piccadilly,liverpool lime street,Sunday,advance
0 days,london kings cross,york,Saturday,off-peak
0 days,manchester piccadilly,liverpool lime street,Saturday,off-peak
1 days,manchester piccadilly,liverpool lime street,Sunday,advance
0 days,manchester piccadilly,liverpool lime street,Saturday,off-peak
0 days,manchester piccadilly,london euston,Saturday,off-peak
1 days,london paddington,reading,Sunday,advance
0 days,london kings cross,york,Saturday,off-peak
0 days,london kings cross,york,Saturday,off-peak
0 days,london kings cross,york,Saturday,off-peak
0 days,liverpool lime street,london euston,Saturday,off-peak
0 days,birmingham new street,stafford,Saturday,off-peak
1 days,london paddington,reading,Sunday,advance
1 days,london paddington,reading,Sunday,advance
0 days,london st pancras,birmingham new street,Saturday,off-peak
0 days,birmingham new street,london st pancras,Saturday,off-peak
1 days,london st pancras,birmingham new street,Sunday,advance
0 days,liverpool lime street,manchester piccadilly,Saturday,off-peak
0 days,liverpool lime street,manchester piccadilly,Saturday,off-peak
0 days,manchester piccadilly,liverpool lime street,Saturday,off-peak
0 days,manchester piccadilly,liverpool lime street,Saturday,off-peak
0 days,london euston,birmingham new street,Saturday,off-peak
0 days,london st pancras,birmingham new street,Saturday,off-peak
0 days,london euston,birmingham new street,Saturday,off-peak
0 days,london euston,birmingham new street,Saturday,off-peak
1 days,manchester piccadilly,liverpool lime street,Sunday,advance
1 days,london paddington,reading,Sunday,advance
0 days,liverpool lime street,london euston,Saturday,off-peak
1 days,london euston,birmingham new street,Sunday,advance
1 days,london kings cross,york,Sunday,advance
0 days,york,peterborough,Saturday,off-peak
1 days,london euston,birmingham new street,Sunday,advance
0 days,birmingham new street,nuneaton,Saturday,off-peak
0 days,liverpool lime street,crewe,Saturday,off-peak
1 days,manchester piccadilly,liverpool lime street,Sunday,advance
0 days,london st pancras,birmingham new street,Saturday,off-peak
0 days,birmingham new street,nuneaton,Saturday,off-peak
0 days,birmingham new street,tamworth,Saturday,off-peak
1 days,london euston,birmingham new street,Sunday,advance
1 days,london euston,birmingham new street,Sunday,advance
1 days,london euston,birmingham new street,Sunday,advance
1 days,liverpool lime street,manchester piccadilly,Sunday,advance
1 days,london euston,birmingham new street,Sunday,advance
1 days,london st pancras,birmingham new street,Sunday,advance
1 days,london paddington,reading,Sunday,advance
1 days,london kings cross,york,Sunday,advance
0 days,york,edinburgh,Saturday,off-peak
1 days,london euston,birmingham new street,Sunday,advance
1 days,london paddington,reading,Sunday,advance
1 days,london kings cross,liverpool lime street,Sunday,advance
1 days,london kings cross,york,Sunday,advance
1 days,manchester piccadilly,london euston,Sunday,advance
1 days,birmingham new street,liverpool lime street,Sunday,advance
0 days,london st pancras,leicester,Saturday,off-peak
0 days,london paddington,reading,Saturday,off-peak
1 days,london paddington,reading,Sunday,advance
1 days,manchester piccadilly,liverpool lime street,Sunday,advance
1 days,london kings cross,york,Sunday,advance
1 days,liverpool lime street,manchester piccadilly,Sunday,advance
1 days,liverpool lime street,manchester piccadilly,Sunday,advance
0 days,liverpool lime street,manchester piccadilly,Saturday,off-peak
12 days,liverpool lime street,manchester piccadilly,Thursday,advance
1 days,manchester piccadilly,liverpool lime street,Sunday,advance
0 days,london euston,birmingham new street,Saturday,off-peak
1 days,london paddington,reading,Sunday,advance
1 days,london euston,birmingham new street,Sunday,advance
0 days,london euston,birmingham new street,Saturday,off-peak
0 days,london paddington,reading,Saturday,off-peak
1 days,london paddington,reading,Sunday,advance
0 days,london euston,birmingham new street,Saturday,off-peak
0 days,liverpool lime street,manchester piccadilly,Saturday,off-peak
0 days,london euston,birmingham new street,Saturday,off-peak
0 days,london euston,birmingham new street,Saturday,off-peak
0 days,liverpool lime street,manchester piccadilly,Saturday,off-peak
0 days,london paddington,reading,Saturday,off-peak
1 days,london st pancras,birmingham new street,Sunday,advance
1 days,birmingham new street,wolverhampton,Sunday,advance
1 days,london st pancras,birmingham new street,Sunday,advance
1 days,london st pancras,birmingham new street,Sunday,advance
1 days,london paddington,reading,Sunday,advance
1 days,london kings cross,york,Sunday,advance
1 days,birmingham new street,coventry,Sunday,advance
1 days,london st pancras,birmingham new street,Sunday,advance
1 days,london st pancras,birmingham new street,Sunday,advance
1 days,manchester piccadilly,liverpool lime street,Sunday,advance
1 days,manchester piccadilly,liverpool lime street,Sunday,advance
8 days,london paddington,reading,Sunday,advance
0 days,london st pancras,birmingham new street,Saturday,off-peak
0 days,london paddington,reading,Saturday,off-peak
0 days,london paddington,reading,Saturday,off-peak
1 days,manchester piccadilly,liverpool lime street,Sunday,advance
1 days,manchester piccadilly,liverpool lime street,Sunday,advance
0 days,london euston,birmingham new street,Saturday,off-peak
1 days,london paddington,reading,Sunday,advance
1 days,birmingham new street,london euston,Sunday,advance
1 days,london paddington,reading,Sunday,advance
1 days,manchester piccadilly,liverpool lime street,Sunday,advance
1 days,liverpool lime street,manchester piccadilly,Sunday,advance
1 days,london st pancras,birmingham new street,Sunday,advance
1 days,manchester piccadilly,liverpool lime street,Sunday,advance
1 days,manchester piccadilly,liverpool lime street,Sunday,advance
1 days,birmingham new street,london st pancras,Sunday,advance
1 days,liverpool lime street,manchester piccadilly,Sunday,advance
1 days,london euston,manchester piccadilly,Sunday,advance
0 days,london euston,birmingham new street,Sunday,off-peak
1 days,london euston,birmingham new street,Monday,advance
0 days,london euston,manchester piccadilly,Sunday,off-peak
0 days,manchester piccadilly,liverpool lime street,Sunday,off-peak
1 days,london kings cross,york,Monday,advance
1 days,york,durham,Monday,advance
9 days,liverpool lime street,manchester piccadilly,Tuesday,advance
1 days,manchester piccadilly,liverpool lime street,Monday,advance
10 days,liverpool lime street,manchester piccadilly,Wednesday,advance
1 days,manchester piccadilly,liverpool lime street,Monday,advance
1 days,liverpool lime street,manchester piccadilly,Monday,advance
0 days,liverpool lime street,manchester piccadilly,Sunday,off-peak
0 days,liverpool lime street,manchester piccadilly,Sunday,off-peak
0 days,london euston,birmingham new street,Sunday,off-peak
0 days,liverpool lime street,manchester piccadilly,Sunday,off-peak
0 days,london paddington,reading,Sunday,off-peak
0 days,liverpool lime street,manchester piccadilly,Sunday,off-peak
0 days,london paddington,reading,Sunday,off-peak
1 days,york,durham,Monday,advance
1 days,london st pancras,birmingham new street,Monday,advance
0 days,london kings cross,york,Sunday,off-peak
1 days,liverpool lime street,manchester piccadilly,Monday,advance
0 days,london kings cross,york,Sunday,off-peak
1 days,london st pancras,birmingham new street,Monday,advance
7 days,london euston,birmingham new street,Sunday,advance
0 days,london kings cross,york,Sunday,off-peak
0 days,london kings cross,york,Sunday,off-peak
0 days,london st pancras,birmingham new street,Sunday,off-peak
0 days,manchester piccadilly,liverpool lime street,Sunday,off-peak
1 days,liverpool lime street,manchester piccadilly,Monday,advance
8 days,liverpool lime street,manchester piccadilly,Monday,advance
0 days,london kings cross,york,Sunday,off-peak
0 days,london kings cross,york,Sunday,off-peak
0 days,london paddington,reading,Sunday,off-peak
0 days,london kings cross,york,Sunday,off-peak
0 days,liverpool lime street,crewe,Sunday,off-peak
0 days,london kings cross,york,Sunday,off-peak
0 days,birmingham new street,london st pancras,Sunday,off-peak
0 days,manchester piccadilly,liverpool lime street,Sunday,off-peak
0 days,london euston,manchester piccadilly,Sunday,off-peak
12 days,manchester piccadilly,london euston,Friday,advance
0 days,york,doncaster,Sunday,off-peak
0 days,london kings cross,york,Sunday,off-peak
0 days,london st pancras,birmingham new street,Sunday,off-peak
0 days,liverpool lime street,manchester piccadilly,Sunday,off-peak
0 days,liverpool lime street,manchester piccadilly,Sunday,off-peak
0 days,manchester piccadilly,liverpool lime street,Sunday,off-peak
1 days,birmingham new street,london st pancras,Monday,advance
0 days,london kings cross,york,Sunday,off-peak
0 days,london kings cross,york,Sunday,off-peak
0 days,reading,swindon,Sunday,off-peak
0 days,liverpool lime street,manchester piccadilly,Sunday,off-peak
0 days,london kings cross,york,Sunday,off-peak
1 days,liverpool lime street,manchester piccadilly,Monday,advance
0 days,london kings cross,york,Sunday,off-peak
0 days,london euston,manchester piccadilly,Sunday,off-peak
0 days,london st pancras,birmingham new street,Sunday,off-peak
0 days,liverpool lime street,london euston,Sunday,off-peak
0 days,liverpool lime street,london euston,Sunday,off-peak
0 days,liverpool lime street,london euston,Sunday,off-peak
0 days,liverpool lime street,london euston,Sunday,off-peak
0 days,london euston,manchester piccadilly,Sunday,off-peak
0 days,liverpool lime street,london euston,Sunday,off-peak
1 days,liverpool lime street,manchester piccadilly,Monday,advance
0 days,liverpool lime street,london euston,Sunday,off-peak
0 days,london euston,manchester piccadilly,Sunday,off-peak
0 days,liverpool lime street,london euston,Sunday,off-peak
0 days,london paddington,reading,Sunday,off-peak
0 days,manchester piccadilly,liverpool lime street,Sunday,off-peak
0 days,manchester piccadilly,london euston,Sunday,off-peak
0 days,london paddington,reading,Sunday,off-peak
0 days,london kings cross,york,Sunday,off-peak
0 days,london kings cross,york,Sunday,off-peak
0 days,london paddington,oxford,Sunday,off-peak
0 days,manchester piccadilly,liverpool lime street,Sunday,off-peak
0 days,london kings cross,york,Sunday,off-peak
0 days,london paddington,reading,Sunday,off-peak
0 days,london paddington,reading,Sunday,off-peak
0 days,london paddington,oxford,Sunday,off-peak
0 days,london paddington,oxford,Sunday,off-peak
0 days,london kings cross,york,Sunday,off-peak
0 days,manchester piccadilly,leeds,Sunday,off-peak
0 days,london kings cross,edinburgh waverley,Sunday,off-peak
9 days,york,peterborough,Tuesday,advance
0 days,manchester piccadilly,liverpool lime street,Sunday,off-peak
1 days,london paddington,reading,Monday,advance
0 days,london kings cross,edinburgh waverley,Sunday,off-peak
1 days,london kings cross,york,Monday,advance
1 days,birmingham new street,stafford,Monday,advance
1 days,london euston,manchester piccadilly,Monday,advance
1 days,london euston,birmingham new street,Monday,advance
1 days,birmingham new street,london st pancras,Monday,advance
1 days,birmingham new street,london st pancras,Monday,advance
1 days,birmingham new street,nuneaton,Monday,advance
1 days,london euston,birmingham new street,Monday,advance
1 days,london kings cross,york,Monday,advance
1 days,london paddington,reading,Monday,advance
6 days,london paddington,oxford,Saturday,advance
16 days,liverpool lime street,manchester piccadilly,Tuesday,advance
1 days,liverpool lime street,manchester piccadilly,Monday,advance
1 days,liverpool lime street,manchester piccadilly,Monday,advance
1 days,london st pancras,birmingham new street,Monday,advance
1 days,london kings cross,york,Monday,advance
1 days,london paddington,reading,Monday,advance
1 days,london paddington,reading,Monday,advance
1 days,birmingham new street,london st pancras,Monday,advance
0 days,manchester piccadilly,liverpool lime street,Sunday,off-peak
0 days,liverpool lime street,manchester piccadilly,Sunday,off-peak
1 days,reading,swindon,Monday,advance
1 days,london kings cross,york,Monday,advance
10 days,london kings cross,york,Wednesday,advance
1 days,reading,swindon,Monday,advance
1 days,london kings cross,york,Monday,advance
0 days,manchester piccadilly,liverpool lime street,Sunday,off-peak
0 days,manchester piccadilly,sheffield,Sunday,off-peak
0 days,york,edinburgh,Sunday,off-peak
1 days,liverpool lime street,london euston,Monday,advance
1 days,liverpool lime street,london euston,Monday,advance
1 days,liverpool lime street,london euston,Monday,advance
1 days,reading,oxford,Monday,advance
1 days,liverpool lime street,london euston,Monday,advance
0 days,oxford,bristol temple meads,Sunday,off-peak
1 days,london euston,birmingham new street,Monday,advance
1 days,london euston,birmingham new street,Monday,advance
1 days,liverpool lime street,london st pancras,Monday,advance
1 days,manchester piccadilly,liverpool lime street,Monday,advance
0 days,london st pancras,birmingham new street,Sunday,off-peak
7 days,london paddington,reading,Sunday,advance
17 days,london euston,birmingham new street,Wednesday,advance
0 days,liverpool lime street,manchester piccadilly,Sunday,off-peak
11 days,london paddington,reading,Thursday,advance
0 days,liverpool lime street,manchester piccadilly,Sunday,off-peak
1 days,manchester piccadilly,liverpool lime street,Monday,advance
0 days,london euston,birmingham new street,Sunday,off-peak
0 days,london paddington,reading,Sunday,off-peak
0 days,london paddington,reading,Sunday,off-peak
0 days,london paddington,reading,Sunday,off-peak
0 days,london kings cross,york,Sunday,off-peak
0 days,london kings cross,york,Sunday,off-peak
17 days,manchester piccadilly,sheffield,Wednesday,advance
0 days,manchester piccadilly,liverpool lime street,Sunday,off-peak
1 days,london st pancras,birmingham new street,Monday,advance
0 days,london st pancras,birmingham new street,Sunday,off-peak
0 days,manchester piccadilly,liverpool lime street,Sunday,off-peak
0 days,london st pancras,birmingham new street,Sunday,off-peak
0 days,birmingham new street,reading,Sunday,off-peak
1 days,london st pancras,birmingham new street,Monday,advance
1 days,london st pancras,birmingham new street,Monday,advance
0 days,london euston,birmingham new street,Sunday,off-peak
0 days,london euston,birmingham new street,Sunday,off-peak
0 days,birmingham new street,liverpool lime street,Sunday,off-peak
0 days,london st pancras,birmingham new street,Sunday,off-peak
0 days,london kings cross,york,Sunday,off-peak
0 days,london st pancras,birmingham new street,Sunday,off-peak
0 days,london euston,birmingham new street,Sunday,off-peak
1 days,london euston,birmingham new street,Monday,advance
1 days,london euston,manchester piccadilly,Monday,advance
0 days,london euston,birmingham new street,Sunday,off-peak
0 days,london euston,birmingham new street,Sunday,off-peak
0 days,london euston,birmingham new street,Sunday,off-peak
0 days,manchester piccadilly,liverpool lime street,Sunday,off-peak
0 days,london kings cross,york,Sunday,off-peak
0 days,london euston,birmingham new street,Sunday,off-peak
0 days,manchester piccadilly,liverpool lime street,Sunday,off-peak
0 days,london paddington,reading,Sunday,off-peak
1 days,london euston,birmingham new street,Monday,advance
1 days,manchester piccadilly,liverpool lime street,Monday,advance
0 days,london kings cross,york,Sunday,off-peak
0 days,liverpool lime street,london euston,Sunday,off-peak
0 days,liverpool lime street,sheffield,Sunday,off-peak
0 days,liverpool lime street,sheffield,Sunday,off-peak
0 days,edinburgh waverley,london kings cross,Sunday,off-peak
0 days,birmingham new street,stafford,Sunday,off-peak
0 days,london kings cross,york,Sunday,off-peak
0 days,london kings cross,york,Sunday,off-peak
0 days,birmingham new street,stafford,Sunday,off-peak
0 days,manchester piccadilly,liverpool lime street,Sunday,off-peak
0 days,london paddington,reading,Sunday,off-peak
0 days,london st pancras,birmingham new street,Sunday,off-peak
0 days,london euston,manchester piccadilly,Sunday,off-peak
0 days,liverpool lime street,manchester piccadilly,Sunday,off-peak
1 days,manchester piccadilly,liverpool lime street,Monday,advance
0 days,london kings cross,york,Sunday,off-peak
0 days,manchester piccadilly,liverpool lime street,Sunday,off-peak
0 days,london euston,birmingham new street,Sunday,off-peak
0 days,manchester piccadilly,liverpool lime street,Sunday,off-peak
0 days,manchester piccadilly,liverpool lime street,Sunday,off-peak
1 days,manchester piccadilly,liverpool lime street,Monday,advance
0 days,london euston,birmingham new street,Sunday,off-peak
1 days,manchester piccadilly,liverpool lime street,Monday,advance
1 days,london paddington,reading,Monday,advance
1 days,london euston,birmingham new street,Monday,advance
1 days,london st pancras,birmingham new street,Monday,advance
1 days,reading,london paddington,Monday,advance
1 days,london euston,birmingham new street,Monday,advance
0 days,birmingham new street,coventry,Sunday,off-peak
0 days,london st pancras,birmingham new street,Sunday,off-peak
0 days,london st pancras,birmingham new street,Sunday,off-peak
0 days,london st pancras,birmingham new street,Sunday,off-peak
0 days,birmingham new street,nuneaton,Sunday,off-peak
0 days,london euston,manchester piccadilly,Sunday,off-peak
0 days,manchester piccadilly,liverpool lime street,Sunday,off-peak
0 days,reading,didcot,Sunday,off-peak
0 days,liverpool lime street,crewe,Sunday,off-peak
0 days,london st pancras,birmingham new street,Sunday,off-peak
0 days,london st pancras,birmingham new street,Sunday,off-peak
0 days,manchester piccadilly,liverpool lime street,Sunday,off-peak
0 days,birmingham new street,tamworth,Sunday,off-peak
1 days,london paddington,reading,Monday,advance
1 days,london euston,birmingham new street,Monday,advance
0 days,birmingham new street,stafford,Sunday,off-peak
0 days,london euston,manchester piccadilly,Sunday,off-peak
1 days,manchester piccadilly,liverpool lime street,Monday,advance
1 days,manchester piccadilly,liverpool lime street,Monday,advance
1 days,manchester piccadilly,liverpool lime street,Monday,advance
1 days,london euston,birmingham new street,Monday,advance
1 days,london euston,birmingham new street,Monday,advance
1 days,london kings cross,york,Monday,advance
1 days,london kings cross,york,Monday,advance
1 days,london paddington,reading,Monday,advance
1 days,manchester piccadilly,liverpool lime street,Monday,advance
1 days,london euston,birmingham new street,Monday,advance
1 days,manchester piccadilly,liverpool lime street,Monday,advance
1 days,london paddington,reading,Monday,advance
1 days,liverpool lime street,london euston,Monday,advance
0 days,london st pancras,leicester,Sunday,off-peak
1 days,liverpool lime street,london euston,Monday,advance
0 days,london st pancras,leicester,Sunday,off-peak
0 days,london kings cross,york,Sunday,off-peak
0 days,london st pancras,leicester,Sunday,off-peak
0 days,manchester piccadilly,liverpool lime street,Sunday,off-peak
0 days,manchester piccadilly,liverpool lime street,Sunday,off-peak
0 days,london paddington,reading,Sunday,off-peak
1 days,manchester piccadilly,liverpool lime street,Monday,advance
0 days,london paddington,reading,Sunday,off-peak
1 days,manchester piccadilly,liverpool lime street,Monday,advance
0 days,liverpool lime street,manchester piccadilly,Sunday,off-peak
1 days,liverpool lime street,manchester piccadilly,Monday,advance
1 days,manchester piccadilly,liverpool lime street,Monday,advance
1 days,london st pancras,leicester,Monday,advance
1 days,london kings cross,york,Monday,advance
0 days,london euston,birmingham new street,Sunday,off-peak
1 days,london st pancras,leicester,Monday,advance
1 days,london st pancras,leicester,Monday,advance
1 days,manchester piccadilly,liverpool lime street,Monday,advance
0 days,liverpool lime street,manchester piccadilly,Sunday,off-peak
1 days,london paddington,reading,Monday,advance
1 days,birmingham new street,york,Monday,advance
1 days,london st pancras,birmingham new street,Monday,advance
1 days,london st pancras,birmingham new street,Monday,advance
1 days,london euston,manchester piccadilly,Monday,advance
1 days,london paddington,reading,Monday,advance
6 days,london st pancras,birmingham new street,Saturday,advance
1 days,york,peterborough,Monday,advance
1 days,birmingham new street,tamworth,Monday,advance
1 days,london kings cross,york,Monday,advance
1 days,liverpool lime street,leeds,Monday,advance
0 days,london euston,birmingham new street,Sunday,off-peak
0 days,london kings cross,york,Sunday,off-peak
0 days,london paddington,reading,Sunday,off-peak
1 days,manchester piccadilly,liverpool lime street,Monday,advance
1 days,london euston,birmingham new street,Monday,advance
1 days,london euston,birmingham new street,Monday,advance
10 days,manchester piccadilly,sheffield,Wednesday,advance
4 days,birmingham new street,liverpool lime street,Thursday,advance
1 days,manchester piccadilly,liverpool lime street,Monday,advance
10 days,london euston,birmingham new street,Wednesday,advance
1 days,liverpool lime street,manchester piccadilly,Monday,advance
1 days,london kings cross,york,Monday,advance
1 days,manchester piccadilly,leeds,Monday,advance
1 days,london kings cross,york,Monday,advance
1 days,birmingham new street,liverpool lime street,Monday,advance
1 days,london euston,birmingham new street,Monday,advance
1 days,london paddington,reading,Monday,advance
8 days,london euston,birmingham new street,Monday,advance
1 days,liverpool lime street,manchester piccadilly,Monday,advance
1 days,london euston,birmingham new street,Monday,advance
1 days,liverpool lime street,manchester piccadilly,Monday,advance
1 days,london st pancras,birmingham new street,Monday,advance
1 days,london euston,birmingham new street,Monday,advance
1 days,london paddington,reading,Monday,advance
1 days,london euston,birmingham new street,Monday,advance
1 days,london euston,manchester piccadilly,Monday,advance
1 days,london euston,birmingham new street,Monday,advance
15 days,london kings cross,york,Monday,advance
0 days,liverpool lime street,manchester piccadilly,Monday,off-peak
1 days,manchester piccadilly,leeds,Tuesday,advance
0 days,liverpool lime street,manchester piccadilly,Monday,off-peak
0 days,london kings cross,york,Monday,off-peak
0 days,london st pancras,birmingham new street,Monday,off-peak
0 days,manchester piccadilly,nottingham,Monday,off-peak
0 days,manchester piccadilly,nottingham,Monday,off-peak
4 days,london paddington,reading,Friday,advance
0 days,liverpool lime street,manchester piccadilly,Monday,off-peak
0 days,london euston,birmingham new street,Monday,off-peak
1 days,liverpool lime street,manchester piccadilly,Tuesday,advance
1 days,london kings cross,york,Tuesday,advance
0 days,york,durham,Monday,off-peak
4 days,london paddington,reading,Friday,advance
1 days,birmingham new street,london euston,Tuesday,advance
0 days,manchester piccadilly,london paddington,Monday,off-peak
1 days,london st pancras,birmingham new street,Tuesday,advance
12 days,manchester piccadilly,liverpool lime street,Saturday,advance
1 days,liverpool lime street,manchester piccadilly,Tuesday,advance
20 days,birmingham new street,london st pancras,Sunday,advance
1 days,liverpool lime street,manchester piccadilly,Tuesday,advance
1 days,liverpool lime street,manchester piccadilly,Tuesday,advance
1 days,liverpool lime street,manchester piccadilly,Tuesday,advance
14 days,liverpool lime street,manchester piccadilly,Monday,advance
0 days,london paddington,reading,Monday,off-peak
0 days,london paddington,reading,Monday,off-peak
1 days,liverpool lime street,manchester piccadilly,Tuesday,advance
1 days,liverpool lime street,manchester piccadilly,Tuesday,advance
0 days,london kings cross,york,Monday,off-peak
0 days,liverpool lime street,london euston,Monday,off-peak
0 days,london kings cross,liverpool lime street,Monday,off-peak
1 days,manchester piccadilly,nottingham,Tuesday,advance
0 days,london euston,birmingham new street,Monday,off-peak
1 days,manchester piccadilly,liverpool lime street,Tuesday,advance
0 days,london euston,manchester piccadilly,Monday,off-peak
0 days,birmingham new street,london st pancras,Monday,off-peak
1 days,manchester piccadilly,liverpool lime street,Tuesday,advance
1 days,manchester piccadilly,sheffield,Tuesday,advance
0 days,liverpool lime street,london euston,Monday,off-peak
0 days,london kings cross,york,Monday,anytime
0 days,manchester piccadilly,liverpool lime street,Monday,anytime
0 days,manchester piccadilly,liverpool lime street,Monday,anytime
0 days,manchester piccadilly,liverpool lime street,Monday,anytime
0 days,london paddington,reading,Monday,anytime
0 days,manchester piccadilly,liverpool lime street,Monday,anytime
0 days,manchester piccadilly,liverpool lime street,Monday,anytime
0 days,london paddington,reading,Monday,anytime
0 days,birmingham new street,london st pancras,Monday,anytime
0 days,york,doncaster,Monday,anytime
0 days,london st pancras,birmingham new street,Monday,anytime
0 days,london kings cross,york,Monday,anytime
1 days,manchester piccadilly,liverpool lime street,Tuesday,advance
0 days,birmingham new street,london st pancras,Monday,anytime
0 days,london st pancras,birmingham new street,Monday,anytime
0 days,london st pancras,birmingham new street,Monday,anytime
0 days,london euston,manchester piccadilly,Monday,anytime
0 days,york,doncaster,Monday,anytime
1 days,manchester piccadilly,sheffield,Tuesday,advance
0 days,london kings cross,york,Monday,anytime
0 days,london st pancras,birmingham new street,Monday,anytime
0 days,london kings cross,york,Monday,anytime
0 days,manchester piccadilly,liverpool lime street,Monday,anytime
1 days,london kings cross,york,Tuesday,advance
0 days,london kings cross,york,Monday,off-peak
1 days,liverpool lime street,manchester piccadilly,Tuesday,advance
1 days,liverpool lime street,manchester piccadilly,Tuesday,advance
0 days,london kings cross,york,Monday,anytime
1 days,liverpool lime street,manchester piccadilly,Tuesday,advance
0 days,london paddington,manchester piccadilly,Monday,anytime
0 days,reading,swindon,Monday,anytime
1 days,london kings cross,york,Tuesday,advance
1 days,london kings cross,york,Tuesday,advance
0 days,london kings cross,york,Monday,anytime
0 days,liverpool lime street,london euston,Monday,anytime
0 days,liverpool lime street,london euston,Monday,anytime
0 days,liverpool lime street,london euston,Monday,anytime
0 days,london st pancras,birmingham new street,Monday,anytime
0 days,york,liverpool lime street,Monday,anytime
0 days,liverpool lime street,london st pancras,Monday,anytime
0 days,london kings cross,york,Monday,anytime
0 days,liverpool lime street,london paddington,Monday,anytime
0 days,london kings cross,york,Monday,anytime
0 days,london paddington,reading,Monday,anytime
0 days,london paddington,oxford,Monday,anytime
0 days,manchester piccadilly,liverpool lime street,Monday,anytime
0 days,london euston,birmingham new street,Monday,anytime
0 days,london paddington,reading,Monday,off-peak
1 days,manchester piccadilly,liverpool lime street,Tuesday,advance
0 days,london kings cross,edinburgh waverley,Monday,anytime
1 days,london kings cross,york,Tuesday,advance
1 days,york,peterborough,Tuesday,advance
1 days,manchester piccadilly,liverpool lime street,Tuesday,advance
1 days,london paddington,reading,Tuesday,advance
1 days,manchester piccadilly,liverpool lime street,Tuesday,advance
1 days,london kings cross,york,Tuesday,advance
1 days,london paddington,reading,Tuesday,advance
0 days,london st pancras,birmingham new street,Monday,off-peak
1 days,london kings cross,york,Tuesday,advance
1 days,london euston,birmingham new street,Tuesday,advance
1 days,london euston,manchester piccadilly,Tuesday,advance
14 days,london euston,birmingham new street,Monday,advance
1 days,london euston,birmingham new street,Tuesday,advance
7 days,birmingham new street,london st pancras,Monday,advance
1 days,york,doncaster,Tuesday,advance
1 days,london kings cross,york,Tuesday,advance
1 days,london paddington,reading,Tuesday,advance
1 days,london kings cross,york,Tuesday,advance
1 days,london st pancras,birmingham new street,Tuesday,advance
0 days,london kings cross,york,Monday,off-peak
1 days,london kings cross,york,Tuesday,advance
1 days,london paddington,oxford,Tuesday,advance
0 days,london kings cross,york,Monday,off-peak
1 days,london kings cross,york,Tuesday,advance
1 days,london paddington,oxford,Tuesday,advance
1 days,london paddington,reading,Tuesday,advance
1 days,london kings cross,york,Tuesday,advance
1 days,york,peterborough,Tuesday,advance
1 days,reading,swindon,Tuesday,advance
0 days,liverpool lime street,manchester piccadilly,Monday,off-peak
0 days,liverpool lime street,manchester piccadilly,Monday,off-peak
1 days,birmingham new street,london euston,Tuesday,advance
15 days,liverpool lime street,london euston,Tuesday,advance
1 days,london euston,manchester piccadilly,Tuesday,advance
0 days,manchester piccadilly,sheffield,Monday,off-peak
1 days,liverpool lime street,london euston,Tuesday,advance
0 days,manchester piccadilly,sheffield,Monday,off-peak
1 days,london euston,manchester piccadilly,Tuesday,advance
5 days,liverpool lime street,london euston,Saturday,advance
1 days,reading,oxford,Tuesday,advance
0 days,manchester piccadilly,liverpool lime street,Monday,off-peak
1 days,london euston,birmingham new street,Tuesday,advance
0 days,london st pancras,birmingham new street,Monday,off-peak
0 days,manchester piccadilly,liverpool lime street,Monday,off-peak
8 days,london euston,birmingham new street,Tuesday,advance
0 days,manchester piccadilly,liverpool lime street,Monday,off-peak
0 days,london kings cross,york,Monday,off-peak
1 days,london paddington,reading,Tuesday,advance
0 days,london st pancras,birmingham new street,Monday,off-peak
0 days,london st pancras,birmingham new street,Monday,off-peak
1 days,london paddington,reading,Tuesday,advance
1 days,manchester piccadilly,liverpool lime street,Tuesday,advance
1 days,manchester piccadilly,liverpool lime street,Tuesday,advance
0 days,birmingham new street,manchester piccadilly,Monday,off-peak
0 days,liverpool lime street,manchester piccadilly,Monday,off-peak
0 days,liverpool lime street,manchester piccadilly,Monday,off-peak
0 days,london paddington,reading,Monday,off-peak
0 days,manchester piccadilly,liverpool lime street,Monday,off-peak
1 days,manchester piccadilly,liverpool lime street,Tuesday,advance
1 days,manchester piccadilly,liverpool lime street,Tuesday,advance
1 days,manchester piccadilly,liverpool lime street,Tuesday,advance
0 days,london euston,birmingham new street,Monday,off-peak
1 days,liverpool lime street,manchester piccadilly,Tuesday,advance
0 days,london kings cross,york,Monday,off-peak
1 days,london euston,birmingham new street,Tuesday,advance
0 days,london st pancras,birmingham new street,Monday,off-peak
1 days,london paddington,liverpool lime street,Tuesday,advance
1 days,london kings cross,york,Tuesday,advance
0 days,manchester piccadilly,liverpool lime street,Monday,off-peak
1 days,london st pancras,birmingham new street,Tuesday,advance
1 days,london kings cross,york,Tuesday,advance
0 days,liverpool lime street,manchester piccadilly,Monday,off-peak
0 days,london paddington,reading,Monday,off-peak
0 days,birmingham new street,reading,Monday,off-peak
1 days,manchester piccadilly,liverpool lime street,Tuesday,advance
1 days,london st pancras,birmingham new street,Tuesday,advance
1 days,london st pancras,birmingham new street,Tuesday,advance
0 days,london euston,birmingham new street,Monday,off-peak
1 days,london paddington,reading,Tuesday,advance
0 days,manchester piccadilly,liverpool lime street,Monday,off-peak
1 days,london paddington,reading,Tuesday,advance
3 days,london paddington,reading,Thursday,advance
1 days,london euston,manchester piccadilly,Tuesday,advance
0 days,london euston,birmingham new street,Monday,anytime
0 days,london euston,birmingham new street,Monday,anytime
1 days,manchester piccadilly,liverpool lime street,Tuesday,advance
0 days,manchester piccadilly,liverpool lime street,Monday,anytime
0 days,manchester piccadilly,liverpool lime street,Monday,anytime
0 days,london euston,birmingham new street,Monday,anytime
0 days,manchester piccadilly,liverpool lime street,Monday,anytime
0 days,manchester piccadilly,liverpool lime street,Monday,anytime
0 days,london kings cross,york,Monday,anytime
1 days,manchester piccadilly,liverpool lime street,Tuesday,advance
1 days,manchester piccadilly,liverpool lime street,Tuesday,advance
1 days,london euston,birmingham new street,Tuesday,advance
1 days,liverpool lime street,manchester piccadilly,Tuesday,advance
1 days,liverpool lime street,manchester piccadilly,Tuesday,advance
0 days,birmingham new street,liverpool lime street,Monday,anytime
0 days,liverpool lime street,london euston,Monday,off-peak
1 days,london euston,birmingham new street,Tuesday,advance
0 days,london kings cross,york,Monday,anytime
0 days,london euston,birmingham new street,Monday,anytime
0 days,london kings cross,york,Monday,anytime
3 days,liverpool lime street,sheffield,Thursday,advance
7 days,london euston,birmingham new street,Monday,advance
0 days,london st pancras,birmingham new street,Monday,anytime
1 days,london paddington,liverpool lime street,Tuesday,advance
1 days,london paddington,reading,Tuesday,advance
0 days,liverpool lime street,manchester piccadilly,Monday,anytime
1 days,manchester piccadilly,liverpool lime street,Tuesday,advance
0 days,manchester piccadilly,liverpool lime street,Monday,anytime
1 days,london paddington,reading,Tuesday,advance
0 days,london euston,birmingham new street,Monday,anytime
1 days,edinburgh waverley,london kings cross,Tuesday,advance
0 days,manchester piccadilly,liverpool lime street,Monday,anytime
0 days,london st pancras,birmingham new street,Monday,anytime
1 days,manchester piccadilly,liverpool lime street,Tuesday,advance
1 days,london euston,birmingham new street,Tuesday,advance
0 days,london st pancras,birmingham new street,Monday,anytime
0 days,london paddington,reading,Monday,anytime
1 days,london paddington,reading,Tuesday,advance
0 days,birmingham new street,york,Monday,anytime
1 days,london euston,birmingham new street,Tuesday,advance
1 days,reading,london paddington,Tuesday,advance
1 days,london euston,birmingham new street,Tuesday,advance
0 days,birmingham new street,nuneaton,Monday,anytime
0 days,london st pancras,birmingham new street,Monday,anytime
0 days,london st pancras,birmingham new street,Monday,anytime
0 days,liverpool lime street,crewe,Monday,anytime
0 days,birmingham new street,nuneaton,Monday,anytime
0 days,london st pancras,birmingham new street,Monday,anytime
0 days,london st pancras,birmingham new street,Monday,anytime
0 days,london st pancras,birmingham new street,Monday,anytime
0 days,london st pancras,birmingham new street,Monday,anytime
1 days,london kings cross,york,Tuesday,advance
0 days,london euston,manchester piccadilly,Monday,anytime
0 days,london st pancras,birmingham new street,Monday,anytime
0 days,london euston,manchester piccadilly,Monday,anytime
0 days,london st pancras,birmingham new street,Monday,anytime
1 days,london paddington,reading,Tuesday,advance
1 days,york,peterborough,Tuesday,advance
0 days,london st pancras,birmingham new street,Monday,off-peak
1 days,london kings cross,york,Tuesday,advance
1 days,london st pancras,birmingham new street,Tuesday,advance
1 days,london euston,birmingham new street,Tuesday,advance
1 days,london euston,birmingham new street,Tuesday,advance
0 days,london st pancras,birmingham new street,Monday,off-peak
1 days,london euston,birmingham new street,Tuesday,advance
1 days,manchester piccadilly,liverpool lime street,Tuesday,advance
1 days,london st pancras,leicester,Tuesday,advance
1 days,manchester piccadilly,liverpool lime street,Tuesday,advance
3 days,manchester piccadilly,liverpool lime street,Thursday,advance
1 days,liverpool lime street,sheffield,Tuesday,advance
1 days,liverpool lime street,london euston,Tuesday,advance
1 days,manchester piccadilly,liverpool lime street,Tuesday,advance
1 days,manchester piccadilly,london euston,Tuesday,advance
0 days,manchester piccadilly,liverpool lime street,Monday,anytime
0 days,manchester piccadilly,liverpool lime street,Monday,anytime
1 days,liverpool lime street,london euston,Tuesday,advance
0 days,london st pancras,birmingham new street,Monday,off-peak
0 days,london paddington,reading,Monday,off-peak
1 days,london kings cross,york,Tuesday,advance
0 days,london euston,birmingham new street,Monday,off-peak
1 days,london st pancras,birmingham new street,Tuesday,advance
0 days,london paddington,reading,Monday,off-peak
0 days,london euston,manchester piccadilly,Monday,off-peak
1 days,london kings cross,york,Tuesday,advance
0 days,london euston,manchester piccadilly,Monday,off-peak
1 days,london kings cross,york,Tuesday,advance
0 days,manchester piccadilly,liverpool lime street,Monday,off-peak
1 days,liverpool lime street,manchester piccadilly,Tuesday,advance
1 days,london st pancras,birmingham new street,Tuesday,advance
1 days,manchester piccadilly,liverpool lime street,Tuesday,advance
1 days,london st pancras,leicester,Tuesday,advance
1 days,manchester piccadilly,liverpool lime street,Tuesday,advance
1 days,manchester piccadilly,liverpool lime street,Tuesday,advance
1 days,manchester piccadilly,liverpool lime street,Tuesday,advance
1 days,manchester piccadilly,liverpool lime street,Tuesday,advance
20 days,london st pancras,birmingham new street,Sunday,advance
1 days,london st pancras,birmingham new street,Tuesday,advance
0 days,liverpool lime street,manchester piccadilly,Monday,off-peak
0 days,london paddington,reading,Monday,off-peak
1 days,birmingham new street,wolverhampton,Tuesday,advance
1 days,birmingham new street,london euston,Tuesday,advance
1 days,london st pancras,birmingham new street,Tuesday,advance
1 days,birmingham new street,tamworth,Tuesday,advance
1 days,london kings cross,york,Tuesday,advance
1 days,london st pancras,birmingham new street,Tuesday,advance
10 days,london st pancras,birmingham new street,Thursday,advance
1 days,london st pancras,birmingham new street,Tuesday,advance
1 days,london kings cross,york,Tuesday,advance
1 days,london euston,birmingham new street,Tuesday,advance
1 days,london kings cross,york,Tuesday,advance
0 days,liverpool lime street,leeds,Monday,off-peak
1 days,london euston,birmingham new street,Tuesday,advance
0 days,london euston,manchester piccadilly,Monday,off-peak
0 days,london euston,birmingham new street,Monday,off-peak
1 days,manchester piccadilly,liverpool lime street,Tuesday,advance
1 days,london euston,birmingham new street,Tuesday,advance
1 days,london paddington,reading,Tuesday,advance
1 days,manchester piccadilly,liverpool lime street,Tuesday,advance
1 days,london st pancras,birmingham new street,Tuesday,advance
1 days,liverpool lime street,manchester piccadilly,Tuesday,advance
1 days,reading,oxford,Tuesday,advance
13 days,london euston,birmingham new street,Sunday,advance
1 days,london euston,york,Tuesday,advance
1 days,london st pancras,birmingham new street,Tuesday,advance
1 days,liverpool lime street,manchester piccadilly,Tuesday,advance
1 days,liverpool lime street,manchester piccadilly,Tuesday,advance
1 days,london euston,manchester piccadilly,Tuesday,advance
0 days,oxford,bristol temple meads,Tuesday,off-peak
0 days,liverpool lime street,manchester piccadilly,Tuesday,off-peak
2 days,london kings cross,edinburgh waverley,Thursday,advance
0 days,manchester piccadilly,london euston,Tuesday,off-peak
0 days,liverpool lime street,manchester piccadilly,Tuesday,off-peak
0 days,london euston,manchester piccadilly,Tuesday,off-peak
0 days,london euston,birmingham new street,Tuesday,off-peak
0 days,york,durham,Tuesday,off-peak
0 days,york,durham,Tuesday,off-peak
9 days,york,durham,Thursday,advance
6 days,york,durham,Monday,advance
6 days,london st pancras,birmingham new street,Monday,advance
0 days,london kings cross,york,Tuesday,off-peak
0 days,liverpool lime street,manchester piccadilly,Tuesday,off-peak
0 days,liverpool lime street,manchester piccadilly,Tuesday,off-peak
0 days,manchester piccadilly,liverpool lime street,Tuesday,off-peak
0 days,london kings cross,york,Tuesday,off-peak
0 days,london euston,birmingham new street,Tuesday,off-peak
0 days,london st pancras,birmingham new street,Tuesday,off-peak
0 days,london paddington,reading,Tuesday,off-peak
0 days,london kings cross,york,Tuesday,anytime
0 days,london kings cross,york,Tuesday,anytime
0 days,london kings cross,york,Tuesday,anytime
0 days,manchester piccadilly,liverpool lime street,Tuesday,anytime
0 days,birmingham new street,london st pancras,Tuesday,anytime
0 days,manchester piccadilly,liverpool lime street,Tuesday,anytime
0 days,birmingham new street,london st pancras,Tuesday,anytime
0 days,york,doncaster,Tuesday,anytime
0 days,london st pancras,birmingham new street,Tuesday,anytime
0 days,birmingham new street,london st pancras,Tuesday,anytime
0 days,london paddington,reading,Tuesday,anytime
9 days,manchester piccadilly,liverpool lime street,Thursday,advance
0 days,london kings cross,york,Tuesday,anytime
0 days,london kings cross,york,Tuesday,anytime
0 days,london kings cross,york,Tuesday,anytime
0 days,london euston,birmingham new street,Tuesday,anytime
0 days,london kings cross,york,Tuesday,anytime
0 days,liverpool lime street,manchester piccadilly,Tuesday,anytime
0 days,liverpool lime street,manchester piccadilly,Tuesday,anytime
0 days,reading,swindon,Tuesday,anytime
0 days,london st pancras,birmingham new street,Tuesday,anytime
0 days,london kings cross,york,Tuesday,anytime
0 days,london euston,birmingham new street,Tuesday,anytime
0 days,liverpool lime street,london euston,Tuesday,anytime
0 days,liverpool lime street,london euston,Tuesday,anytime
0 days,manchester piccadilly,london euston,Tuesday,anytime
0 days,london euston,manchester piccadilly,Tuesday,anytime
0 days,london st pancras,birmingham new street,Tuesday,anytime
0 days,london euston,birmingham new street,Tuesday,anytime
0 days,london paddington,reading,Tuesday,anytime
0 days,london paddington,reading,Tuesday,anytime
0 days,london paddington,oxford,Tuesday,anytime
0 days,manchester piccadilly,liverpool lime street,Tuesday,anytime
0 days,london paddington,oxford,Tuesday,anytime
0 days,liverpool lime street,manchester piccadilly,Tuesday,off-peak
0 days,manchester piccadilly,liverpool lime street,Tuesday,off-peak
3 days,london kings cross,york,Friday,advance
0 days,liverpool lime street,manchester piccadilly,Tuesday,off-peak
3 days,london kings cross,york,Friday,advance
0 days,liverpool lime street,manchester piccadilly,Tuesday,off-peak
0 days,london euston,birmingham new street,Tuesday,off-peak
0 days,london euston,birmingham new street,Tuesday,off-peak
0 days,london st pancras,birmingham new street,Tuesday,off-peak
0 days,london st pancras,birmingham new street,Tuesday,off-peak
0 days,london paddington,reading,Tuesday,off-peak
0 days,manchester piccadilly,leeds,Tuesday,off-peak
18 days,london paddington,reading,Saturday,advance
3 days,manchester piccadilly,liverpool lime street,Friday,advance
0 days,london euston,birmingham new street,Tuesday,off-peak
0 days,london paddington,reading,Tuesday,off-peak
0 days,london paddington,reading,Tuesday,off-peak
0 days,london st pancras,birmingham new street,Tuesday,off-peak
0 days,liverpool lime street,manchester piccadilly,Tuesday,off-peak
0 days,london euston,birmingham new street,Tuesday,off-peak
0 days,london st pancras,birmingham new street,Tuesday,off-peak
0 days,manchester piccadilly,london paddington,Tuesday,off-peak
0 days,manchester piccadilly,liverpool lime street,Tuesday,off-peak
0 days,york,edinburgh,Tuesday,off-peak
3 days,liverpool lime street,manchester piccadilly,Friday,advance
0 days,birmingham new street,liverpool lime street,Tuesday,off-peak
0 days,london st pancras,birmingham new street,Tuesday,anytime
0 days,manchester piccadilly,liverpool lime street,Tuesday,off-peak
0 days,london euston,birmingham new street,Tuesday,off-peak
0 days,london euston,birmingham new street,Tuesday,off-peak
0 days,london euston,birmingham new street,Tuesday,off-peak
0 days,london kings cross,york,Tuesday,anytime
0 days,london euston,birmingham new street,Tuesday,anytime
0 days,london euston,birmingham new street,Tuesday,anytime
0 days,london kings cross,york,Tuesday,anytime
0 days,london euston,birmingham new street,Tuesday,anytime
0 days,manchester piccadilly,liverpool lime street,Tuesday,anytime
0 days,birmingham new street,london euston,Tuesday,off-peak
0 days,london kings cross,york,Tuesday,anytime
0 days,birmingham new street,london euston,Tuesday,anytime
0 days,london st pancras,birmingham new street,Tuesday,anytime
0 days,liverpool lime street,manchester piccadilly,Tuesday,anytime
0 days,london euston,birmingham new street,Tuesday,anytime
0 days,london euston,birmingham new street,Tuesday,anytime
0 days,birmingham new street,london st pancras,Tuesday,anytime
0 days,manchester piccadilly,liverpool lime street,Tuesday,anytime
0 days,london kings cross,york,Tuesday,anytime
0 days,liverpool lime street,manchester piccadilly,Tuesday,anytime
0 days,london paddington,reading,Tuesday,anytime
0 days,london kings cross,york,Tuesday,anytime
0 days,london st pancras,birmingham new street,Tuesday,anytime
0 days,london paddington,reading,Tuesday,anytime
0 days,london st pancras,birmingham new street,Tuesday,anytime
0 days,london st pancras,birmingham new street,Tuesday,anytime
0 days,birmingham new street,tamworth,Tuesday,anytime
0 days,london st pancras,birmingham new street,Tuesday,anytime
0 days,birmingham new street,coventry,Tuesday,anytime
0 days,london st pancras,birmingham new street,Tuesday,anytime
0 days,london paddington,reading,Tuesday,anytime
0 days,london st pancras,wolverhampton,Tuesday,anytime
0 days,birmingham new street,tamworth,Tuesday,anytime
0 days,liverpool lime street,crewe,Tuesday,anytime
0 days,liverpool lime street,crewe,Tuesday,anytime
0 days,london st pancras,birmingham new street,Tuesday,anytime
0 days,birmingham new street,wolverhampton,Tuesday,anytime
0 days,london st pancras,birmingham new street,Tuesday,anytime
0 days,birmingham new street,nuneaton,Tuesday,anytime
0 days,london st pancras,birmingham new street,Tuesday,off-peak
15 days,birmingham new street,manchester piccadilly,Wednesday,advance
0 days,manchester piccadilly,liverpool lime street,Tuesday,off-peak
0 days,manchester piccadilly,liverpool lime street,Tuesday,off-peak
8 days,manchester piccadilly,liverpool lime street,Wednesday,advance
0 days,london st pancras,leicester,Tuesday,anytime
0 days,london st pancras,leicester,Tuesday,anytime
6 days,london paddington,reading,Monday,advance
0 days,london euston,birmingham new street,Tuesday,off-peak
0 days,liverpool lime street,manchester piccadilly,Tuesday,off-peak
0 days,london paddington,reading,Tuesday,off-peak
0 days,london kings cross,york,Tuesday,off-peak
0 days,london euston,manchester piccadilly,Tuesday,off-peak
0 days,london paddington,reading,Tuesday,off-peak
1 days,manchester piccadilly,liverpool lime street,Wednesday,advance
1 days,manchester piccadilly,london euston,Wednesday,advance
1 days,london euston,york,Wednesday,advance
1 days,manchester piccadilly,liverpool lime street,Wednesday,advance
1 days,manchester piccadilly,liverpool lime street,Wednesday,advance
1 days,liverpool lime street,manchester piccadilly,Wednesday,advance
1 days,liverpool lime street,manchester piccadilly,Wednesday,advance
1 days,london kings cross,york,Wednesday,advance
1 days,liverpool lime street,manchester piccadilly,Wednesday,advance
4 days,birmingham new street,liverpool lime street,Saturday,advance
1 days,london st pancras,birmingham new street,Thursday,advance
0 days,oxford,bristol temple meads,Wednesday,off-peak
1 days,london euston,manchester piccadilly,Thursday,advance
0 days,london st pancras,birmingham new street,Wednesday,off-peak
0 days,london euston,oxford,Wednesday,off-peak
0 days,london st pancras,birmingham new street,Wednesday,off-peak
0 days,london st pancras,birmingham new street,Wednesday,off-peak
0 days,london kings cross,liverpool lime street,Wednesday,off-peak
0 days,york,durham,Wednesday,off-peak
0 days,liverpool lime street,manchester piccadilly,Wednesday,off-peak
0 days,london kings cross,york,Wednesday,off-peak
0 days,london kings cross,york,Wednesday,off-peak
0 days,london kings cross,york,Wednesday,off-peak
0 days,london paddington,reading,Wednesday,off-peak
0 days,liverpool lime street,manchester piccadilly,Wednesday,off-peak
0 days,london euston,birmingham new street,Wednesday,off-peak
0 days,london paddington,reading,Wednesday,off-peak
0 days,london euston,birmingham new street,Wednesday,off-peak
0 days,london euston,birmingham new street,Wednesday,off-peak
0 days,london euston,birmingham new street,Wednesday,off-peak
0 days,london euston,birmingham new street,Wednesday,off-peak
0 days,york,durham,Wednesday,off-peak
0 days,liverpool lime street,manchester piccadilly,Wednesday,off-peak
0 days,york,durham,Wednesday,off-peak
0 days,york,durham,Wednesday,off-peak
0 days,manchester piccadilly,sheffield,Wednesday,off-peak
1 days,london paddington,reading,Thursday,advance
1 days,manchester piccadilly,liverpool lime street,Thursday,advance
1 days,birmingham new street,liverpool lime street,Thursday,advance
1 days,liverpool lime street,manchester piccadilly,Thursday,advance
0 days,london paddington,reading,Wednesday,off-peak
1 days,manchester piccadilly,london euston,Thursday,advance
0 days,liverpool lime street,manchester piccadilly,Wednesday,off-peak
1 days,liverpool lime street,manchester piccadilly,Thursday,advance
0 days,manchester piccadilly,london euston,Wednesday,off-peak
0 days,liverpool lime street,manchester piccadilly,Wednesday,off-peak
0 days,london euston,birmingham new street,Wednesday,off-peak
0 days,manchester piccadilly,liverpool lime street,Wednesday,off-peak
0 days,birmingham new street,london st pancras,Wednesday,off-peak
0 days,liverpool lime street,manchester piccadilly,Wednesday,off-peak
0 days,london st pancras,birmingham new street,Wednesday,off-peak
1 days,liverpool lime street,manchester piccadilly,Thursday,advance
1 days,york,durham,Thursday,advance
0 days,london st pancras,birmingham new street,Wednesday,off-peak
1 days,london kings cross,liverpool lime street,Thursday,advance
0 days,london kings cross,york,Wednesday,off-peak
1 days,london euston,birmingham new street,Thursday,advance
1 days,liverpool lime street,manchester piccadilly,Thursday,advance
3 days,london euston,birmingham new street,Saturday,advance
0 days,london kings cross,york,Wednesday,off-peak
1 days,liverpool lime street,manchester piccadilly,Thursday,advance
4 days,london euston,birmingham new street,Sunday,advance
7 days,london euston,birmingham new street,Wednesday,advance
1 days,manchester piccadilly,liverpool lime street,Thursday,advance
13 days,manchester piccadilly,liverpool lime street,Tuesday,advance
0 days,manchester piccadilly,liverpool lime street,Wednesday,off-peak
1 days,london kings cross,york,Thursday,advance
0 days,liverpool lime street,manchester piccadilly,Wednesday,off-peak
0 days,london st pancras,birmingham new street,Wednesday,off-peak
0 days,manchester piccadilly,liverpool lime street,Wednesday,anytime
0 days,london kings cross,york,Wednesday,anytime
0 days,manchester piccadilly,liverpool lime street,Wednesday,anytime
0 days,london kings cross,york,Wednesday,anytime
0 days,manchester piccadilly,liverpool lime street,Wednesday,anytime
0 days,london paddington,reading,Wednesday,anytime
0 days,london kings cross,york,Wednesday,anytime
0 days,london kings cross,york,Wednesday,anytime
0 days,london kings cross,york,Wednesday,anytime
0 days,london kings cross,york,Wednesday,anytime
0 days,manchester piccadilly,liverpool lime street,Wednesday,anytime
0 days,london kings cross,york,Wednesday,anytime
0 days,reading,didcot,Wednesday,anytime
0 days,london paddington,reading,Wednesday,anytime
0 days,birmingham new street,london st pancras,Wednesday,anytime
0 days,york,doncaster,Wednesday,anytime
0 days,london euston,birmingham new street,Wednesday,anytime
0 days,london euston,birmingham new street,Wednesday,anytime
0 days,london euston,birmingham new street,Wednesday,anytime
0 days,london st pancras,birmingham new street,Wednesday,anytime
0 days,birmingham new street,stafford,Wednesday,anytime
0 days,york,doncaster,Wednesday,anytime
0 days,birmingham new street,london st pancras,Wednesday,anytime
0 days,birmingham new street,london kings cross,Wednesday,anytime
0 days,london euston,birmingham new street,Wednesday,anytime
0 days,birmingham new street,london euston,Wednesday,anytime
0 days,birmingham new street,london euston,Wednesday,anytime
0 days,london st pancras,birmingham new street,Wednesday,anytime
1 days,london kings cross,york,Thursday,advance
0 days,london st pancras,birmingham new street,Wednesday,anytime
0 days,liverpool lime street,manchester piccadilly,Wednesday,anytime
0 days,liverpool lime street,manchester piccadilly,Wednesday,anytime
0 days,london st pancras,birmingham new street,Wednesday,anytime
0 days,london paddington,reading,Wednesday,anytime
0 days,london kings cross,york,Wednesday,off-peak
1 days,london euston,birmingham new street,Thursday,advance
1 days,london euston,birmingham new street,Thursday,advance
0 days,london kings cross,york,Wednesday,off-peak
14 days,london st pancras,birmingham new street,Wednesday,advance
0 days,york,peterborough,Wednesday,anytime
0 days,london kings cross,york,Wednesday,anytime
0 days,london kings cross,york,Wednesday,anytime
0 days,london kings cross,york,Wednesday,anytime
0 days,london kings cross,york,Wednesday,anytime
0 days,reading,swindon,Wednesday,anytime
0 days,reading,swindon,Wednesday,anytime
0 days,london kings cross,york,Wednesday,anytime
0 days,london kings cross,york,Wednesday,anytime
0 days,reading,swindon,Wednesday,anytime
1 days,london kings cross,york,Thursday,advance
0 days,london euston,manchester piccadilly,Wednesday,anytime
1 days,london euston,manchester piccadilly,Thursday,advance
0 days,london euston,manchester piccadilly,Wednesday,anytime
0 days,liverpool lime street,london euston,Wednesday,anytime
0 days,liverpool lime street,london euston,Wednesday,anytime
0 days,liverpool lime street,london euston,Wednesday,anytime
0 days,reading,oxford,Wednesday,anytime
0 days,liverpool lime street,london euston,Wednesday,anytime
0 days,london paddington,reading,Wednesday,anytime
0 days,london paddington,reading,Wednesday,anytime
0 days,manchester piccadilly,london euston,Wednesday,anytime
0 days,liverpool lime street,london euston,Wednesday,anytime
0 days,liverpool lime street,london euston,Wednesday,anytime
1 days,manchester piccadilly,liverpool lime street,Thursday,advance
0 days,reading,oxford,Wednesday,anytime
0 days,london st pancras,birmingham new street,Wednesday,anytime
0 days,london euston,birmingham new street,Wednesday,anytime
0 days,manchester piccadilly,liverpool lime street,Wednesday,anytime
0 days,york,leeds,Wednesday,anytime
0 days,liverpool lime street,manchester piccadilly,Wednesday,anytime
0 days,london paddington,reading,Wednesday,anytime
1 days,london paddington,reading,Thursday,advance
0 days,london kings cross,york,Wednesday,anytime
0 days,liverpool lime street,london st pancras,Wednesday,anytime
0 days,liverpool lime street,manchester piccadilly,Wednesday,anytime
0 days,london paddington,oxford,Wednesday,anytime
0 days,manchester piccadilly,liverpool lime street,Wednesday,anytime
0 days,london kings cross,york,Wednesday,anytime
0 days,london paddington,oxford,Wednesday,anytime
0 days,london paddington,reading,Wednesday,anytime
0 days,manchester piccadilly,liverpool lime street,Wednesday,anytime
0 days,london paddington,reading,Wednesday,anytime
0 days,london paddington,reading,Wednesday,anytime
1 days,london st pancras,birmingham new street,Thursday,advance
0 days,london paddington,oxford,Wednesday,anytime
0 days,london paddington,oxford,Wednesday,anytime
0 days,manchester piccadilly,liverpool lime street,Wednesday,anytime
7 days,london st pancras,birmingham new street,Wednesday,advance
0 days,london paddington,reading,Wednesday,anytime
0 days,manchester piccadilly,liverpool lime street,Wednesday,off-peak
1 days,manchester piccadilly,liverpool lime street,Thursday,advance
1 days,manchester piccadilly,liverpool lime street,Thursday,advance
0 days,london st pancras,birmingham new street,Wednesday,off-peak
0 days,london paddington,reading,Wednesday,off-peak
0 days,london paddington,reading,Wednesday,off-peak
0 days,london kings cross,york,Wednesday,off-peak
1 days,manchester piccadilly,liverpool lime street,Thursday,advance
0 days,london kings cross,edinburgh waverley,Wednesday,anytime
0 days,manchester piccadilly,liverpool lime street,Wednesday,off-peak
0 days,london paddington,reading,Wednesday,off-peak
0 days,london kings cross,edinburgh waverley,Wednesday,anytime
0 days,london kings cross,edinburgh waverley,Wednesday,anytime
1 days,london paddington,reading,Thursday,advance
3 days,london paddington,reading,Saturday,advance
1 days,manchester piccadilly,liverpool lime street,Thursday,advance
13 days,manchester piccadilly,liverpool lime street,Tuesday,advance
1 days,manchester piccadilly,liverpool lime street,Thursday,advance
1 days,london kings cross,york,Thursday,advance
1 days,london kings cross,york,Thursday,advance
1 days,london euston,birmingham new street,Thursday,advance
1 days,birmingham new street,london st pancras,Thursday,advance
1 days,london paddington,reading,Thursday,advance
1 days,london paddington,oxford,Thursday,advance
6 days,london paddington,reading,Tuesday,advance
1 days,manchester piccadilly,liverpool lime street,Thursday,advance
1 days,liverpool lime street,manchester piccadilly,Thursday,advance
21 days,london paddington,reading,Wednesday,advance
0 days,london kings cross,york,Wednesday,off-peak
0 days,london kings cross,york,Wednesday,off-peak
1 days,london st pancras,birmingham new street,Thursday,advance
1 days,london euston,birmingham new street,Thursday,advance
0 days,manchester piccadilly,liverpool lime street,Wednesday,off-peak
0 days,manchester piccadilly,liverpool lime street,Wednesday,off-peak
1 days,london paddington,reading,Thursday,advance
1 days,london euston,birmingham new street,Thursday,advance
0 days,london euston,birmingham new street,Wednesday,off-peak
1 days,london st pancras,birmingham new street,Thursday,advance
1 days,liverpool lime street,manchester piccadilly,Thursday,advance
0 days,liverpool lime street,manchester piccadilly,Wednesday,off-peak
1 days,york,peterborough,Thursday,advance
1 days,london euston,birmingham new street,Thursday,advance
1 days,york,doncaster,Thursday,advance
1 days,york,peterborough,Thursday,advance
1 days,london kings cross,york,Thursday,advance
1 days,york,wakefield,Thursday,advance
0 days,manchester piccadilly,liverpool lime street,Wednesday,off-peak
0 days,london st pancras,birmingham new street,Wednesday,off-peak
1 days,reading,oxford,Thursday,advance
1 days,liverpool lime street,london euston,Thursday,advance
1 days,liverpool lime street,london euston,Thursday,advance
0 days,london st pancras,birmingham new street,Wednesday,off-peak
0 days,manchester piccadilly,liverpool lime street,Wednesday,off-peak
0 days,liverpool lime street,manchester piccadilly,Wednesday,off-peak
0 days,manchester piccadilly,liverpool lime street,Wednesday,off-peak
0 days,london euston,birmingham new street,Wednesday,off-peak
1 days,london euston,manchester piccadilly,Thursday,advance
0 days,london kings cross,york,Wednesday,off-peak
0 days,london kings cross,york,Wednesday,off-peak
1 days,london paddington,reading,Thursday,advance
13 days,manchester piccadilly,liverpool lime street,Tuesday,advance
1 days,london paddington,reading,Thursday,advance
0 days,london st pancras,birmingham new street,Wednesday,off-peak
1 days,london paddington,reading,Thursday,advance
0 days,london euston,birmingham new street,Wednesday,off-peak
0 days,birmingham new street,london st pancras,Wednesday,off-peak
1 days,manchester piccadilly,liverpool lime street,Thursday,advance
0 days,manchester piccadilly,liverpool lime street,Wednesday,off-peak
1 days,london paddington,reading,Thursday,advance
1 days,liverpool lime street,manchester piccadilly,Thursday,advance
0 days,birmingham new street,manchester piccadilly,Wednesday,off-peak
0 days,liverpool lime street,manchester piccadilly,Wednesday,off-peak
0 days,london paddington,reading,Wednesday,off-peak
0 days,london paddington,reading,Wednesday,off-peak
0 days,london paddington,reading,Wednesday,off-peak
1 days,manchester piccadilly,liverpool lime street,Thursday,advance
0 days,london st pancras,birmingham new street,Wednesday,off-peak
0 days,london euston,birmingham new street,Wednesday,off-peak
0 days,london kings cross,york,Wednesday,off-peak
0 days,london st pancras,birmingham new street,Wednesday,off-peak
0 days,london kings cross,york,Wednesday,off-peak
0 days,london st pancras,birmingham new street,Wednesday,off-peak
0 days,manchester piccadilly,liverpool lime street,Wednesday,off-peak
0 days,manchester piccadilly,liverpool lime street,Wednesday,off-peak
1 days,liverpool lime street,manchester piccadilly,Thursday,advance
0 days,london st pancras,birmingham new street,Wednesday,off-peak
0 days,manchester piccadilly,liverpool lime street,Wednesday,off-peak
0 days,manchester piccadilly,liverpool lime street,Wednesday,off-peak
0 days,manchester piccadilly,sheffield,Wednesday,off-peak
1 days,manchester piccadilly,liverpool lime street,Thursday,advance
0 days,manchester piccadilly,sheffield,Wednesday,off-peak
3 days,london euston,birmingham new street,Saturday,advance
0 days,london euston,birmingham new street,Wednesday,off-peak
1 days,manchester piccadilly,liverpool lime street,Thursday,advance
0 days,london paddington,liverpool lime street,Wednesday,off-peak
0 days,manchester piccadilly,liverpool lime street,Wednesday,off-peak
0 days,london st pancras,birmingham new street,Wednesday,off-peak
0 days,manchester piccadilly,liverpool lime street,Wednesday,off-peak
0 days,manchester piccadilly,liverpool lime street,Wednesday,off-peak
0 days,manchester piccadilly,liverpool lime street,Wednesday,off-peak
0 days,liverpool lime street,manchester piccadilly,Wednesday,off-peak
1 days,london kings cross,york,Thursday,advance
1 days,reading,london paddington,Thursday,advance
0 days,london paddington,reading,Wednesday,off-peak
1 days,manchester piccadilly,leeds,Thursday,advance
1 days,manchester piccadilly,london st pancras,Thursday,advance
0 days,london paddington,reading,Wednesday,off-peak
0 days,reading,london paddington,Wednesday,off-peak
0 days,london euston,birmingham new street,Wednesday,off-peak
0 days,london paddington,reading,Wednesday,off-peak
0 days,london euston,birmingham new street,Wednesday,off-peak
7 days,london st pancras,birmingham new street,Wednesday,advance
0 days,york,edinburgh,Wednesday,off-peak
1 days,london paddington,reading,Thursday,advance
0 days,london euston,birmingham new street,Wednesday,off-peak
0 days,london euston,birmingham new street,Wednesday,off-peak
0 days,london kings cross,york,Wednesday,off-peak
0 days,london euston,birmingham new street,Wednesday,anytime
0 days,london euston,birmingham new street,Wednesday,anytime
0 days,london euston,birmingham new street,Wednesday,anytime
0 days,london euston,birmingham new street,Wednesday,anytime
0 days,london euston,birmingham new street,Wednesday,anytime
1 days,york,edinburgh waverley,Thursday,advance
0 days,london kings cross,york,Wednesday,anytime
0 days,london euston,birmingham new street,Wednesday,anytime
0 days,london euston,birmingham new street,Wednesday,anytime
0 days,london euston,birmingham new street,Wednesday,anytime
0 days,london euston,birmingham new street,Wednesday,anytime
0 days,london euston,birmingham new street,Wednesday,anytime
0 days,london euston,birmingham new street,Wednesday,anytime
1 days,london st pancras,birmingham new street,Thursday,advance
0 days,london kings cross,york,Wednesday,anytime
0 days,manchester piccadilly,liverpool lime street,Wednesday,anytime
0 days,london euston,birmingham new street,Wednesday,anytime
0 days,manchester piccadilly,liverpool lime street,Wednesday,anytime
0 days,london kings cross,liverpool lime street,Wednesday,anytime
0 days,london paddington,reading,Wednesday,anytime
1 days,manchester piccadilly,liverpool lime street,Thursday,advance
0 days,london kings cross,liverpool lime street,Wednesday,anytime
0 days,london st pancras,leicester,Wednesday,anytime
0 days,london paddington,reading,Wednesday,anytime
1 days,manchester piccadilly,liverpool lime street,Thursday,advance
0 days,manchester piccadilly,london euston,Wednesday,off-peak
7 days,manchester piccadilly,liverpool lime street,Wednesday,advance
0 days,manchester piccadilly,liverpool lime street,Wednesday,anytime
0 days,london kings cross,york,Wednesday,anytime
0 days,manchester piccadilly,liverpool lime street,Wednesday,anytime
0 days,london kings cross,york,Wednesday,anytime
0 days,birmingham new street,stafford,Wednesday,anytime
0 days,birmingham new street,stafford,Wednesday,anytime
1 days,manchester piccadilly,london paddington,Thursday,advance
0 days,london kings cross,york,Wednesday,anytime
0 days,london paddington,reading,Wednesday,anytime
1 days,london paddington,reading,Thursday,advance
0 days,london paddington,reading,Wednesday,anytime
1 days,london st pancras,birmingham new street,Thursday,advance
0 days,london st pancras,birmingham new street,Wednesday,anytime
0 days,liverpool lime street,manchester piccadilly,Wednesday,anytime
0 days,london euston,birmingham new street,Wednesday,anytime
0 days,manchester piccadilly,liverpool lime street,Wednesday,anytime
0 days,manchester piccadilly,liverpool lime street,Wednesday,anytime
0 days,manchester piccadilly,liverpool lime street,Wednesday,anytime
0 days,manchester piccadilly,liverpool lime street,Wednesday,anytime
0 days,manchester piccadilly,liverpool lime street,Wednesday,anytime
0 days,london euston,birmingham new street,Wednesday,anytime
0 days,manchester piccadilly,liverpool lime street,Wednesday,anytime
0 days,london st pancras,birmingham new street,Wednesday,anytime
0 days,london st pancras,birmingham new street,Wednesday,anytime
0 days,manchester piccadilly,liverpool lime street,Wednesday,anytime
15 days,london paddington,reading,Thursday,advance
1 days,liverpool lime street,manchester piccadilly,Thursday,advance
0 days,london euston,birmingham new street,Wednesday,anytime
1 days,london paddington,reading,Thursday,advance
1 days,london st pancras,birmingham new street,Thursday,advance
0 days,reading,liverpool lime street,Wednesday,anytime
0 days,london st pancras,birmingham new street,Wednesday,anytime
0 days,liverpool lime street,london euston,Wednesday,anytime
0 days,manchester piccadilly,london euston,Wednesday,anytime
0 days,manchester piccadilly,london euston,Wednesday,anytime
0 days,london euston,birmingham new street,Wednesday,anytime
1 days,london paddington,reading,Thursday,advance
0 days,london st pancras,birmingham new street,Wednesday,anytime
0 days,london st pancras,birmingham new street,Wednesday,anytime
0 days,london paddington,reading,Wednesday,anytime
0 days,london euston,manchester piccadilly,Wednesday,anytime
0 days,manchester piccadilly,liverpool lime street,Wednesday,anytime
0 days,liverpool lime street,crewe,Wednesday,anytime
0 days,london st pancras,birmingham new street,Wednesday,anytime
0 days,london st pancras,birmingham new street,Wednesday,anytime
0 days,london st pancras,birmingham new street,Wednesday,anytime
0 days,london st pancras,birmingham new street,Wednesday,anytime
0 days,london paddington,reading,Wednesday,anytime
0 days,london st pancras,birmingham new street,Wednesday,anytime
1 days,london kings cross,york,Thursday,advance
0 days,liverpool lime street,crewe,Wednesday,anytime
0 days,london st pancras,birmingham new street,Wednesday,anytime
0 days,london st pancras,birmingham new street,Wednesday,anytime
0 days,london st pancras,birmingham new street,Wednesday,anytime
0 days,london st pancras,birmingham new street,Wednesday,anytime
0 days,london st pancras,birmingham new street,Wednesday,anytime
1 days,london euston,birmingham new street,Thursday,advance
0 days,manchester piccadilly,liverpool lime street,Wednesday,off-peak
1 days,manchester piccadilly,liverpool lime street,Thursday,advance
0 days,liverpool lime street,leeds,Wednesday,off-peak
0 days,london paddington,reading,Wednesday,off-peak
1 days,london euston,birmingham new street,Thursday,advance
0 days,manchester piccadilly,liverpool lime street,Wednesday,off-peak
1 days,liverpool lime street,manchester piccadilly,Thursday,advance
13 days,london paddington,reading,Tuesday,advance
0 days,manchester piccadilly,liverpool lime street,Wednesday,off-peak
0 days,manchester piccadilly,liverpool lime street,Wednesday,off-peak
1 days,london paddington,reading,Thursday,advance
1 days,london paddington,reading,Thursday,advance
0 days,london st pancras,leicester,Wednesday,anytime
0 days,london st pancras,leicester,Wednesday,anytime
0 days,manchester piccadilly,liverpool lime street,Wednesday,anytime
0 days,london st pancras,leicester,Wednesday,anytime
0 days,london kings cross,york,Wednesday,off-peak
0 days,liverpool lime street,manchester piccadilly,Wednesday,off-peak
0 days,manchester piccadilly,liverpool lime street,Wednesday,anytime
0 days,london st pancras,birmingham new street,Wednesday,off-peak
7 days,london st pancras,birmingham new street,Wednesday,advance
1 days,london st pancras,birmingham new street,Thursday,advance
0 days,london paddington,reading,Wednesday,off-peak
0 days,london euston,birmingham new street,Wednesday,off-peak
6 days,london euston,birmingham new street,Tuesday,advance
0 days,london euston,manchester piccadilly,Wednesday,off-peak
0 days,london paddington,reading,Wednesday,off-peak
0 days,manchester piccadilly,liverpool lime street,Wednesday,off-peak
1 days,london euston,birmingham new street,Thursday,advance
1 days,liverpool lime street,manchester piccadilly,Thursday,advance
1 days,london kings cross,york,Thursday,advance
1 days,london euston,birmingham new street,Thursday,advance
0 days,london euston,manchester piccadilly,Wednesday,off-peak
0 days,manchester piccadilly,liverpool lime street,Wednesday,off-peak
0 days,london euston,birmingham new street,Wednesday,off-peak
1 days,london st pancras,leicester,Thursday,advance
1 days,manchester piccadilly,liverpool lime street,Thursday,advance
1 days,manchester piccadilly,liverpool lime street,Thursday,advance
3 days,manchester piccadilly,liverpool lime street,Saturday,advance
2 days,london euston,birmingham new street,Friday,advance
0 days,london euston,birmingham new street,Wednesday,off-peak
0 days,london paddington,reading,Wednesday,off-peak
0 days,london euston,birmingham new street,Wednesday,off-peak
1 days,london paddington,reading,Thursday,advance
0 days,london euston,birmingham new street,Wednesday,off-peak
0 days,london paddington,reading,Wednesday,off-peak
0 days,london euston,birmingham new street,Wednesday,off-peak
0 days,liverpool lime street,manchester piccadilly,Wednesday,off-peak
0 days,london paddington,reading,Wednesday,off-peak
1 days,birmingham new street,nuneaton,Thursday,advance
1 days,manchester piccadilly,liverpool lime street,Thursday,advance
5 days,london st pancras,birmingham new street,Monday,advance
1 days,birmingham new street,nuneaton,Thursday,advance
2 days,liverpool lime street,crewe,Friday,advance
1 days,birmingham new street,tamworth,Thursday,advance
1 days,london kings cross,york,Thursday,advance
2 days,london euston,manchester piccadilly,Friday,advance
1 days,london kings cross,york,Thursday,advance
4 days,london kings cross,york,Sunday,advance
1 days,london paddington,reading,Thursday,advance
1 days,london kings cross,york,Thursday,advance
1 days,birmingham new street,nuneaton,Thursday,advance
0 days,london st pancras,birmingham new street,Wednesday,off-peak
0 days,london kings cross,york,Wednesday,off-peak
1 days,liverpool lime street,leeds,Thursday,advance
0 days,london kings cross,york,Wednesday,off-peak
0 days,london euston,birmingham new street,Wednesday,off-peak
1 days,london euston,birmingham new street,Thursday,advance
8 days,london st pancras,birmingham new street,Thursday,advance
1 days,liverpool lime street,manchester piccadilly,Thursday,advance
1 days,liverpool lime street,manchester piccadilly,Thursday,advance
1 days,london paddington,reading,Thursday,advance
1 days,london kings cross,york,Thursday,advance
1 days,london kings cross,york,Thursday,advance
2 days,london kings cross,york,Friday,advance
1 days,london kings cross,york,Thursday,advance
0 days,manchester piccadilly,london euston,Thursday,off-peak
0 days,york,durham,Thursday,off-peak
28 days,london kings cross,edinburgh waverley,Thursday,advance
0 days,york,durham,Thursday,off-peak
0 days,london st pancras,birmingham new street,Thursday,off-peak
0 days,london st pancras,birmingham new street,Thursday,off-peak
22 days,london kings cross,edinburgh waverley,Friday,advance
0 days,manchester piccadilly,nottingham,Thursday,off-peak
0 days,liverpool lime street,manchester piccadilly,Thursday,off-peak
0 days,london euston,birmingham new street,Thursday,off-peak
0 days,liverpool lime street,manchester piccadilly,Thursday,off-peak
0 days,manchester piccadilly,liverpool lime street,Thursday,off-peak
0 days,london euston,birmingham new street,Thursday,off-peak
0 days,manchester piccadilly,liverpool lime street,Thursday,off-peak
0 days,liverpool lime street,manchester piccadilly,Thursday,off-peak
0 days,liverpool lime street,london euston,Thursday,off-peak
1 days,london euston,birmingham new street,Friday,advance
0 days,reading,london paddington,Thursday,off-peak
1 days,manchester piccadilly,liverpool lime street,Friday,advance
8 days,manchester piccadilly,liverpool lime street,Friday,advance
0 days,liverpool lime street,manchester piccadilly,Thursday,off-peak
1 days,liverpool lime street,manchester piccadilly,Friday,advance
1 days,liverpool lime street,manchester piccadilly,Friday,advance
0 days,london euston,birmingham new street,Thursday,off-peak
1 days,liverpool lime street,manchester piccadilly,Friday,advance
1 days,liverpool lime street,manchester piccadilly,Friday,advance
0 days,liverpool lime street,manchester piccadilly,Thursday,off-peak
0 days,birmingham new street,london st pancras,Thursday,off-peak
0 days,london st pancras,birmingham new street,Thursday,off-peak
1 days,liverpool lime street,manchester piccadilly,Friday,advance
0 days,london kings cross,liverpool lime street,Thursday,off-peak
0 days,liverpool lime street,manchester piccadilly,Thursday,off-peak
1 days,london paddington,reading,Friday,advance
0 days,london kings cross,liverpool lime street,Thursday,off-peak
0 days,london st pancras,birmingham new street,Thursday,off-peak
8 days,london euston,birmingham new street,Friday,advance
1 days,london euston,birmingham new street,Friday,advance
0 days,london euston,birmingham new street,Thursday,off-peak
0 days,london euston,manchester piccadilly,Thursday,off-peak
1 days,london st pancras,birmingham new street,Friday,advance
0 days,london kings cross,york,Thursday,anytime
0 days,manchester piccadilly,liverpool lime street,Thursday,anytime
0 days,london kings cross,york,Thursday,anytime
0 days,london paddington,reading,Thursday,anytime
0 days,london paddington,reading,Thursday,anytime
0 days,london paddington,reading,Thursday,anytime
0 days,manchester piccadilly,liverpool lime street,Thursday,anytime
0 days,reading,didcot,Thursday,anytime
0 days,london paddington,reading,Thursday,anytime
0 days,manchester piccadilly,liverpool lime street,Thursday,anytime
0 days,london st pancras,birmingham new street,Thursday,anytime
0 days,london paddington,reading,Thursday,anytime
0 days,london st pancras,wolverhampton,Thursday,anytime
1 days,manchester piccadilly,london euston,Friday,advance
0 days,london euston,manchester piccadilly,Thursday,anytime
0 days,london st pancras,birmingham new street,Thursday,anytime
0 days,london st pancras,wolverhampton,Thursday,anytime
0 days,liverpool lime street,manchester piccadilly,Thursday,anytime
0 days,liverpool lime street,manchester piccadilly,Thursday,anytime
12 days,london euston,birmingham new street,Tuesday,advance
1 days,london euston,birmingham new street,Friday,advance
0 days,london euston,manchester piccadilly,Thursday,anytime
1 days,liverpool lime street,manchester piccadilly,Friday,advance
1 days,liverpool lime street,manchester piccadilly,Friday,advance
11 days,liverpool lime street,manchester piccadilly,Monday,advance
0 days,london kings cross,york,Thursday,anytime
2 days,manchester piccadilly,liverpool lime street,Saturday,advance
0 days,london kings cross,york,Thursday,anytime
0 days,liverpool lime street,manchester piccadilly,Thursday,anytime
0 days,york,peterborough,Thursday,anytime
0 days,liverpool lime street,manchester piccadilly,Thursday,anytime
0 days,reading,swindon,Thursday,anytime
0 days,manchester piccadilly,liverpool lime street,Thursday,anytime
1 days,manchester piccadilly,liverpool lime street,Friday,advance
0 days,liverpool lime street,london euston,Thursday,anytime
0 days,birmingham new street,liverpool lime street,Thursday,anytime
0 days,london paddington,reading,Thursday,anytime
0 days,liverpool lime street,london euston,Thursday,anytime
0 days,london euston,birmingham new street,Thursday,anytime
0 days,london kings cross,york,Thursday,anytime
0 days,london paddington,oxford,Thursday,anytime
1 days,liverpool lime street,manchester piccadilly,Friday,advance
0 days,london paddington,reading,Thursday,anytime
1 days,london kings cross,liverpool lime street,Friday,advance
1 days,london kings cross,york,Friday,advance
1 days,manchester piccadilly,liverpool lime street,Friday,advance
0 days,london kings cross,york,Thursday,off-peak
0 days,london kings cross,york,Thursday,off-peak
0 days,manchester piccadilly,liverpool lime street,Thursday,off-peak
1 days,london paddington,reading,Friday,advance
0 days,manchester piccadilly,liverpool lime street,Thursday,off-peak
0 days,london kings cross,edinburgh waverley,Thursday,anytime
1 days,london kings cross,york,Friday,advance
5 days,manchester piccadilly,liverpool lime street,Tuesday,advance
1 days,london kings cross,york,Friday,advance
1 days,london kings cross,york,Friday,advance
5 days,birmingham new street,london st pancras,Tuesday,advance
4 days,london euston,birmingham new street,Monday,advance
1 days,london euston,birmingham new street,Friday,advance
1 days,london euston,birmingham new street,Friday,advance
1 days,liverpool lime street,manchester piccadilly,Friday,advance
1 days,liverpool lime street,manchester piccadilly,Friday,advance
1 days,london st pancras,birmingham new street,Friday,advance
0 days,liverpool lime street,manchester piccadilly,Thursday,off-peak
1 days,london kings cross,york,Friday,advance
1 days,london paddington,reading,Friday,advance
10 days,liverpool lime street,manchester piccadilly,Sunday,advance
1 days,london paddington,reading,Friday,advance
1 days,london paddington,reading,Friday,advance
0 days,london kings cross,york,Thursday,off-peak
1 days,london paddington,reading,Friday,advance
2 days,manchester piccadilly,liverpool lime street,Saturday,advance
1 days,liverpool lime street,manchester piccadilly,Friday,advance
0 days,liverpool lime street,manchester piccadilly,Thursday,off-peak
1 days,london paddington,london waterloo,Friday,advance
1 days,london kings cross,york,Friday,advance
1 days,reading,swindon,Friday,advance
1 days,london kings cross,york,Friday,advance
1 days,york,peterborough,Friday,advance
0 days,london euston,birmingham new street,Thursday,off-peak
0 days,london euston,birmingham new street,Thursday,off-peak
1 days,london kings cross,york,Friday,advance
1 days,manchester piccadilly,liverpool lime street,Friday,advance
0 days,london euston,birmingham new street,Thursday,off-peak
1 days,liverpool lime street,london euston,Friday,advance
0 days,liverpool lime street,manchester piccadilly,Thursday,off-peak
1 days,liverpool lime street,london euston,Friday,advance
1 days,london euston,manchester piccadilly,Friday,advance
1 days,london kings cross,york,Friday,advance
1 days,london st pancras,birmingham new street,Friday,advance
0 days,london euston,birmingham new street,Thursday,off-peak
7 days,london paddington,reading,Thursday,advance
0 days,london euston,birmingham new street,Thursday,off-peak
1 days,london paddington,reading,Friday,advance
0 days,manchester piccadilly,liverpool lime street,Thursday,off-peak
1 days,london paddington,reading,Friday,advance
0 days,london st pancras,birmingham new street,Thursday,off-peak
10 days,manchester piccadilly,liverpool lime street,Sunday,advance
1 days,london paddington,reading,Friday,advance
0 days,london euston,birmingham new street,Thursday,off-peak
0 days,manchester piccadilly,liverpool lime street,Thursday,off-peak
0 days,london euston,birmingham new street,Thursday,off-peak
0 days,london kings cross,york,Thursday,off-peak
1 days,liverpool lime street,birmingham new street,Friday,advance
0 days,london kings cross,york,Thursday,off-peak
1 days,london euston,birmingham new street,Friday,advance
0 days,london st pancras,birmingham new street,Thursday,off-peak
1 days,london st pancras,birmingham new street,Friday,advance
1 days,birmingham new street,manchester piccadilly,Friday,advance
0 days,manchester piccadilly,liverpool lime street,Thursday,off-peak
0 days,london euston,birmingham new street,Thursday,off-peak
1 days,london st pancras,birmingham new street,Friday,advance
1 days,manchester piccadilly,liverpool lime street,Friday,advance
1 days,london euston,birmingham new street,Friday,advance
1 days,york,edinburgh,Friday,advance
5 days,london st pancras,birmingham new street,Tuesday,advance
1 days,london st pancras,birmingham new street,Friday,advance
1 days,manchester piccadilly,liverpool lime street,Friday,advance
0 days,london st pancras,birmingham new street,Thursday,off-peak
1 days,london st pancras,birmingham new street,Friday,advance
0 days,london kings cross,york,Thursday,off-peak
0 days,manchester piccadilly,liverpool lime street,Thursday,off-peak
0 days,liverpool lime street,manchester piccadilly,Thursday,off-peak
0 days,manchester piccadilly,liverpool lime street,Thursday,off-peak
0 days,birmingham new street,reading,Thursday,off-peak
0 days,london paddington,reading,Thursday,off-peak
1 days,london st pancras,birmingham new street,Friday,advance
0 days,manchester piccadilly,liverpool lime street,Thursday,off-peak
0 days,london kings cross,york,Thursday,off-peak
1 days,manchester piccadilly,liverpool lime street,Friday,advance
0 days,manchester piccadilly,liverpool lime street,Thursday,off-peak
1 days,london st pancras,birmingham new street,Friday,advance
7 days,london st pancras,birmingham new street,Thursday,advance
0 days,birmingham new street,liverpool lime street,Thursday,off-peak
0 days,london euston,birmingham new street,Thursday,off-peak
0 days,manchester piccadilly,liverpool lime street,Thursday,off-peak
0 days,london euston,birmingham new street,Thursday,off-peak
0 days,london euston,birmingham new street,Thursday,off-peak
0 days,london euston,birmingham new street,Thursday,anytime
0 days,london euston,birmingham new street,Thursday,anytime
0 days,london euston,birmingham new street,Thursday,anytime
0 days,london euston,birmingham new street,Thursday,anytime
0 days,london euston,birmingham new street,Thursday,anytime
0 days,london kings cross,york,Thursday,anytime
1 days,manchester piccadilly,liverpool lime street,Friday,advance
0 days,edinburgh waverley,london kings cross,Thursday,off-peak
1 days,manchester piccadilly,liverpool lime street,Friday,advance
0 days,london paddington,reading,Thursday,anytime
0 days,liverpool lime street,leeds,Thursday,anytime
1 days,london kings cross,york,Friday,advance
0 days,london kings cross,york,Thursday,anytime
1 days,liverpool lime street,manchester piccadilly,Friday,advance
1 days,london paddington,reading,Friday,advance
0 days,london paddington,reading,Thursday,anytime
0 days,london st pancras,birmingham new street,Thursday,anytime
0 days,london euston,birmingham new street,Thursday,anytime
0 days,birmingham new street,tamworth,Thursday,anytime
0 days,manchester piccadilly,liverpool lime street,Thursday,anytime
0 days,manchester piccadilly,liverpool lime street,Thursday,anytime
1 days,london st pancras,birmingham new street,Friday,advance
0 days,manchester piccadilly,liverpool lime street,Thursday,anytime
0 days,london euston,birmingham new street,Thursday,anytime
1 days,liverpool lime street,manchester piccadilly,Friday,advance
0 days,london st pancras,birmingham new street,Thursday,anytime
1 days,birmingham new street,reading,Friday,advance
1 days,london paddington,reading,Friday,advance
1 days,london paddington,reading,Friday,advance
1 days,london paddington,reading,Friday,advance
0 days,london euston,birmingham new street,Thursday,anytime
1 days,london euston,birmingham new street,Friday,advance
0 days,liverpool lime street,manchester piccadilly,Thursday,anytime
1 days,london st pancras,birmingham new street,Friday,advance
0 days,birmingham new street,york,Thursday,anytime
0 days,liverpool lime street,london euston,Thursday,anytime
0 days,birmingham new street,nuneaton,Thursday,anytime
0 days,london paddington,reading,Thursday,anytime
0 days,birmingham new street,tamworth,Thursday,anytime
1 days,birmingham new street,liverpool lime street,Friday,advance
0 days,london st pancras,birmingham new street,Thursday,anytime
0 days,liverpool lime street,crewe,Thursday,anytime
0 days,london paddington,reading,Thursday,anytime
0 days,london st pancras,birmingham new street,Thursday,anytime
1 days,london euston,birmingham new street,Friday,advance
0 days,liverpool lime street,crewe,Thursday,anytime
0 days,london st pancras,birmingham new street,Thursday,anytime
0 days,london st pancras,birmingham new street,Thursday,anytime
1 days,london kings cross,york,Friday,advance
1 days,london euston,birmingham new street,Friday,advance
0 days,london st pancras,birmingham new street,Thursday,off-peak
1 days,london euston,birmingham new street,Friday,advance
1 days,manchester piccadilly,liverpool lime street,Friday,advance
1 days,london st pancras,leicester,Friday,advance
1 days,liverpool lime street,manchester piccadilly,Friday,advance
0 days,manchester piccadilly,liverpool lime street,Thursday,anytime
1 days,london st pancras,birmingham new street,Friday,advance
1 days,london euston,birmingham new street,Friday,advance
1 days,london kings cross,york,Friday,advance
17 days,london kings cross,york,Sunday,advance
0 days,london paddington,reading,Thursday,off-peak
5 days,london st pancras,leicester,Tuesday,advance
1 days,manchester piccadilly,liverpool lime street,Friday,advance
2 days,manchester piccadilly,liverpool lime street,Saturday,advance
1 days,london st pancras,birmingham new street,Friday,advance
1 days,london st pancras,birmingham new street,Friday,advance
1 days,manchester piccadilly,liverpool lime street,Friday,advance
1 days,manchester piccadilly,liverpool lime street,Friday,advance
1 days,manchester piccadilly,liverpool lime street,Friday,advance
1 days,manchester piccadilly,liverpool lime street,Friday,advance
1 days,reading,liverpool lime street,Friday,advance
1 days,liverpool lime street,manchester piccadilly,Friday,advance
1 days,liverpool lime street,london euston,Friday,advance
1 days,london st pancras,birmingham new street,Friday,advance
1 days,london kings cross,york,Friday,advance
1 days,london st pancras,birmingham new street,Friday,advance
4 days,birmingham new street,stafford,Monday,advance
1 days,london kings cross,york,Friday,advance
3 days,london paddington,reading,Sunday,advance
1 days,london euston,manchester piccadilly,Friday,advance
1 days,london st pancras,birmingham new street,Friday,advance
1 days,birmingham new street,nuneaton,Friday,advance
1 days,birmingham new street,nuneaton,Friday,advance
16 days,london kings cross,york,Saturday,advance
0 days,liverpool lime street,manchester piccadilly,Thursday,off-peak
1 days,manchester piccadilly,liverpool lime street,Friday,advance
7 days,manchester piccadilly,liverpool lime street,Thursday,advance
1 days,liverpool lime street,manchester piccadilly,Friday,advance
1 days,london kings cross,york,Friday,advance
1 days,birmingham new street,london euston,Friday,advance
1 days,london euston,manchester piccadilly,Friday,advance
1 days,london euston,manchester piccadilly,Friday,advance
1 days,london euston,birmingham new street,Friday,advance
8 days,london euston,birmingham new street,Friday,advance
1 days,liverpool lime street,manchester piccadilly,Friday,advance
1 days,liverpool lime street,manchester piccadilly,Friday,advance
1 days,london st pancras,birmingham new street,Friday,advance
1 days,london paddington,reading,Friday,advance
1 days,london euston,manchester piccadilly,Friday,advance
1 days,london kings cross,york,Friday,advance
1 days,london kings cross,york,Friday,advance
0 days,liverpool lime street,manchester piccadilly,Friday,off-peak
2 days,manchester piccadilly,london euston,Sunday,advance
0 days,liverpool lime street,manchester piccadilly,Friday,off-peak
1 days,london euston,manchester piccadilly,Saturday,advance
2 days,london kings cross,edinburgh waverley,Sunday,advance
1 days,london paddington,reading,Saturday,advance
0 days,york,durham,Friday,off-peak
0 days,oxford,bristol temple meads,Friday,off-peak
0 days,manchester piccadilly,nottingham,Friday,off-peak
0 days,liverpool lime street,manchester piccadilly,Friday,off-peak
0 days,liverpool lime street,manchester piccadilly,Friday,off-peak
26 days,london euston,birmingham new street,Wednesday,advance
5 days,london euston,birmingham new street,Wednesday,advance
1 days,liverpool lime street,manchester piccadilly,Saturday,advance
0 days,london paddington,reading,Friday,off-peak
18 days,london paddington,reading,Tuesday,advance
1 days,york,durham,Saturday,advance
11 days,london euston,birmingham new street,Tuesday,advance
0 days,york,durham,Friday,off-peak
0 days,london kings cross,york,Friday,off-peak
25 days,london paddington,reading,Tuesday,advance
12 days,york,durham,Wednesday,advance
6 days,liverpool lime street,manchester piccadilly,Thursday,advance
1 days,london euston,york,Saturday,advance
1 days,london st pancras,birmingham new street,Saturday,advance
10 days,york,durham,Monday,advance
1 days,liverpool lime street,manchester piccadilly,Saturday,advance
20 days,manchester piccadilly,liverpool lime street,Thursday,advance
1 days,london st pancras,birmingham new street,Saturday,advance
11 days,manchester piccadilly,liverpool lime street,Tuesday,advance
1 days,liverpool lime street,manchester piccadilly,Saturday,advance
27 days,liverpool lime street,manchester piccadilly,Thursday,advance
1 days,birmingham new street,london st pancras,Saturday,advance
7 days,birmingham new street,london st pancras,Friday,advance
1 days,liverpool lime street,manchester piccadilly,Saturday,advance
26 days,london st pancras,birmingham new street,Wednesday,advance
1 days,london kings cross,york,Saturday,advance
23 days,liverpool lime street,manchester piccadilly,Sunday,advance
0 days,manchester piccadilly,london euston,Friday,off-peak
0 days,york,durham,Friday,off-peak
0 days,manchester piccadilly,london euston,Friday,off-peak
4 days,liverpool lime street,manchester piccadilly,Tuesday,advance
18 days,london kings cross,york,Tuesday,advance
24 days,liverpool lime street,manchester piccadilly,Monday,advance
1 days,liverpool lime street,manchester piccadilly,Saturday,advance
3 days,manchester piccadilly,liverpool lime street,Monday,advance
6 days,liverpool lime street,manchester piccadilly,Thursday,advance
0 days,london kings cross,york,Friday,off-peak
0 days,london paddington,reading,Friday,off-peak
10 days,liverpool lime street,manchester piccadilly,Monday,advance
1 days,manchester piccadilly,liverpool lime street,Saturday,advance
18 days,york,durham,Tuesday,advance
0 days,london kings cross,york,Friday,off-peak
0 days,london kings cross,york,Friday,off-peak
22 days,liverpool lime street,london euston,Saturday,advance
1 days,york,durham,Saturday,advance
1 days,london kings cross,liverpool lime street,Saturday,advance
1 days,liverpool lime street,london euston,Saturday,advance
2 days,manchester piccadilly,nottingham,Sunday,advance
27 days,london paddington,reading,Thursday,advance
15 days,london st pancras,birmingham new street,Saturday,advance
15 days,manchester piccadilly,nottingham,Saturday,advance
22 days,manchester piccadilly,nottingham,Saturday,advance
12 days,london st pancras,birmingham new street,Wednesday,advance
1 days,london kings cross,york,Saturday,advance
0 days,london kings cross,york,Friday,off-peak
1 days,london paddington,reading,Saturday,advance
0 days,london euston,birmingham new street,Friday,off-peak
18 days,london euston,birmingham new street,Tuesday,advance
1 days,london kings cross,york,Saturday,advance
1 days,liverpool lime street,manchester piccadilly,Saturday,advance
4 days,manchester piccadilly,sheffield,Tuesday,advance
0 days,london st pancras,birmingham new street,Friday,off-peak
9 days,liverpool lime street,manchester piccadilly,Sunday,advance
2 days,liverpool lime street,manchester piccadilly,Sunday,advance
0 days,reading,oxford,Friday,anytime
0 days,london kings cross,york,Friday,anytime
0 days,london kings cross,york,Friday,anytime
0 days,manchester piccadilly,liverpool lime street,Friday,anytime
26 days,manchester piccadilly,london euston,Wednesday,advance
0 days,manchester piccadilly,liverpool lime street,Friday,anytime
0 days,birmingham new street,london st pancras,Friday,anytime
0 days,london euston,manchester piccadilly,Friday,anytime
0 days,london st pancras,wolverhampton,Friday,anytime
14 days,manchester piccadilly,london euston,Friday,advance
0 days,birmingham new street,london st pancras,Friday,anytime
1 days,london euston,birmingham new street,Saturday,advance
0 days,london kings cross,york,Friday,anytime
1 days,london kings cross,york,Saturday,advance
0 days,london st pancras,birmingham new street,Friday,anytime
24 days,york,birmingham new street,Monday,advance
6 days,london kings cross,york,Thursday,advance
15 days,london kings cross,york,Saturday,advance
9 days,london kings cross,york,Sunday,advance
0 days,manchester piccadilly,liverpool lime street,Friday,anytime
16 days,london st pancras,birmingham new street,Sunday,advance
0 days,london euston,birmingham new street,Friday,anytime
14 days,liverpool lime street,manchester piccadilly,Friday,advance
0 days,manchester piccadilly,liverpool lime street,Friday,anytime
0 days,london kings cross,york,Friday,anytime
0 days,london kings cross,york,Friday,anytime
22 days,london st pancras,birmingham new street,Saturday,advance
9 days,london st pancras,birmingham new street,Sunday,advance
27 days,london st pancras,birmingham new street,Thursday,advance
22 days,liverpool lime street,manchester piccadilly,Saturday,advance
1 days,london st pancras,birmingham new street,Saturday,advance
27 days,liverpool lime street,manchester piccadilly,Thursday,advance
0 days,york,peterborough,Friday,anytime
8 days,london st pancras,birmingham new street,Saturday,advance
16 days,london paddington,reading,Sunday,advance
17 days,london st pancras,birmingham new street,Monday,advance
0 days,york,peterborough,Friday,anytime
12 days,london kings cross,york,Wednesday,advance
25 days,london kings cross,york,Tuesday,advance
0 days,liverpool lime street,london euston,Friday,anytime
0 days,liverpool lime street,london euston,Friday,anytime
0 days,liverpool lime street,london euston,Friday,anytime
1 days,liverpool lime street,london euston,Saturday,advance
0 days,liverpool lime street,london euston,Friday,anytime
0 days,reading,birmingham new street,Friday,anytime
14 days,london paddington,liverpool lime street,Friday,advance
0 days,liverpool lime street,london euston,Friday,anytime
22 days,london paddington,liverpool lime street,Saturday,advance
2 days,london kings cross,york,Sunday,advance
0 days,london st pancras,birmingham new street,Friday,anytime
0 days,london euston,manchester piccadilly,Friday,anytime
0 days,york,leeds,Friday,anytime
0 days,manchester piccadilly,liverpool lime street,Friday,anytime
0 days,manchester piccadilly,sheffield,Friday,anytime
0 days,london kings cross,york,Friday,anytime
23 days,london kings cross,york,Sunday,advance
0 days,london paddington,reading,Friday,anytime
18 days,london st pancras,birmingham new street,Tuesday,advance
0 days,london paddington,reading,Friday,anytime
0 days,london paddington,oxford,Friday,anytime
0 days,london paddington,reading,Friday,anytime
23 days,manchester piccadilly,liverpool lime street,Sunday,advance
12 days,manchester piccadilly,liverpool lime street,Wednesday,advance
21 days,manchester piccadilly,liverpool lime street,Friday,advance
13 days,liverpool lime street,manchester piccadilly,Thursday,advance
0 days,manchester piccadilly,liverpool lime street,Friday,off-peak
24 days,manchester piccadilly,liverpool lime street,Monday,advance
1 days,london paddington,reading,Saturday,advance
5 days,london paddington,reading,Wednesday,advance
1 days,london paddington,reading,Saturday,advance
18 days,london kings cross,york,Tuesday,advance
1 days,london paddington,reading,Saturday,advance
19 days,london paddington,reading,Wednesday,advance
1 days,london paddington,reading,Saturday,advance
6 days,london kings cross,york,Thursday,advance
12 days,london paddington,reading,Wednesday,advance
13 days,london paddington,reading,Thursday,advance
7 days,manchester piccadilly,liverpool lime street,Friday,advance
16 days,manchester piccadilly,liverpool lime street,Sunday,advance
17 days,manchester piccadilly,liverpool lime street,Monday,advance
27 days,london paddington,reading,Thursday,advance
1 days,manchester piccadilly,liverpool lime street,Saturday,advance
1 days,london kings cross,york,Saturday,advance
18 days,london kings cross,york,Tuesday,advance
17 days,birmingham new street,nuneaton,Monday,advance
25 days,birmingham new street,london st pancras,Tuesday,advance
27 days,manchester piccadilly,liverpool lime street,Thursday,advance
5 days,london st pancras,birmingham new street,Wednesday,advance
18 days,birmingham new street,london euston,Tuesday,advance
27 days,london euston,birmingham new street,Thursday,advance
19 days,york,doncaster,Wednesday,advance
27 days,birmingham new street,london st pancras,Thursday,advance
11 days,birmingham new street,london st pancras,Tuesday,advance
4 days,london euston,birmingham new street,Tuesday,advance
1 days,london euston,birmingham new street,Saturday,advance
17 days,birmingham new street,london st pancras,Monday,advance
15 days,birmingham new street,london st pancras,Saturday,advance
5 days,london paddington,oxford,Wednesday,advance
10 days,london kings cross,york,Monday,advance
17 days,liverpool lime street,manchester piccadilly,Monday,advance
15 days,london kings cross,york,Saturday,advance
14 days,london paddington,reading,Friday,advance
16 days,london paddington,oxford,Sunday,advance
14 days,london st pancras,birmingham new street,Friday,advance
1 days,london paddington,oxford,Saturday,advance
11 days,london kings cross,york,Tuesday,advance
1 days,london paddington,oxford,Saturday,advance
1 days,liverpool lime street,manchester piccadilly,Saturday,advance
11 days,london paddington,reading,Tuesday,advance
26 days,london paddington,reading,Wednesday,advance
21 days,manchester piccadilly,liverpool lime street,Friday,advance
2 days,london kings cross,york,Sunday,advance
20 days,liverpool lime street,manchester piccadilly,Thursday,advance
14 days,london paddington,reading,Friday,advance
13 days,liverpool lime street,manchester piccadilly,Thursday,advance
24 days,london paddington,oxford,Monday,advance
1 days,london paddington,reading,Saturday,advance
27 days,london paddington,reading,Thursday,advance
12 days,london paddington,oxford,Wednesday,advance
19 days,london st pancras,birmingham new street,Wednesday,advance
10 days,london paddington,oxford,Monday,advance
10 days,london paddington,reading,Monday,advance
18 days,london paddington,reading,Tuesday,advance
1 days,liverpool lime street,manchester piccadilly,Saturday,advance
3 days,london paddington,oxford,Monday,advance
20 days,birmingham new street,london st pancras,Thursday,advance
1 days,manchester piccadilly,liverpool lime street,Saturday,advance
7 days,liverpool lime street,manchester piccadilly,Friday,advance
15 days,birmingham new street,london st pancras,Saturday,advance
21 days,liverpool lime street,manchester piccadilly,Friday,advance
8 days,london kings cross,york,Saturday,advance
11 days,manchester piccadilly,liverpool lime street,Tuesday,advance
0 days,london st pancras,birmingham new street,Friday,off-peak
1 days,london kings cross,york,Saturday,advance
1 days,london kings cross,york,Saturday,advance
0 days,liverpool lime street,manchester piccadilly,Friday,off-peak
0 days,london euston,birmingham new street,Friday,off-peak
1 days,london kings cross,york,Saturday,advance
25 days,liverpool lime street,manchester piccadilly,Tuesday,advance
2 days,liverpool lime street,manchester piccadilly,Sunday,advance
0 days,liverpool lime street,manchester piccadilly,Friday,off-peak
27 days,york,doncaster,Thursday,advance
1 days,london kings cross,york,Saturday,advance
23 days,london kings cross,york,Sunday,advance
4 days,liverpool lime street,manchester piccadilly,Tuesday,advance
6 days,london kings cross,york,Thursday,advance
0 days,london st pancras,birmingham new street,Friday,off-peak
17 days,london euston,manchester piccadilly,Monday,advance
11 days,london paddington,reading,Tuesday,advance
1 days,liverpool lime street,london euston,Saturday,advance
7 days,liverpool lime street,london euston,Friday,advance
27 days,liverpool lime street,london euston,Thursday,advance
1 days,liverpool lime street,london euston,Saturday,advance
1 days,birmingham new street,london euston,Saturday,advance
8 days,manchester piccadilly,london euston,Saturday,advance
16 days,london paddington,reading,Sunday,advance
1 days,liverpool lime street,london euston,Saturday,advance
2 days,reading,oxford,Sunday,advance
22 days,liverpool lime street,london euston,Saturday,advance
1 days,reading,oxford,Saturday,advance
13 days,manchester piccadilly,london euston,Thursday,advance
1 days,liverpool lime street,london euston,Saturday,advance
1 days,manchester piccadilly,london euston,Saturday,advance
25 days,reading,oxford,Tuesday,advance
1 days,london euston,manchester piccadilly,Saturday,advance
0 days,manchester piccadilly,liverpool lime street,Friday,off-peak
3 days,york,liverpool lime street,Monday,advance
0 days,london st pancras,birmingham new street,Friday,off-peak
1 days,london euston,birmingham new street,Saturday,advance
0 days,london st pancras,birmingham new street,Friday,off-peak
1 days,london euston,birmingham new street,Saturday,advance
0 days,london euston,birmingham new street,Friday,off-peak
0 days,london st pancras,birmingham new street,Friday,off-peak
6 days,liverpool lime street,manchester piccadilly,Thursday,advance
5 days,manchester piccadilly,liverpool lime street,Wednesday,advance
21 days,london euston,birmingham new street,Friday,advance
0 days,london st pancras,birmingham new street,Friday,off-peak
12 days,london paddington,reading,Wednesday,advance
0 days,london euston,birmingham new street,Friday,off-peak
24 days,manchester piccadilly,liverpool lime street,Monday,advance
23 days,manchester piccadilly,liverpool lime street,Sunday,advance
0 days,manchester piccadilly,liverpool lime street,Friday,off-peak
3 days,manchester piccadilly,liverpool lime street,Monday,advance
2 days,london euston,birmingham new street,Sunday,advance
20 days,london st pancras,birmingham new street,Thursday,advance
16 days,london st pancras,birmingham new street,Sunday,advance
23 days,london st pancras,birmingham new street,Sunday,advance
7 days,manchester piccadilly,liverpool lime street,Friday,advance
0 days,liverpool lime street,manchester piccadilly,Friday,off-peak
1 days,london kings cross,york,Saturday,advance
0 days,london euston,birmingham new street,Friday,off-peak
0 days,manchester piccadilly,liverpool lime street,Friday,off-peak
17 days,liverpool lime street,birmingham new street,Monday,advance
0 days,london paddington,reading,Friday,off-peak
0 days,manchester piccadilly,liverpool lime street,Friday,off-peak
21 days,london kings cross,york,Friday,advance
1 days,liverpool lime street,manchester piccadilly,Saturday,advance
12 days,liverpool lime street,manchester piccadilly,Wednesday,advance
1 days,manchester piccadilly,liverpool lime street,Saturday,advance
0 days,reading,london paddington,Friday,off-peak
14 days,manchester piccadilly,liverpool lime street,Friday,advance
19 days,london euston,birmingham new street,Wednesday,advance
0 days,manchester piccadilly,london paddington,Friday,off-peak
25 days,manchester piccadilly,liverpool lime street,Tuesday,advance
1 days,manchester piccadilly,york,Saturday,advance
1 days,manchester piccadilly,sheffield,Saturday,advance
16 days,london paddington,liverpool lime street,Sunday,advance
1 days,london kings cross,york,Saturday,advance
19 days,london kings cross,york,Wednesday,advance
22 days,liverpool lime street,manchester piccadilly,Saturday,advance
18 days,liverpool lime street,manchester piccadilly,Tuesday,advance
27 days,london euston,birmingham new street,Thursday,advance
1 days,london paddington,reading,Saturday,advance
0 days,london euston,birmingham new street,Friday,off-peak
14 days,london paddington,reading,Friday,advance
19 days,london euston,birmingham new street,Wednesday,advance
0 days,london paddington,reading,Friday,off-peak
23 days,london paddington,reading,Sunday,advance
1 days,london kings cross,york,Saturday,advance
1 days,london st pancras,birmingham new street,Saturday,advance
15 days,manchester piccadilly,liverpool lime street,Saturday,advance
0 days,london euston,birmingham new street,Friday,off-peak
22 days,liverpool lime street,manchester piccadilly,Saturday,advance
0 days,london paddington,reading,Friday,off-peak
0 days,london euston,birmingham new street,Friday,off-peak
0 days,london euston,birmingham new street,Friday,off-peak
3 days,liverpool lime street,manchester piccadilly,Monday,advance
12 days,london paddington,reading,Wednesday,advance
1 days,york,edinburgh,Saturday,advance
16 days,london paddington,reading,Sunday,advance
0 days,manchester piccadilly,liverpool lime street,Friday,off-peak
11 days,london paddington,reading,Tuesday,advance
1 days,london paddington,reading,Saturday,advance
1 days,london paddington,reading,Saturday,advance
23 days,london paddington,reading,Sunday,advance
0 days,london euston,birmingham new street,Friday,anytime
0 days,liverpool lime street,manchester piccadilly,Friday,anytime
11 days,manchester piccadilly,liverpool lime street,Tuesday,advance
0 days,london euston,birmingham new street,Friday,anytime
3 days,liverpool lime street,manchester piccadilly,Monday,advance
21 days,birmingham new street,london st pancras,Friday,advance
22 days,manchester piccadilly,liverpool lime street,Saturday,advance
23 days,manchester piccadilly,liverpool lime street,Sunday,advance
1 days,manchester piccadilly,sheffield,Saturday,advance
8 days,manchester piccadilly,liverpool lime street,Saturday,advance
0 days,london kings cross,york,Friday,anytime
18 days,manchester piccadilly,liverpool lime street,Tuesday,advance
20 days,liverpool lime street,sheffield,Thursday,advance
0 days,london kings cross,york,Friday,anytime
0 days,london kings cross,york,Friday,anytime
0 days,london kings cross,york,Friday,anytime
0 days,london kings cross,york,Friday,anytime
1 days,liverpool lime street,sheffield,Saturday,advance
0 days,manchester piccadilly,liverpool lime street,Friday,anytime
0 days,london euston,birmingham new street,Friday,anytime
1 days,london paddington,reading,Saturday,advance
25 days,london st pancras,birmingham new street,Tuesday,advance
3 days,london st pancras,birmingham new street,Monday,advance
1 days,london paddington,reading,Saturday,advance
1 days,london euston,birmingham new street,Saturday,advance
2 days,manchester piccadilly,liverpool lime street,Sunday,advance
0 days,london kings cross,york,Friday,anytime
0 days,manchester piccadilly,liverpool lime street,Friday,anytime
0 days,manchester piccadilly,liverpool lime street,Friday,anytime
7 days,london paddington,reading,Friday,advance
0 days,manchester piccadilly,liverpool lime street,Friday,anytime
22 days,london st pancras,birmingham new street,Saturday,advance
0 days,london st pancras,birmingham new street,Friday,anytime
0 days,london euston,birmingham new street,Friday,anytime
1 days,london paddington,reading,Saturday,advance
8 days,london st pancras,birmingham new street,Saturday,advance
18 days,london st pancras,birmingham new street,Tuesday,advance
1 days,london st pancras,birmingham new street,Saturday,advance
20 days,london euston,birmingham new street,Thursday,advance
11 days,london kings cross,york,Tuesday,advance
1 days,london st pancras,birmingham new street,Saturday,advance
14 days,london paddington,reading,Friday,advance
15 days,london euston,birmingham new street,Saturday,advance
1 days,london st pancras,birmingham new street,Saturday,advance
4 days,london euston,birmingham new street,Tuesday,advance
0 days,manchester piccadilly,liverpool lime street,Friday,anytime
9 days,london euston,birmingham new street,Sunday,advance
19 days,london euston,birmingham new street,Wednesday,advance
3 days,london kings cross,york,Monday,advance
2 days,london euston,birmingham new street,Sunday,advance
0 days,birmingham new street,wolverhampton,Friday,anytime
0 days,london kings cross,york,Friday,anytime
8 days,london euston,birmingham new street,Saturday,advance
0 days,london st pancras,birmingham new street,Friday,anytime
0 days,birmingham new street,tamworth,Friday,anytime
1 days,london euston,birmingham new street,Saturday,advance
0 days,london euston,manchester piccadilly,Friday,anytime
0 days,birmingham new street,tamworth,Friday,anytime
0 days,london st pancras,birmingham new street,Friday,anytime
20 days,manchester piccadilly,liverpool lime street,Thursday,advance
0 days,london st pancras,birmingham new street,Friday,anytime
0 days,london st pancras,birmingham new street,Friday,anytime
0 days,london st pancras,birmingham new street,Friday,anytime
0 days,birmingham new street,nuneaton,Friday,anytime
12 days,london kings cross,york,Wednesday,advance
1 days,london euston,birmingham new street,Saturday,advance
5 days,london kings cross,york,Wednesday,advance
27 days,york,peterborough,Thursday,advance
1 days,london kings cross,york,Saturday,advance
2 days,london kings cross,york,Sunday,advance
16 days,manchester piccadilly,liverpool lime street,Sunday,advance
1 days,manchester piccadilly,liverpool lime street,Saturday,advance
8 days,london euston,birmingham new street,Saturday,advance
2 days,manchester piccadilly,liverpool lime street,Sunday,advance
1 days,london euston,birmingham new street,Saturday,advance
1 days,london kings cross,york,Saturday,advance
17 days,london st pancras,leicester,Monday,advance
7 days,london kings cross,york,Friday,advance
11 days,manchester piccadilly,liverpool lime street,Tuesday,advance
20 days,london kings cross,york,Thursday,advance
20 days,manchester piccadilly,liverpool lime street,Thursday,advance
1 days,manchester piccadilly,liverpool lime street,Saturday,advance
4 days,manchester piccadilly,liverpool lime street,Tuesday,advance
22 days,london euston,birmingham new street,Saturday,advance
15 days,london kings cross,york,Saturday,advance
13 days,birmingham new street,manchester piccadilly,Thursday,advance
9 days,manchester piccadilly,liverpool lime street,Sunday,advance
7 days,liverpool lime street,leeds,Friday,advance
0 days,manchester piccadilly,liverpool lime street,Friday,anytime
3 days,manchester piccadilly,liverpool lime street,Monday,advance
7 days,liverpool lime street,sheffield,Friday,advance
0 days,london kings cross,york,Friday,off-peak
0 days,london st pancras,leicester,Friday,anytime
0 days,london st pancras,leicester,Friday,anytime
0 days,london kings cross,york,Friday,off-peak
7 days,london kings cross,york,Friday,advance
1 days,manchester piccadilly,liverpool lime street,Saturday,advance
11 days,liverpool lime street,manchester piccadilly,Tuesday,advance
0 days,london paddington,reading,Friday,off-peak
1 days,london euston,birmingham new street,Saturday,advance
1 days,liverpool lime street,manchester piccadilly,Saturday,advance
2 days,london euston,birmingham new street,Sunday,advance
0 days,birmingham new street,london euston,Friday,off-peak
1 days,london euston,birmingham new street,Saturday,advance
1 days,london paddington,reading,Saturday,advance
16 days,london euston,birmingham new street,Sunday,advance
1 days,london st pancras,birmingham new street,Saturday,advance
0 days,london paddington,reading,Friday,off-peak
12 days,liverpool lime street,manchester piccadilly,Wednesday,advance
0 days,london paddington,reading,Friday,off-peak
2 days,london euston,birmingham new street,Sunday,advance
1 days,liverpool lime street,london euston,Saturday,advance
0 days,manchester piccadilly,liverpool lime street,Friday,off-peak
16 days,london kings cross,york,Sunday,advance
0 days,london paddington,reading,Friday,off-peak
13 days,liverpool lime street,manchester piccadilly,Thursday,advance
1 days,manchester piccadilly,liverpool lime street,Saturday,advance
1 days,manchester piccadilly,liverpool lime street,Saturday,advance
3 days,manchester piccadilly,liverpool lime street,Monday,advance
1 days,london st pancras,leicester,Saturday,advance
4 days,london st pancras,leicester,Tuesday,advance
2 days,manchester piccadilly,liverpool lime street,Sunday,advance
22 days,london st pancras,birmingham new street,Saturday,advance
1 days,manchester piccadilly,liverpool lime street,Saturday,advance
20 days,london st pancras,birmingham new street,Thursday,advance
1 days,london euston,birmingham new street,Saturday,advance
1 days,manchester piccadilly,liverpool lime street,Saturday,advance
25 days,manchester piccadilly,liverpool lime street,Tuesday,advance
27 days,london st pancras,leicester,Thursday,advance
12 days,london st pancras,birmingham new street,Wednesday,advance
13 days,london euston,birmingham new street,Thursday,advance
2 days,manchester piccadilly,liverpool lime street,Sunday,advance
20 days,london euston,birmingham new street,Thursday,advance
26 days,manchester piccadilly,liverpool lime street,Wednesday,advance
19 days,london kings cross,york,Wednesday,advance
1 days,london kings cross,york,Saturday,advance
22 days,london st pancras,birmingham new street,Saturday,advance
14 days,london kings cross,york,Friday,advance
10 days,birmingham new street,tamworth,Monday,advance
17 days,london paddington,reading,Monday,advance
19 days,birmingham new street,coventry,Wednesday,advance
13 days,reading,didcot,Thursday,advance
5 days,london st pancras,birmingham new street,Wednesday,advance
22 days,manchester piccadilly,liverpool lime street,Saturday,advance
1 days,manchester piccadilly,liverpool lime street,Saturday,advance
10 days,london st pancras,birmingham new street,Monday,advance
16 days,birmingham new street,stafford,Sunday,advance
1 days,manchester piccadilly,liverpool lime street,Saturday,advance
13 days,reading,swindon,Thursday,advance
15 days,birmingham new street,nuneaton,Saturday,advance
20 days,london st pancras,birmingham new street,Thursday,advance
5 days,london st pancras,birmingham new street,Wednesday,advance
7 days,london st pancras,birmingham new street,Friday,advance
24 days,birmingham new street,stafford,Monday,advance
3 days,london st pancras,birmingham new street,Monday,advance
11 days,london kings cross,york,Tuesday,advance
17 days,london kings cross,york,Monday,advance
20 days,london st pancras,birmingham new street,Thursday,advance
10 days,london kings cross,york,Monday,advance
23 days,london kings cross,york,Sunday,advance
21 days,london st pancras,birmingham new street,Friday,advance
1 days,london kings cross,york,Saturday,advance
3 days,london st pancras,birmingham new street,Monday,advance
1 days,birmingham new street,stafford,Saturday,advance
1 days,london kings cross,york,Saturday,advance
20 days,birmingham new street,stafford,Thursday,advance
24 days,london kings cross,york,Monday,advance
20 days,london kings cross,york,Thursday,advance
1 days,london st pancras,birmingham new street,Saturday,advance
1 days,london euston,birmingham new street,Saturday,advance
1 days,london paddington,reading,Saturday,advance
0 days,london euston,birmingham new street,Friday,off-peak
0 days,birmingham new street,liverpool lime street,Friday,off-peak
4 days,london kings cross,york,Tuesday,advance
1 days,london kings cross,york,Saturday,advance
17 days,london kings cross,york,Monday,advance
1 days,london kings cross,york,Saturday,advance
1 days,liverpool lime street,manchester piccadilly,Saturday,advance
8 days,london paddington,reading,Saturday,advance
1 days,london euston,birmingham new street,Saturday,advance
1 days,london paddington,reading,Saturday,advance
22 days,london paddington,reading,Saturday,advance
1 days,manchester piccadilly,liverpool lime street,Saturday,advance
6 days,manchester piccadilly,liverpool lime street,Thursday,advance
2 days,liverpool lime street,manchester piccadilly,Sunday,advance
1 days,london st pancras,birmingham new street,Saturday,advance
17 days,london euston,manchester piccadilly,Monday,advance
19 days,london paddington,reading,Wednesday,advance
1 days,manchester piccadilly,liverpool lime street,Saturday,advance
11 days,liverpool lime street,manchester piccadilly,Tuesday,advance
24 days,liverpool lime street,manchester piccadilly,Monday,advance
1 days,london st pancras,birmingham new street,Saturday,advance
27 days,london euston,birmingham new street,Thursday,advance
13 days,liverpool lime street,manchester piccadilly,Thursday,advance
21 days,london kings cross,york,Friday,advance
1 days,london kings cross,york,Saturday,advance
1 days,london kings cross,york,Saturday,advance
1 days,london euston,birmingham new street,Saturday,advance
1 days,liverpool lime street,manchester piccadilly,Saturday,advance
14 days,liverpool lime street,manchester piccadilly,Friday,advance
25 days,london paddington,reading,Tuesday,advance
1 days,london st pancras,birmingham new street,Saturday,advance
4 days,london paddington,reading,Tuesday,advance
9 days,london st pancras,birmingham new street,Monday,advance
0 days,liverpool lime street,manchester piccadilly,Saturday,off-peak
0 days,liverpool lime street,leeds,Saturday,off-peak
0 days,london st pancras,birmingham new street,Saturday,off-peak
24 days,london euston,birmingham new street,Tuesday,advance
0 days,liverpool lime street,leeds,Saturday,off-peak
0 days,oxford,bristol temple meads,Saturday,off-peak
0 days,york,durham,Saturday,off-peak
2 days,london kings cross,edinburgh waverley,Monday,advance
1 days,london paddington,reading,Sunday,advance
0 days,liverpool lime street,manchester piccadilly,Saturday,off-peak
0 days,london paddington,reading,Saturday,off-peak
1 days,london euston,manchester piccadilly,Sunday,advance
6 days,liverpool lime street,manchester piccadilly,Friday,advance
0 days,london euston,birmingham new street,Saturday,off-peak
2 days,york,durham,Monday,advance
0 days,manchester piccadilly,sheffield,Saturday,off-peak
1 days,york,durham,Sunday,advance
0 days,london kings cross,york,Saturday,off-peak
0 days,london euston,birmingham new street,Saturday,off-peak
25 days,york,durham,Wednesday,advance
22 days,london euston,birmingham new street,Sunday,advance
17 days,liverpool lime street,manchester piccadilly,Tuesday,advance
1 days,manchester piccadilly,liverpool lime street,Sunday,advance
14 days,liverpool lime street,manchester piccadilly,Saturday,advance
1 days,liverpool lime street,manchester piccadilly,Sunday,advance
1 days,london st pancras,birmingham new street,Sunday,advance
1 days,manchester piccadilly,liverpool lime street,Sunday,advance
1 days,liverpool lime street,manchester piccadilly,Sunday,advance
15 days,liverpool lime street,manchester piccadilly,Sunday,advance
0 days,birmingham new street,reading,Saturday,off-peak
4 days,london euston,birmingham new street,Wednesday,advance
0 days,liverpool lime street,manchester piccadilly,Saturday,off-peak
22 days,london kings cross,york,Sunday,advance
26 days,london kings cross,york,Thursday,advance
0 days,london kings cross,york,Saturday,off-peak
0 days,london euston,birmingham new street,Saturday,off-peak
0 days,london euston,birmingham new street,Saturday,off-peak
9 days,london paddington,reading,Monday,advance
15 days,london kings cross,york,Sunday,advance
13 days,london euston,birmingham new street,Friday,advance
1 days,liverpool lime street,manchester piccadilly,Sunday,advance
0 days,birmingham new street,london st pancras,Saturday,off-peak
0 days,london st pancras,birmingham new street,Saturday,off-peak
1 days,manchester piccadilly,london paddington,Sunday,advance
8 days,york,durham,Sunday,advance
9 days,manchester piccadilly,london paddington,Monday,advance
25 days,london st pancras,birmingham new street,Wednesday,advance
21 days,liverpool lime street,manchester piccadilly,Saturday,advance
7 days,liverpool lime street,manchester piccadilly,Saturday,advance
12 days,london paddington,reading,Thursday,advance
0 days,liverpool lime street,london euston,Saturday,off-peak
25 days,liverpool lime street,manchester piccadilly,Wednesday,advance
0 days,london euston,birmingham new street,Saturday,off-peak
15 days,london euston,birmingham new street,Sunday,advance
1 days,london euston,birmingham new street,Sunday,advance
7 days,london euston,birmingham new street,Saturday,advance
1 days,london euston,birmingham new street,Sunday,advance
1 days,liverpool lime street,manchester piccadilly,Sunday,advance
0 days,london euston,manchester piccadilly,Saturday,off-peak
1 days,liverpool lime street,manchester piccadilly,Sunday,advance
1 days,liverpool lime street,manchester piccadilly,Sunday,advance
0 days,london st pancras,birmingham new street,Saturday,off-peak
1 days,london kings cross,york,Sunday,advance
0 days,oxford,bristol temple meads,Saturday,off-peak
1 days,liverpool lime street,manchester piccadilly,Sunday,advance
26 days,london paddington,reading,Thursday,advance
0 days,london kings cross,york,Saturday,off-peak
0 days,london kings cross,york,Saturday,off-peak
0 days,manchester piccadilly,liverpool lime street,Saturday,off-peak
0 days,london euston,birmingham new street,Saturday,off-peak
5 days,liverpool lime street,manchester piccadilly,Thursday,advance
23 days,manchester piccadilly,london euston,Monday,advance
0 days,birmingham new street,london st pancras,Saturday,off-peak
0 days,london kings cross,york,Saturday,off-peak
25 days,manchester piccadilly,london euston,Wednesday,advance
12 days,london kings cross,york,Thursday,advance
0 days,birmingham new street,stafford,Saturday,off-peak
12 days,manchester piccadilly,london euston,Thursday,advance
0 days,birmingham new street,london st pancras,Saturday,off-peak
0 days,birmingham new street,london st pancras,Saturday,off-peak
0 days,manchester piccadilly,liverpool lime street,Saturday,off-peak
1 days,liverpool lime street,manchester piccadilly,Sunday,advance
0 days,birmingham new street,london st pancras,Saturday,off-peak
1 days,london euston,birmingham new street,Sunday,advance
0 days,london st pancras,birmingham new street,Saturday,off-peak
3 days,london kings cross,york,Tuesday,advance
1 days,liverpool lime street,manchester piccadilly,Sunday,advance
0 days,london euston,birmingham new street,Saturday,off-peak
11 days,london st pancras,birmingham new street,Wednesday,advance
1 days,london euston,birmingham new street,Sunday,advance
20 days,london euston,birmingham new street,Friday,advance
1 days,london paddington,reading,Sunday,advance
1 days,london st pancras,birmingham new street,Sunday,advance
0 days,reading,swindon,Saturday,off-peak
1 days,london kings cross,york,Sunday,advance
1 days,london st pancras,birmingham new street,Sunday,advance
0 days,liverpool lime street,manchester piccadilly,Saturday,off-peak
0 days,london kings cross,york,Saturday,off-peak
22 days,liverpool lime street,manchester piccadilly,Sunday,advance
13 days,london st pancras,birmingham new street,Friday,advance
0 days,liverpool lime street,manchester piccadilly,Saturday,off-peak
19 days,liverpool lime street,manchester piccadilly,Thursday,advance
4 days,liverpool lime street,london euston,Wednesday,advance
0 days,liverpool lime street,london euston,Saturday,off-peak
0 days,liverpool lime street,london euston,Saturday,off-peak
13 days,liverpool lime street,manchester piccadilly,Friday,advance
0 days,liverpool lime street,london euston,Saturday,off-peak
0 days,birmingham new street,liverpool lime street,Saturday,off-peak
1 days,london kings cross,york,Sunday,advance
0 days,liverpool lime street,london euston,Saturday,off-peak
0 days,liverpool lime street,london euston,Saturday,off-peak
6 days,london euston,birmingham new street,Friday,advance
23 days,london kings cross,york,Monday,advance
1 days,liverpool lime street,manchester piccadilly,Sunday,advance
1 days,london paddington,reading,Sunday,advance
0 days,london paddington,reading,Saturday,off-peak
0 days,london kings cross,york,Saturday,off-peak
26 days,london kings cross,liverpool lime street,Thursday,advance
0 days,london paddington,oxford,Saturday,off-peak
0 days,london paddington,reading,Saturday,off-peak
0 days,london paddington,reading,Saturday,off-peak
5 days,london st pancras,birmingham new street,Thursday,advance
0 days,london paddington,reading,Saturday,off-peak
16 days,manchester piccadilly,liverpool lime street,Monday,advance
20 days,oxford,bristol temple meads,Friday,advance
5 days,manchester piccadilly,liverpool lime street,Thursday,advance
0 days,london st pancras,birmingham new street,Saturday,off-peak
0 days,manchester piccadilly,leeds,Saturday,off-peak
0 days,london paddington,reading,Saturday,off-peak
1 days,london kings cross,york,Sunday,advance
1 days,london paddington,reading,Sunday,advance
1 days,london paddington,reading,Sunday,advance
13 days,manchester piccadilly,liverpool lime street,Friday,advance
0 days,london kings cross,edinburgh waverley,Saturday,off-peak
7 days,london euston,birmingham new street,Saturday,advance
0 days,london kings cross,edinburgh waverley,Saturday,off-peak
8 days,london kings cross,york,Sunday,advance
15 days,london paddington,reading,Sunday,advance
21 days,london paddington,reading,Saturday,advance
1 days,london euston,birmingham new street,Sunday,advance
25 days,york,doncaster,Wednesday,advance
1 days,london st pancras,birmingham new street,Sunday,advance
10 days,london euston,birmingham new street,Tuesday,advance
19 days,birmingham new street,stafford,Thursday,advance
1 days,london st pancras,wolverhampton,Sunday,advance
1 days,birmingham new street,london st pancras,Sunday,advance
25 days,london euston,birmingham new street,Wednesday,advance
1 days,london euston,birmingham new street,Sunday,advance
24 days,london st pancras,birmingham new street,Tuesday,advance
10 days,london euston,birmingham new street,Tuesday,advance
8 days,london euston,manchester piccadilly,Sunday,advance
4 days,york,doncaster,Wednesday,advance
22 days,london paddington,reading,Sunday,advance
20 days,york,doncaster,Friday,advance
22 days,birmingham new street,london st pancras,Sunday,advance
20 days,birmingham new street,nuneaton,Friday,advance
17 days,london paddington,reading,Tuesday,advance
18 days,london paddington,reading,Wednesday,advance
26 days,london paddington,oxford,Thursday,advance
25 days,liverpool lime street,manchester piccadilly,Wednesday,advance
1 days,london paddington,reading,Sunday,advance
5 days,london paddington,oxford,Thursday,advance
6 days,london paddington,oxford,Friday,advance
1 days,london paddington,oxford,Sunday,advance
10 days,london kings cross,york,Tuesday,advance
6 days,london paddington,reading,Friday,advance
3 days,manchester piccadilly,liverpool lime street,Tuesday,advance
1 days,london paddington,oxford,Sunday,advance
1 days,liverpool lime street,manchester piccadilly,Sunday,advance
0 days,london paddington,reading,Saturday,off-peak
10 days,london euston,birmingham new street,Tuesday,advance
1 days,london kings cross,york,Sunday,advance
1 days,york,peterborough,Sunday,advance
1 days,london kings cross,york,Sunday,advance
9 days,london kings cross,york,Monday,advance
1 days,london paddington,london waterloo,Sunday,advance
3 days,london euston,birmingham new street,Tuesday,advance
16 days,york,peterborough,Monday,advance
20 days,york,peterborough,Friday,advance
7 days,liverpool lime street,manchester piccadilly,Saturday,advance
1 days,london paddington,london waterloo,Sunday,advance
21 days,london paddington,reading,Saturday,advance
1 days,london kings cross,york,Sunday,advance
0 days,liverpool lime street,manchester piccadilly,Saturday,off-peak
1 days,york,peterborough,Sunday,advance
6 days,york,peterborough,Friday,advance
0 days,london st pancras,birmingham new street,Saturday,off-peak
0 days,york,edinburgh,Saturday,off-peak
1 days,liverpool lime street,london euston,Sunday,advance
13 days,liverpool lime street,london euston,Friday,advance
10 days,liverpool lime street,london euston,Tuesday,advance
21 days,reading,oxford,Saturday,advance
1 days,liverpool lime street,london euston,Sunday,advance
0 days,london st pancras,birmingham new street,Saturday,off-peak
1 days,liverpool lime street,london euston,Sunday,advance
0 days,birmingham new street,liverpool lime street,Saturday,off-peak
18 days,liverpool lime street,london euston,Wednesday,advance
3 days,london euston,manchester piccadilly,Tuesday,advance
12 days,liverpool lime street,london euston,Thursday,advance
1 days,liverpool lime street,london euston,Sunday,advance
1 days,liverpool lime street,london euston,Sunday,advance
2 days,london euston,manchester piccadilly,Monday,advance
6 days,london kings cross,liverpool lime street,Friday,advance
13 days,london euston,birmingham new street,Friday,advance
10 days,london euston,birmingham new street,Tuesday,advance
20 days,london euston,birmingham new street,Friday,advance
1 days,manchester piccadilly,sheffield,Sunday,advance
22 days,manchester piccadilly,leeds,Sunday,advance
24 days,manchester piccadilly,liverpool lime street,Tuesday,advance
21 days,london paddington,reading,Saturday,advance
1 days,liverpool lime street,manchester piccadilly,Sunday,advance
1 days,london euston,birmingham new street,Sunday,advance
1 days,london kings cross,york,Sunday,advance
1 days,manchester piccadilly,liverpool lime street,Sunday,advance
14 days,manchester piccadilly,liverpool lime street,Saturday,advance
1 days,liverpool lime street,london paddington,Sunday,advance
13 days,london kings cross,york,Friday,advance
1 days,manchester piccadilly,liverpool lime street,Sunday,advance
0 days,liverpool lime street,manchester piccadilly,Saturday,off-peak
1 days,london st pancras,birmingham new street,Sunday,advance
4 days,london st pancras,birmingham new street,Wednesday,advance
5 days,london euston,birmingham new street,Thursday,advance
1 days,london paddington,reading,Sunday,advance
24 days,liverpool lime street,manchester piccadilly,Tuesday,advance
0 days,manchester piccadilly,liverpool lime street,Saturday,off-peak
24 days,london paddington,reading,Tuesday,advance
23 days,london euston,birmingham new street,Monday,advance
1 days,manchester piccadilly,nottingham,Sunday,advance
1 days,manchester piccadilly,liverpool lime street,Sunday,advance
0 days,birmingham new street,manchester piccadilly,Saturday,off-peak
16 days,manchester piccadilly,liverpool lime street,Monday,advance
1 days,manchester piccadilly,liverpool lime street,Sunday,advance
24 days,london kings cross,york,Tuesday,advance
0 days,london paddington,reading,Saturday,off-peak
17 days,london kings cross,york,Tuesday,advance
0 days,london paddington,reading,Saturday,off-peak
0 days,london kings cross,york,Saturday,off-peak
0 days,manchester piccadilly,liverpool lime street,Saturday,off-peak
0 days,london kings cross,york,Saturday,off-peak
0 days,manchester piccadilly,liverpool lime street,Saturday,off-peak
0 days,liverpool lime street,manchester piccadilly,Saturday,off-peak
1 days,london paddington,reading,Sunday,advance
1 days,birmingham new street,manchester piccadilly,Sunday,advance
0 days,london euston,birmingham new street,Saturday,off-peak
8 days,liverpool lime street,manchester piccadilly,Sunday,advance
8 days,birmingham new street,manchester piccadilly,Sunday,advance
4 days,london euston,birmingham new street,Wednesday,advance
1 days,manchester piccadilly,liverpool lime street,Sunday,advance
9 days,london euston,birmingham new street,Monday,advance
0 days,liverpool lime street,sheffield,Saturday,off-peak
14 days,london st pancras,birmingham new street,Saturday,advance
4 days,london st pancras,birmingham new street,Wednesday,advance
1 days,manchester piccadilly,liverpool lime street,Sunday,advance
17 days,london st pancras,birmingham new street,Tuesday,advance
0 days,london paddington,reading,Saturday,off-peak
7 days,liverpool lime street,manchester piccadilly,Saturday,advance
0 days,london paddington,reading,Saturday,off-peak
25 days,london euston,birmingham new street,Wednesday,advance
5 days,london st pancras,birmingham new street,Thursday,advance
10 days,london paddington,reading,Tuesday,advance
5 days,london kings cross,york,Thursday,advance
1 days,london st pancras,birmingham new street,Sunday,advance
0 days,manchester piccadilly,liverpool lime street,Saturday,off-peak
1 days,london st pancras,birmingham new street,Sunday,advance
8 days,london kings cross,york,Sunday,advance
6 days,liverpool lime street,manchester piccadilly,Friday,advance
1 days,london kings cross,york,Sunday,advance
9 days,london st pancras,birmingham new street,Monday,advance
23 days,london st pancras,birmingham new street,Monday,advance
18 days,liverpool lime street,manchester piccadilly,Wednesday,advance
1 days,manchester piccadilly,liverpool lime street,Sunday,advance
22 days,london st pancras,birmingham new street,Sunday,advance
9 days,manchester piccadilly,liverpool lime street,Monday,advance
7 days,london paddington,reading,Saturday,advance
0 days,london kings cross,york,Saturday,off-peak
0 days,london euston,birmingham new street,Saturday,off-peak
1 days,london kings cross,york,Sunday,advance
0 days,london euston,birmingham new street,Saturday,off-peak
0 days,london kings cross,york,Saturday,off-peak
0 days,london kings cross,york,Saturday,off-peak
0 days,london paddington,reading,Saturday,off-peak
0 days,london euston,birmingham new street,Saturday,off-peak
1 days,york,edinburgh waverley,Sunday,advance
0 days,london euston,birmingham new street,Saturday,off-peak
19 days,london kings cross,york,Thursday,advance
0 days,london euston,birmingham new street,Saturday,off-peak
9 days,london euston,birmingham new street,Monday,advance
1 days,manchester piccadilly,liverpool lime street,Sunday,advance
17 days,london euston,birmingham new street,Tuesday,advance
1 days,liverpool lime street,london euston,Sunday,advance
0 days,london euston,birmingham new street,Saturday,off-peak
0 days,london kings cross,york,Saturday,off-peak
1 days,manchester piccadilly,liverpool lime street,Sunday,advance
1 days,liverpool lime street,manchester piccadilly,Sunday,advance
1 days,london euston,birmingham new street,Sunday,advance
3 days,manchester piccadilly,liverpool lime street,Tuesday,advance
16 days,manchester piccadilly,london euston,Monday,advance
24 days,manchester piccadilly,liverpool lime street,Tuesday,advance
1 days,manchester piccadilly,liverpool lime street,Sunday,advance
0 days,london kings cross,york,Saturday,off-peak
17 days,york,edinburgh,Tuesday,advance
1 days,manchester piccadilly,london paddington,Sunday,advance
0 days,london kings cross,york,Saturday,off-peak
0 days,london st pancras,birmingham new street,Saturday,off-peak
0 days,london paddington,reading,Saturday,off-peak
0 days,manchester piccadilly,liverpool lime street,Saturday,off-peak
0 days,london euston,birmingham new street,Saturday,off-peak
0 days,london kings cross,york,Saturday,off-peak
25 days,london euston,birmingham new street,Wednesday,advance
0 days,manchester piccadilly,liverpool lime street,Saturday,off-peak
1 days,edinburgh waverley,london kings cross,Sunday,advance
0 days,london euston,birmingham new street,Saturday,off-peak
26 days,edinburgh waverley,london kings cross,Thursday,advance
0 days,london euston,birmingham new street,Saturday,off-peak
0 days,london euston,birmingham new street,Saturday,off-peak
0 days,manchester piccadilly,liverpool lime street,Saturday,off-peak
0 days,manchester piccadilly,liverpool lime street,Saturday,off-peak
18 days,edinburgh waverley,london kings cross,Wednesday,advance
1 days,london st pancras,birmingham new street,Sunday,advance
0 days,london paddington,reading,Saturday,off-peak
0 days,london st pancras,birmingham new street,Saturday,off-peak
0 days,london st pancras,birmingham new street,Saturday,off-peak
1 days,manchester piccadilly,liverpool lime street,Sunday,advance
8 days,manchester piccadilly,liverpool lime street,Sunday,advance
6 days,london paddington,reading,Friday,advance
7 days,london paddington,reading,Saturday,advance
0 days,london euston,manchester piccadilly,Saturday,off-peak
17 days,london st pancras,birmingham new street,Tuesday,advance
0 days,liverpool lime street,manchester piccadilly,Saturday,off-peak
0 days,liverpool lime street,london euston,Saturday,off-peak
0 days,manchester piccadilly,london euston,Saturday,off-peak
1 days,liverpool lime street,manchester piccadilly,Sunday,advance
0 days,birmingham new street,coventry,Saturday,off-peak
14 days,manchester piccadilly,liverpool lime street,Saturday,advance
0 days,london st pancras,birmingham new street,Saturday,off-peak
0 days,london st pancras,birmingham new street,Saturday,off-peak
0 days,birmingham new street,nuneaton,Saturday,off-peak
0 days,london st pancras,birmingham new street,Saturday,off-peak
9 days,manchester piccadilly,liverpool lime street,Monday,advance
1 days,manchester piccadilly,liverpool lime street,Sunday,advance
14 days,london kings cross,york,Saturday,advance
0 days,london st pancras,birmingham new street,Saturday,off-peak
1 days,london euston,birmingham new street,Sunday,advance
21 days,london euston,birmingham new street,Saturday,advance
0 days,manchester piccadilly,liverpool lime street,Saturday,off-peak
4 days,london euston,birmingham new street,Wednesday,advance
26 days,london euston,birmingham new street,Thursday,advance
12 days,manchester piccadilly,liverpool lime street,Thursday,advance
7 days,london euston,birmingham new street,Saturday,advance
1 days,london euston,birmingham new street,Sunday,advance
1 days,london paddington,reading,Sunday,advance
20 days,london euston,birmingham new street,Friday,advance
0 days,london paddington,reading,Saturday,off-peak
1 days,london euston,birmingham new street,Sunday,advance
26 days,london st pancras,birmingham new street,Thursday,advance
18 days,london euston,birmingham new street,Wednesday,advance
1 days,birmingham new street,manchester piccadilly,Sunday,advance
2 days,london st pancras,leicester,Monday,advance
3 days,manchester piccadilly,liverpool lime street,Tuesday,advance
22 days,birmingham new street,manchester piccadilly,Sunday,advance
1 days,manchester piccadilly,liverpool lime street,Sunday,advance
11 days,london st pancras,leicester,Wednesday,advance
1 days,birmingham new street,manchester piccadilly,Sunday,advance
0 days,manchester piccadilly,liverpool lime street,Saturday,off-peak
15 days,liverpool lime street,london euston,Sunday,advance
7 days,manchester piccadilly,london kings cross,Saturday,advance
9 days,manchester piccadilly,london euston,Monday,advance
23 days,liverpool lime street,london euston,Monday,advance
0 days,manchester piccadilly,liverpool lime street,Saturday,off-peak
1 days,london euston,birmingham new street,Sunday,advance
0 days,birmingham new street,london euston,Saturday,off-peak
17 days,manchester piccadilly,liverpool lime street,Tuesday,advance
9 days,london st pancras,birmingham new street,Monday,advance
16 days,manchester piccadilly,liverpool lime street,Monday,advance
26 days,london euston,birmingham new street,Thursday,advance
0 days,london euston,manchester piccadilly,Saturday,off-peak
0 days,manchester piccadilly,liverpool lime street,Saturday,off-peak
1 days,liverpool lime street,london euston,Sunday,advance
1 days,london kings cross,york,Sunday,advance
1 days,london kings cross,york,Sunday,advance
1 days,liverpool lime street,manchester piccadilly,Sunday,advance
17 days,london kings cross,york,Tuesday,advance
26 days,liverpool lime street,manchester piccadilly,Thursday,advance
1 days,liverpool lime street,manchester piccadilly,Sunday,advance
11 days,london st pancras,birmingham new street,Wednesday,advance
1 days,london st pancras,leicester,Sunday,advance
25 days,manchester piccadilly,liverpool lime street,Wednesday,advance
12 days,london euston,birmingham new street,Thursday,advance
10 days,manchester piccadilly,liverpool lime street,Tuesday,advance
15 days,manchester piccadilly,liverpool lime street,Sunday,advance
1 days,manchester piccadilly,liverpool lime street,Sunday,advance
7 days,manchester piccadilly,liverpool lime street,Saturday,advance
1 days,manchester piccadilly,liverpool lime street,Sunday,advance
1 days,london st pancras,leicester,Sunday,advance
1 days,manchester piccadilly,liverpool lime street,Sunday,advance
4 days,manchester piccadilly,liverpool lime street,Wednesday,advance
1 days,london st pancras,birmingham new street,Sunday,advance
1 days,london st pancras,leicester,Sunday,advance
19 days,london euston,birmingham new street,Thursday,advance
15 days,manchester piccadilly,liverpool lime street,Sunday,advance
1 days,manchester piccadilly,liverpool lime street,Sunday,advance
10 days,manchester piccadilly,liverpool lime street,Tuesday,advance
2 days,london kings cross,york,Monday,advance
6 days,london euston,birmingham new street,Friday,advance
3 days,manchester piccadilly,liverpool lime street,Tuesday,advance
25 days,london st pancras,birmingham new street,Wednesday,advance
13 days,liverpool lime street,manchester piccadilly,Friday,advance
1 days,london paddington,reading,Sunday,advance
25 days,reading,birmingham new street,Wednesday,advance
0 days,manchester piccadilly,liverpool lime street,Saturday,off-peak
0 days,birmingham new street,liverpool lime street,Saturday,off-peak
8 days,london euston,birmingham new street,Sunday,advance
1 days,birmingham new street,york,Sunday,advance
7 days,london kings cross,york,Saturday,advance
1 days,london euston,birmingham new street,Sunday,advance
1 days,london paddington,reading,Sunday,advance
0 days,london paddington,reading,Saturday,off-peak
24 days,manchester piccadilly,liverpool lime street,Tuesday,advance
1 days,london st pancras,birmingham new street,Sunday,advance
12 days,birmingham new street,london euston,Thursday,advance
1 days,london st pancras,birmingham new street,Sunday,advance
10 days,london st pancras,birmingham new street,Tuesday,advance
7 days,manchester piccadilly,liverpool lime street,Saturday,advance
21 days,london paddington,reading,Saturday,advance
22 days,london st pancras,birmingham new street,Sunday,advance
12 days,manchester piccadilly,liverpool lime street,Thursday,advance
1 days,liverpool lime street,crewe,Sunday,advance
6 days,liverpool lime street,crewe,Friday,advance
1 days,birmingham new street,nuneaton,Sunday,advance
20 days,manchester piccadilly,liverpool lime street,Friday,advance
6 days,manchester piccadilly,liverpool lime street,Friday,advance
5 days,london st pancras,birmingham new street,Thursday,advance
1 days,london paddington,reading,Sunday,advance
1 days,manchester piccadilly,liverpool lime street,Sunday,advance
1 days,birmingham new street,nuneaton,Sunday,advance
21 days,london st pancras,birmingham new street,Saturday,advance
1 days,london paddington,reading,Sunday,advance
24 days,london kings cross,york,Tuesday,advance
12 days,birmingham new street,stafford,Thursday,advance
1 days,london kings cross,york,Sunday,advance
5 days,london kings cross,york,Thursday,advance
9 days,london paddington,reading,Monday,advance
23 days,london st pancras,birmingham new street,Monday,advance
2 days,manchester piccadilly,liverpool lime street,Monday,advance
6 days,london paddington,reading,Friday,advance
23 days,london st pancras,birmingham new street,Monday,advance
15 days,london st pancras,birmingham new street,Sunday,advance
6 days,manchester piccadilly,liverpool lime street,Friday,advance
9 days,reading,swindon,Monday,advance
15 days,london st pancras,birmingham new street,Sunday,advance
11 days,london kings cross,york,Wednesday,advance
1 days,london kings cross,york,Sunday,advance
1 days,london st pancras,birmingham new street,Sunday,advance
1 days,manchester piccadilly,liverpool lime street,Sunday,advance
1 days,london euston,birmingham new street,Sunday,advance
6 days,london euston,birmingham new street,Friday,advance
7 days,manchester piccadilly,liverpool lime street,Saturday,advance
1 days,london paddington,reading,Sunday,advance
2 days,london st pancras,birmingham new street,Monday,advance
15 days,london euston,birmingham new street,Sunday,advance
23 days,london paddington,reading,Monday,advance
5 days,london euston,birmingham new street,Thursday,advance
22 days,london euston,birmingham new street,Sunday,advance
2 days,london euston,birmingham new street,Monday,advance
21 days,london euston,birmingham new street,Saturday,advance
1 days,london paddington,reading,Sunday,advance
9 days,london st pancras,birmingham new street,Monday,advance
12 days,oxford,bristol temple meads,Thursday,advance
3 days,liverpool lime street,manchester piccadilly,Tuesday,advance
14 days,london euston,manchester piccadilly,Saturday,advance
24 days,london st pancras,birmingham new street,Tuesday,advance
18 days,manchester piccadilly,liverpool lime street,Wednesday,advance
1 days,london paddington,reading,Sunday,advance
8 days,liverpool lime street,manchester piccadilly,Sunday,advance
17 days,birmingham new street,edinburgh,Tuesday,advance
17 days,london paddington,reading,Tuesday,advance
1 days,manchester piccadilly,liverpool lime street,Sunday,advance
6 days,manchester piccadilly,liverpool lime street,Friday,advance
1 days,london paddington,reading,Sunday,advance
1 days,london euston,birmingham new street,Sunday,advance
23 days,london euston,birmingham new street,Monday,advance
1 days,manchester piccadilly,liverpool lime street,Sunday,advance
1 days,liverpool lime street,manchester piccadilly,Sunday,advance
1 days,liverpool lime street,manchester piccadilly,Sunday,advance
1 days,london euston,birmingham new street,Sunday,advance
1 days,birmingham new street,liverpool lime street,Sunday,advance
3 days,london paddington,reading,Tuesday,advance
1 days,manchester piccadilly,liverpool lime street,Sunday,advance
17 days,liverpool lime street,manchester piccadilly,Tuesday,advance
1 days,london euston,birmingham new street,Sunday,advance
3 days,liverpool lime street,manchester piccadilly,Tuesday,advance
1 days,london paddington,reading,Sunday,advance
0 days,liverpool lime street,manchester piccadilly,Sunday,off-peak
2 days,oxford,bristol temple meads,Tuesday,advance
0 days,oxford,bristol temple meads,Sunday,off-peak
0 days,london paddington,reading,Sunday,off-peak
1 days,liverpool lime street,leeds,Monday,advance
0 days,london euston,birmingham new street,Sunday,off-peak
18 days,london kings cross,edinburgh waverley,Thursday,advance
6 days,london kings cross,edinburgh waverley,Saturday,advance
21 days,london kings cross,edinburgh waverley,Sunday,advance
13 days,liverpool lime street,manchester piccadilly,Saturday,advance
0 days,liverpool lime street,manchester piccadilly,Sunday,off-peak
1 days,london st pancras,birmingham new street,Monday,advance
1 days,london paddington,reading,Monday,advance
0 days,liverpool lime street,manchester piccadilly,Sunday,off-peak
16 days,london euston,birmingham new street,Tuesday,advance
1 days,york,durham,Monday,advance
1 days,york,durham,Monday,advance
0 days,london paddington,reading,Sunday,off-peak
21 days,liverpool lime street,manchester piccadilly,Sunday,advance
0 days,liverpool lime street,manchester piccadilly,Sunday,off-peak
1 days,london euston,york,Monday,advance
8 days,birmingham new street,london st pancras,Monday,advance
1 days,london euston,birmingham new street,Monday,advance
1 days,liverpool lime street,manchester piccadilly,Monday,advance
25 days,liverpool lime street,manchester piccadilly,Thursday,advance
17 days,liverpool lime street,manchester piccadilly,Wednesday,advance
23 days,london euston,birmingham new street,Tuesday,advance
0 days,london euston,birmingham new street,Sunday,off-peak
0 days,london paddington,reading,Sunday,off-peak
1 days,liverpool lime street,manchester piccadilly,Monday,advance
0 days,london st pancras,birmingham new street,Sunday,off-peak
16 days,liverpool lime street,manchester piccadilly,Tuesday,advance
0 days,london kings cross,york,Sunday,off-peak
9 days,london st pancras,birmingham new street,Tuesday,advance
8 days,london st pancras,birmingham new street,Monday,advance
1 days,london st pancras,birmingham new street,Monday,advance
18 days,manchester piccadilly,nottingham,Thursday,advance
1 days,london st pancras,birmingham new street,Monday,advance
0 days,london kings cross,liverpool lime street,Sunday,off-peak
18 days,london euston,birmingham new street,Thursday,advance
0 days,liverpool lime street,manchester piccadilly,Sunday,off-peak
2 days,london euston,birmingham new street,Tuesday,advance
1 days,liverpool lime street,manchester piccadilly,Monday,advance
2 days,liverpool lime street,manchester piccadilly,Tuesday,advance
5 days,london euston,birmingham new street,Friday,advance
7 days,manchester piccadilly,liverpool lime street,Sunday,advance
1 days,liverpool lime street,manchester piccadilly,Monday,advance
0 days,london kings cross,york,Sunday,off-peak
6 days,london st pancras,birmingham new street,Saturday,advance
24 days,london paddington,reading,Wednesday,advance
0 days,london euston,birmingham new street,Sunday,off-peak
5 days,london paddington,reading,Friday,advance
0 days,birmingham new street,nuneaton,Sunday,off-peak
0 days,manchester piccadilly,liverpool lime street,Sunday,off-peak
0 days,birmingham new street,london st pancras,Sunday,off-peak
0 days,birmingham new street,stafford,Sunday,off-peak
0 days,london euston,manchester piccadilly,Sunday,off-peak
18 days,manchester piccadilly,london euston,Thursday,advance
11 days,manchester piccadilly,liverpool lime street,Thursday,advance
0 days,york,doncaster,Sunday,off-peak
0 days,london kings cross,york,Sunday,off-peak
0 days,london euston,birmingham new street,Sunday,off-peak
0 days,birmingham new street,london st pancras,Sunday,off-peak
0 days,london kings cross,york,Sunday,off-peak
1 days,london kings cross,york,Monday,advance
25 days,london euston,birmingham new street,Thursday,advance
12 days,manchester piccadilly,liverpool lime street,Friday,advance
0 days,manchester piccadilly,liverpool lime street,Sunday,off-peak
24 days,manchester piccadilly,liverpool lime street,Wednesday,advance
0 days,london euston,birmingham new street,Sunday,off-peak
1 days,london euston,birmingham new street,Monday,advance
0 days,birmingham new street,london st pancras,Sunday,off-peak
14 days,london euston,birmingham new street,Sunday,advance
0 days,liverpool lime street,manchester piccadilly,Sunday,off-peak
15 days,liverpool lime street,manchester piccadilly,Monday,advance
0 days,london kings cross,york,Sunday,off-peak
0 days,reading,swindon,Sunday,off-peak
13 days,london kings cross,york,Saturday,advance
0 days,reading,swindon,Sunday,off-peak
0 days,london kings cross,york,Sunday,off-peak
0 days,london st pancras,birmingham new street,Sunday,off-peak
23 days,london paddington,reading,Tuesday,advance
21 days,liverpool lime street,manchester piccadilly,Sunday,advance
0 days,london paddington,london waterloo,Sunday,off-peak
9 days,london paddington,reading,Tuesday,advance
0 days,london paddington,london waterloo,Sunday,off-peak
1 days,manchester piccadilly,liverpool lime street,Monday,advance
8 days,london kings cross,york,Monday,advance
15 days,london st pancras,birmingham new street,Monday,advance
0 days,london kings cross,york,Sunday,off-peak
0 days,liverpool lime street,london euston,Sunday,off-peak
2 days,liverpool lime street,manchester piccadilly,Tuesday,advance
1 days,london st pancras,birmingham new street,Monday,advance
17 days,london kings cross,york,Wednesday,advance
1 days,london kings cross,york,Monday,advance
19 days,liverpool lime street,sheffield,Friday,advance
0 days,liverpool lime street,london euston,Sunday,off-peak
0 days,liverpool lime street,london euston,Sunday,off-peak
16 days,london kings cross,york,Tuesday,advance
0 days,london euston,birmingham new street,Sunday,off-peak
0 days,liverpool lime street,manchester piccadilly,Sunday,off-peak
11 days,london paddington,reading,Thursday,advance
3 days,london euston,birmingham new street,Wednesday,advance
16 days,london kings cross,york,Tuesday,advance
0 days,london paddington,reading,Sunday,off-peak
0 days,london paddington,reading,Sunday,off-peak
2 days,london st pancras,birmingham new street,Tuesday,advance
0 days,london paddington,reading,Sunday,off-peak
0 days,london paddington,reading,Sunday,off-peak
4 days,london st pancras,birmingham new street,Thursday,advance
0 days,london paddington,oxford,Sunday,off-peak
0 days,london paddington,reading,Sunday,off-peak
0 days,london paddington,reading,Sunday,off-peak
0 days,london paddington,reading,Sunday,off-peak
15 days,manchester piccadilly,liverpool lime street,Monday,advance
0 days,london st pancras,birmingham new street,Sunday,off-peak
0 days,london kings cross,edinburgh waverley,Sunday,off-peak
10 days,manchester piccadilly,liverpool lime street,Wednesday,advance
22 days,manchester piccadilly,liverpool lime street,Monday,advance
2 days,manchester piccadilly,liverpool lime street,Tuesday,advance
1 days,york,peterborough,Monday,advance
22 days,london paddington,reading,Monday,advance
21 days,manchester piccadilly,liverpool lime street,Sunday,advance
0 days,liverpool lime street,manchester piccadilly,Sunday,off-peak
1 days,london kings cross,york,Monday,advance
1 days,birmingham new street,london st pancras,Monday,advance
24 days,london st pancras,wolverhampton,Wednesday,advance
12 days,london euston,birmingham new street,Friday,advance
10 days,london st pancras,birmingham new street,Wednesday,advance
21 days,birmingham new street,london st pancras,Sunday,advance
16 days,birmingham new street,london st pancras,Tuesday,advance
1 days,birmingham new street,london st pancras,Monday,advance
2 days,london euston,birmingham new street,Tuesday,advance
1 days,london kings cross,york,Monday,advance
7 days,birmingham new street,stafford,Sunday,advance
9 days,london paddington,oxford,Tuesday,advance
1 days,london paddington,oxford,Monday,advance
5 days,london paddington,oxford,Friday,advance
14 days,liverpool lime street,manchester piccadilly,Sunday,advance
1 days,london paddington,oxford,Monday,advance
22 days,london paddington,reading,Monday,advance
16 days,london paddington,oxford,Tuesday,advance
10 days,london paddington,oxford,Wednesday,advance
1 days,london paddington,reading,Monday,advance
2 days,london paddington,reading,Tuesday,advance
19 days,london kings cross,york,Friday,advance
21 days,london kings cross,york,Sunday,advance
17 days,london kings cross,york,Wednesday,advance
1 days,london kings cross,york,Monday,advance
24 days,london paddington,oxford,Wednesday,advance
1 days,london paddington,oxford,Monday,advance
22 days,london paddington,reading,Monday,advance
1 days,london paddington,reading,Monday,advance
22 days,manchester piccadilly,liverpool lime street,Monday,advance
3 days,london paddington,reading,Wednesday,advance
25 days,london kings cross,york,Thursday,advance
1 days,london kings cross,york,Monday,advance
17 days,london euston,birmingham new street,Wednesday,advance
12 days,york,peterborough,Friday,advance
2 days,london kings cross,york,Tuesday,advance
24 days,york,wakefield,Wednesday,advance
4 days,reading,swindon,Thursday,advance
1 days,york,doncaster,Monday,advance
0 days,manchester piccadilly,liverpool lime street,Sunday,off-peak
5 days,liverpool lime street,manchester piccadilly,Friday,advance
25 days,york,doncaster,Thursday,advance
15 days,york,peterborough,Monday,advance
1 days,london paddington,london waterloo,Monday,advance
8 days,york,peterborough,Monday,advance
5 days,london kings cross,york,Friday,advance
21 days,london kings cross,york,Sunday,advance
7 days,liverpool lime street,london euston,Sunday,advance
17 days,liverpool lime street,london euston,Wednesday,advance
5 days,liverpool lime street,london euston,Friday,advance
1 days,liverpool lime street,london euston,Monday,advance
8 days,liverpool lime street,london euston,Monday,advance
0 days,london st pancras,birmingham new street,Sunday,off-peak
18 days,liverpool lime street,london euston,Thursday,advance
24 days,liverpool lime street,london euston,Wednesday,advance
16 days,london paddington,reading,Tuesday,advance
9 days,liverpool lime street,london euston,Tuesday,advance
17 days,manchester piccadilly,london euston,Wednesday,advance
0 days,oxford,bristol temple meads,Sunday,off-peak
18 days,london euston,birmingham new street,Thursday,advance
1 days,london euston,manchester piccadilly,Monday,advance
14 days,london euston,manchester piccadilly,Sunday,advance
10 days,liverpool lime street,london euston,Wednesday,advance
12 days,liverpool lime street,london euston,Friday,advance
16 days,liverpool lime street,london euston,Tuesday,advance
3 days,birmingham new street,liverpool lime street,Wednesday,advance
0 days,liverpool lime street,manchester piccadilly,Sunday,off-peak
1 days,manchester piccadilly,leeds,Monday,advance
0 days,london paddington,reading,Sunday,off-peak
1 days,liverpool lime street,manchester piccadilly,Monday,advance
15 days,london st pancras,birmingham new street,Monday,advance
8 days,london paddington,reading,Monday,advance
1 days,london euston,birmingham new street,Monday,advance
18 days,london st pancras,birmingham new street,Thursday,advance
14 days,manchester piccadilly,london euston,Sunday,advance
0 days,london st pancras,birmingham new street,Sunday,off-peak
0 days,manchester piccadilly,liverpool lime street,Sunday,off-peak
17 days,liverpool lime street,manchester piccadilly,Wednesday,advance
5 days,manchester piccadilly,leeds,Friday,advance
9 days,liverpool lime street,manchester piccadilly,Tuesday,advance
25 days,birmingham new street,london st pancras,Thursday,advance
1 days,london euston,birmingham new street,Monday,advance
0 days,manchester piccadilly,liverpool lime street,Sunday,off-peak
12 days,london st pancras,birmingham new street,Friday,advance
4 days,london st pancras,birmingham new street,Thursday,advance
1 days,london kings cross,york,Monday,advance
0 days,liverpool lime street,manchester piccadilly,Sunday,off-peak
0 days,manchester piccadilly,liverpool lime street,Sunday,off-peak
1 days,london kings cross,york,Monday,advance
17 days,manchester piccadilly,liverpool lime street,Wednesday,advance
0 days,liverpool lime street,manchester piccadilly,Sunday,off-peak
0 days,london st pancras,birmingham new street,Sunday,off-peak
0 days,london paddington,reading,Sunday,off-peak
0 days,york,edinburgh,Sunday,off-peak
19 days,manchester piccadilly,liverpool lime street,Friday,advance
7 days,manchester piccadilly,liverpool lime street,Sunday,advance
6 days,london st pancras,birmingham new street,Saturday,advance
25 days,london st pancras,birmingham new street,Thursday,advance
17 days,london kings cross,york,Wednesday,advance
12 days,london st pancras,birmingham new street,Friday,advance
8 days,london st pancras,birmingham new street,Monday,advance
3 days,manchester piccadilly,liverpool lime street,Wednesday,advance
4 days,liverpool lime street,manchester piccadilly,Thursday,advance
0 days,london st pancras,birmingham new street,Sunday,off-peak
10 days,london euston,birmingham new street,Wednesday,advance
15 days,london st pancras,birmingham new street,Monday,advance
15 days,london kings cross,york,Monday,advance
0 days,london paddington,reading,Sunday,off-peak
0 days,london st pancras,birmingham new street,Sunday,off-peak
1 days,london st pancras,birmingham new street,Monday,advance
22 days,london kings cross,york,Monday,advance
0 days,london euston,birmingham new street,Sunday,off-peak
19 days,london st pancras,birmingham new street,Friday,advance
2 days,london paddington,reading,Tuesday,advance
0 days,manchester piccadilly,liverpool lime street,Sunday,off-peak
1 days,london st pancras,birmingham new street,Monday,advance
19 days,london st pancras,birmingham new street,Friday,advance
17 days,manchester piccadilly,liverpool lime street,Wednesday,advance
1 days,manchester piccadilly,liverpool lime street,Monday,advance
1 days,manchester piccadilly,liverpool lime street,Monday,advance
1 days,london st pancras,birmingham new street,Monday,advance
19 days,london euston,birmingham new street,Friday,advance
0 days,reading,london paddington,Sunday,off-peak
0 days,manchester piccadilly,liverpool lime street,Sunday,off-peak
1 days,london paddington,reading,Monday,advance
1 days,london paddington,reading,Monday,advance
21 days,london paddington,reading,Sunday,advance
1 days,london paddington,reading,Monday,advance
1 days,london paddington,reading,Monday,advance
17 days,london paddington,reading,Wednesday,advance
0 days,london euston,birmingham new street,Sunday,off-peak
24 days,london euston,birmingham new street,Wednesday,advance
0 days,london euston,birmingham new street,Sunday,off-peak
0 days,london euston,birmingham new street,Sunday,off-peak
0 days,london kings cross,york,Sunday,off-peak
1 days,london kings cross,york,Monday,advance
0 days,london euston,birmingham new street,Sunday,off-peak
1 days,london euston,birmingham new street,Monday,advance
0 days,birmingham new street,manchester piccadilly,Sunday,off-peak
9 days,manchester piccadilly,liverpool lime street,Tuesday,advance
0 days,birmingham new street,manchester piccadilly,Sunday,off-peak
23 days,liverpool lime street,manchester piccadilly,Tuesday,advance
1 days,manchester piccadilly,liverpool lime street,Monday,advance
2 days,liverpool lime street,london euston,Tuesday,advance
1 days,london st pancras,birmingham new street,Monday,advance
0 days,birmingham new street,manchester piccadilly,Sunday,off-peak
10 days,manchester piccadilly,liverpool lime street,Wednesday,advance
8 days,manchester piccadilly,liverpool lime street,Monday,advance
3 days,manchester piccadilly,liverpool lime street,Wednesday,advance
0 days,manchester piccadilly,london euston,Sunday,off-peak
0 days,birmingham new street,stafford,Sunday,off-peak
0 days,london paddington,reading,Sunday,off-peak
19 days,london paddington,reading,Friday,advance
10 days,manchester piccadilly,liverpool lime street,Wednesday,advance
0 days,manchester piccadilly,liverpool lime street,Sunday,off-peak
8 days,london st pancras,birmingham new street,Monday,advance
0 days,london kings cross,york,Sunday,off-peak
0 days,london kings cross,york,Sunday,off-peak
0 days,london kings cross,york,Sunday,off-peak
0 days,manchester piccadilly,liverpool lime street,Sunday,off-peak
0 days,manchester piccadilly,liverpool lime street,Sunday,off-peak
19 days,edinburgh waverley,london kings cross,Friday,advance
8 days,london kings cross,york,Monday,advance
0 days,liverpool lime street,manchester piccadilly,Sunday,off-peak
0 days,manchester piccadilly,liverpool lime street,Sunday,off-peak
15 days,york,edinburgh,Monday,advance
12 days,manchester piccadilly,liverpool lime street,Friday,advance
2 days,london paddington,reading,Tuesday,advance
21 days,london kings cross,york,Sunday,advance
21 days,london paddington,reading,Sunday,advance
1 days,london st pancras,birmingham new street,Monday,advance
8 days,london st pancras,birmingham new street,Monday,advance
0 days,london st pancras,birmingham new street,Sunday,off-peak
25 days,london paddington,reading,Thursday,advance
22 days,london euston,birmingham new street,Monday,advance
0 days,london st pancras,birmingham new street,Sunday,off-peak
0 days,york,peterborough,Sunday,off-peak
16 days,manchester piccadilly,liverpool lime street,Tuesday,advance
5 days,london kings cross,york,Friday,advance
0 days,birmingham new street,tamworth,Sunday,off-peak
1 days,london euston,manchester piccadilly,Monday,advance
1 days,london euston,birmingham new street,Monday,advance
0 days,manchester piccadilly,liverpool lime street,Sunday,off-peak
15 days,manchester piccadilly,liverpool lime street,Monday,advance
0 days,liverpool lime street,crewe,Sunday,off-peak
0 days,london paddington,reading,Sunday,off-peak
0 days,london paddington,reading,Sunday,off-peak
15 days,london euston,birmingham new street,Monday,advance
10 days,london euston,birmingham new street,Wednesday,advance
0 days,york,edinburgh,Sunday,off-peak
21 days,london euston,birmingham new street,Sunday,advance
5 days,london euston,birmingham new street,Friday,advance
1 days,london euston,birmingham new street,Monday,advance
1 days,london euston,birmingham new street,Monday,advance
4 days,liverpool lime street,manchester piccadilly,Thursday,advance
6 days,york,peterborough,Saturday,advance
1 days,london euston,birmingham new street,Monday,advance
1 days,london euston,birmingham new street,Monday,advance
21 days,manchester piccadilly,liverpool lime street,Sunday,advance
4 days,london euston,birmingham new street,Thursday,advance
1 days,london kings cross,liverpool lime street,Monday,advance
1 days,london st pancras,leicester,Monday,advance
1 days,london st pancras,leicester,Monday,advance
24 days,liverpool lime street,sheffield,Wednesday,advance
1 days,liverpool lime street,london euston,Monday,advance
7 days,london euston,birmingham new street,Sunday,advance
0 days,london st pancras,leicester,Sunday,off-peak
0 days,london st pancras,leicester,Sunday,off-peak
0 days,london paddington,reading,Sunday,off-peak
14 days,manchester piccadilly,liverpool lime street,Sunday,advance
1 days,manchester piccadilly,liverpool lime street,Monday,advance
18 days,birmingham new street,london euston,Thursday,advance
0 days,london paddington,reading,Sunday,off-peak
1 days,london kings cross,york,Monday,advance
4 days,london st pancras,birmingham new street,Thursday,advance
0 days,birmingham new street,edinburgh,Sunday,off-peak
11 days,liverpool lime street,manchester piccadilly,Thursday,advance
11 days,london euston,birmingham new street,Thursday,advance
17 days,london euston,birmingham new street,Wednesday,advance
3 days,liverpool lime street,manchester piccadilly,Wednesday,advance
0 days,birmingham new street,liverpool lime street,Sunday,off-peak
6 days,liverpool lime street,london euston,Saturday,advance
0 days,london euston,birmingham new street,Sunday,off-peak
2 days,manchester piccadilly,liverpool lime street,Tuesday,advance
20 days,manchester piccadilly,liverpool lime street,Saturday,advance
6 days,manchester piccadilly,liverpool lime street,Saturday,advance
22 days,manchester piccadilly,liverpool lime street,Monday,advance
1 days,manchester piccadilly,liverpool lime street,Monday,advance
5 days,manchester piccadilly,liverpool lime street,Friday,advance
1 days,london st pancras,birmingham new street,Monday,advance
1 days,london euston,birmingham new street,Monday,advance
1 days,london euston,birmingham new street,Monday,advance
0 days,london euston,birmingham new street,Sunday,off-peak
14 days,london euston,manchester piccadilly,Sunday,advance
12 days,manchester piccadilly,liverpool lime street,Friday,advance
1 days,birmingham new street,tamworth,Monday,advance
20 days,london euston,birmingham new street,Saturday,advance
1 days,manchester piccadilly,liverpool lime street,Monday,advance
1 days,manchester piccadilly,warrington,Monday,advance
15 days,birmingham new street,liverpool lime street,Monday,advance
2 days,birmingham new street,york,Tuesday,advance
0 days,london paddington,reading,Sunday,off-peak
0 days,liverpool lime street,manchester piccadilly,Sunday,off-peak
1 days,london st pancras,birmingham new street,Monday,advance
1 days,manchester piccadilly,liverpool lime street,Monday,advance
25 days,london st pancras,birmingham new street,Thursday,advance
5 days,liverpool lime street,crewe,Friday,advance
25 days,london kings cross,york,Thursday,advance
15 days,birmingham new street,tamworth,Monday,advance
1 days,london st pancras,birmingham new street,Monday,advance
20 days,london st pancras,birmingham new street,Saturday,advance
11 days,london st pancras,birmingham new street,Thursday,advance
9 days,london kings cross,york,Tuesday,advance
1 days,manchester piccadilly,liverpool lime street,Monday,advance
3 days,birmingham new street,stafford,Wednesday,advance
1 days,birmingham new street,tamworth,Monday,advance
1 days,london euston,manchester piccadilly,Monday,advance
10 days,london kings cross,york,Wednesday,advance
8 days,london kings cross,york,Monday,advance
10 days,london st pancras,wolverhampton,Wednesday,advance
1 days,london paddington,reading,Monday,advance
22 days,manchester piccadilly,liverpool lime street,Monday,advance
1 days,london st pancras,birmingham new street,Monday,advance
20 days,london kings cross,york,Saturday,advance
0 days,london euston,birmingham new street,Sunday,off-peak
1 days,london st pancras,birmingham new street,Monday,advance
0 days,london kings cross,york,Sunday,off-peak
0 days,london euston,manchester piccadilly,Sunday,off-peak
1 days,liverpool lime street,manchester piccadilly,Monday,advance
16 days,london kings cross,york,Tuesday,advance
14 days,london kings cross,york,Sunday,advance
14 days,london st pancras,birmingham new street,Sunday,advance
4 days,manchester piccadilly,liverpool lime street,Thursday,advance
15 days,london paddington,reading,Monday,advance
23 days,london paddington,reading,Tuesday,advance
3 days,london st pancras,birmingham new street,Wednesday,advance
16 days,manchester piccadilly,liverpool lime street,Tuesday,advance
15 days,liverpool lime street,manchester piccadilly,Monday,advance
13 days,london euston,birmingham new street,Saturday,advance
17 days,liverpool lime street,manchester piccadilly,Wednesday,advance
21 days,london euston,birmingham new street,Sunday,advance
1 days,london euston,birmingham new street,Monday,advance
1 days,london euston,birmingham new street,Monday,advance
20 days,london euston,birmingham new street,Saturday,advance
1 days,london euston,birmingham new street,Monday,advance
1 days,london paddington,reading,Monday,advance
19 days,london kings cross,york,Friday,advance
13 days,liverpool lime street,manchester piccadilly,Saturday,advance
23 days,london paddington,reading,Tuesday,advance
1 days,london kings cross,york,Monday,advance
10 days,london kings cross,york,Wednesday,advance
1 days,london euston,birmingham new street,Monday,advance
1 days,london euston,manchester piccadilly,Monday,advance
25 days,london euston,manchester piccadilly,Thursday,advance
1 days,london kings cross,york,Monday,advance
15 days,london kings cross,york,Monday,advance
10 days,london euston,manchester piccadilly,Wednesday,advance
0 days,london euston,manchester piccadilly,Monday,off-peak
0 days,york,edinburgh,Monday,off-peak
0 days,liverpool lime street,manchester piccadilly,Monday,off-peak
23 days,liverpool lime street,manchester piccadilly,Wednesday,advance
0 days,london st pancras,birmingham new street,Monday,off-peak
0 days,york,durham,Monday,off-peak
0 days,london kings cross,liverpool lime street,Monday,off-peak
0 days,manchester piccadilly,nottingham,Monday,off-peak
9 days,liverpool lime street,manchester piccadilly,Wednesday,advance
0 days,london st pancras,birmingham new street,Monday,off-peak
0 days,london st pancras,birmingham new street,Monday,off-peak
0 days,liverpool lime street,manchester piccadilly,Monday,off-peak
5 days,liverpool lime street,manchester piccadilly,Saturday,advance
0 days,london euston,birmingham new street,Monday,off-peak
13 days,london st pancras,birmingham new street,Sunday,advance
0 days,liverpool lime street,manchester piccadilly,Monday,off-peak
0 days,london paddington,reading,Monday,off-peak
3 days,london st pancras,birmingham new street,Thursday,advance
16 days,york,durham,Wednesday,advance
10 days,york,durham,Thursday,advance
0 days,london euston,birmingham new street,Monday,off-peak
23 days,london st pancras,birmingham new street,Wednesday,advance
18 days,manchester piccadilly,liverpool lime street,Friday,advance
4 days,manchester piccadilly,liverpool lime street,Friday,advance
0 days,birmingham new street,reading,Monday,off-peak
23 days,london kings cross,york,Wednesday,advance
0 days,manchester piccadilly,london euston,Monday,off-peak
1 days,london kings cross,york,Tuesday,advance
1 days,london st pancras,birmingham new street,Tuesday,advance
1 days,london euston,manchester piccadilly,Tuesday,advance
1 days,london kings cross,york,Tuesday,advance
25 days,london kings cross,york,Friday,advance
10 days,london paddington,reading,Thursday,advance
0 days,manchester piccadilly,liverpool lime street,Monday,off-peak
0 days,london st pancras,birmingham new street,Monday,off-peak
1 days,london kings cross,liverpool lime street,Tuesday,advance
3 days,manchester piccadilly,nottingham,Thursday,advance
4 days,london paddington,reading,Friday,advance
14 days,london kings cross,york,Monday,advance
0 days,london kings cross,york,Monday,off-peak
13 days,london euston,birmingham new street,Sunday,advance
7 days,london paddington,reading,Monday,advance
20 days,london euston,birmingham new street,Sunday,advance
1 days,london st pancras,birmingham new street,Tuesday,advance
1 days,liverpool lime street,manchester piccadilly,Tuesday,advance
11 days,london kings cross,york,Friday,advance
1 days,liverpool lime street,manchester piccadilly,Tuesday,advance
21 days,london kings cross,york,Monday,advance
0 days,london kings cross,york,Monday,anytime
0 days,london paddington,reading,Monday,anytime
0 days,london paddington,reading,Monday,anytime
21 days,manchester piccadilly,london euston,Monday,advance
0 days,london st pancras,birmingham new street,Monday,anytime
0 days,london st pancras,birmingham new street,Monday,anytime
14 days,london kings cross,york,Monday,advance
0 days,birmingham new street,nuneaton,Monday,anytime
1 days,manchester piccadilly,london euston,Tuesday,advance
24 days,manchester piccadilly,liverpool lime street,Thursday,advance
0 days,birmingham new street,london kings cross,Monday,anytime
1 days,manchester piccadilly,liverpool lime street,Tuesday,advance
0 days,london st pancras,wolverhampton,Monday,anytime
1 days,manchester piccadilly,london euston,Tuesday,advance
0 days,birmingham new street,nuneaton,Monday,anytime
0 days,london st pancras,birmingham new street,Monday,anytime
0 days,birmingham new street,london st pancras,Monday,anytime
0 days,birmingham new street,london st pancras,Monday,anytime
0 days,london st pancras,birmingham new street,Monday,anytime
1 days,london kings cross,york,Tuesday,advance
18 days,london kings cross,york,Friday,advance
1 days,london kings cross,york,Tuesday,advance
0 days,london kings cross,york,Monday,off-peak
1 days,manchester piccadilly,liverpool lime street,Tuesday,advance
2 days,london paddington,reading,Wednesday,advance
1 days,liverpool lime street,manchester piccadilly,Tuesday,advance
1 days,london st pancras,birmingham new street,Tuesday,advance
0 days,london paddington,london waterloo,Monday,anytime
3 days,london st pancras,birmingham new street,Thursday,advance
1 days,london st pancras,birmingham new street,Tuesday,advance
1 days,liverpool lime street,manchester piccadilly,Tuesday,advance
0 days,york,peterborough,Monday,anytime
17 days,london st pancras,birmingham new street,Thursday,advance
1 days,london st pancras,birmingham new street,Tuesday,advance
23 days,liverpool lime street,manchester piccadilly,Wednesday,advance
5 days,london st pancras,birmingham new street,Saturday,advance
0 days,london kings cross,york,Monday,anytime
1 days,london kings cross,york,Tuesday,advance
0 days,london kings cross,york,Monday,anytime
0 days,london kings cross,york,Monday,anytime
0 days,york,doncaster,Monday,anytime
1 days,london paddington,reading,Tuesday,advance
18 days,london kings cross,york,Friday,advance
15 days,london st pancras,birmingham new street,Tuesday,advance
0 days,liverpool lime street,london euston,Monday,anytime
0 days,liverpool lime street,london euston,Monday,anytime
23 days,manchester piccadilly,sheffield,Wednesday,advance
0 days,liverpool lime street,london euston,Monday,anytime
19 days,manchester piccadilly,sheffield,Saturday,advance
17 days,liverpool lime street,manchester piccadilly,Thursday,advance
0 days,london euston,birmingham new street,Monday,anytime
0 days,london kings cross,york,Monday,anytime
10 days,london euston,manchester piccadilly,Thursday,advance
0 days,london paddington,oxford,Monday,anytime
0 days,manchester piccadilly,liverpool lime street,Monday,anytime
0 days,london paddington,oxford,Monday,anytime
0 days,london paddington,reading,Monday,anytime
1 days,london st pancras,birmingham new street,Tuesday,advance
0 days,london paddington,oxford,Monday,anytime
0 days,manchester piccadilly,leeds,Monday,off-peak
2 days,liverpool lime street,manchester piccadilly,Wednesday,advance
0 days,london kings cross,york,Monday,off-peak
0 days,london kings cross,york,Monday,off-peak
0 days,manchester piccadilly,liverpool lime street,Monday,off-peak
10 days,york,peterborough,Thursday,advance
6 days,manchester piccadilly,liverpool lime street,Sunday,advance
20 days,reading,didcot,Sunday,advance
11 days,manchester piccadilly,liverpool lime street,Friday,advance
0 days,manchester piccadilly,liverpool lime street,Monday,off-peak
1 days,london paddington,reading,Tuesday,advance
1 days,birmingham new street,stafford,Tuesday,advance
14 days,london euston,birmingham new street,Monday,advance
1 days,london kings cross,york,Tuesday,advance
10 days,york,doncaster,Thursday,advance
13 days,london euston,birmingham new street,Sunday,advance
15 days,london st pancras,birmingham new street,Tuesday,advance
19 days,birmingham new street,london st pancras,Saturday,advance
13 days,birmingham new street,london paddington,Sunday,advance
15 days,london euston,birmingham new street,Tuesday,advance
1 days,york,doncaster,Tuesday,advance
1 days,birmingham new street,london st pancras,Tuesday,advance
2 days,london euston,manchester piccadilly,Wednesday,advance
19 days,manchester piccadilly,liverpool lime street,Saturday,advance
22 days,york,doncaster,Tuesday,advance
4 days,birmingham new street,london st pancras,Friday,advance
1 days,manchester piccadilly,liverpool lime street,Tuesday,advance
18 days,london paddington,reading,Friday,advance
11 days,manchester piccadilly,liverpool lime street,Friday,advance
7 days,london paddington,reading,Monday,advance
1 days,london paddington,reading,Tuesday,advance
1 days,manchester piccadilly,liverpool lime street,Tuesday,advance
1 days,london paddington,reading,Tuesday,advance
1 days,london paddington,oxford,Tuesday,advance
1 days,london kings cross,york,Tuesday,advance
23 days,london paddington,reading,Wednesday,advance
20 days,liverpool lime street,manchester piccadilly,Sunday,advance
13 days,london paddington,reading,Sunday,advance
16 days,london paddington,oxford,Wednesday,advance
15 days,london kings cross,york,Tuesday,advance
24 days,london paddington,reading,Thursday,advance
4 days,london kings cross,york,Friday,advance
5 days,london paddington,oxford,Saturday,advance
4 days,birmingham new street,london st pancras,Friday,advance
6 days,london paddington,reading,Sunday,advance
11 days,london kings cross,york,Friday,advance
23 days,london kings cross,york,Wednesday,advance
18 days,liverpool lime street,manchester piccadilly,Friday,advance
16 days,liverpool lime street,manchester piccadilly,Wednesday,advance
17 days,london kings cross,york,Thursday,advance
22 days,reading,swindon,Tuesday,advance
1 days,london paddington,london waterloo,Tuesday,advance
16 days,liverpool lime street,london euston,Wednesday,advance
1 days,london st pancras,birmingham new street,Tuesday,advance
9 days,liverpool lime street,london euston,Wednesday,advance
3 days,london euston,manchester piccadilly,Thursday,advance
20 days,london euston,birmingham new street,Sunday,advance
18 days,liverpool lime street,london euston,Friday,advance
1 days,london st pancras,birmingham new street,Tuesday,advance
16 days,liverpool lime street,london euston,Wednesday,advance
17 days,liverpool lime street,london euston,Thursday,advance
9 days,london euston,manchester piccadilly,Wednesday,advance
13 days,liverpool lime street,london euston,Sunday,advance
1 days,london euston,manchester piccadilly,Tuesday,advance
1 days,liverpool lime street,london euston,Tuesday,advance
1 days,birmingham new street,liverpool lime street,Tuesday,advance
3 days,york,liverpool lime street,Thursday,advance
1 days,london euston,birmingham new street,Tuesday,advance
14 days,london euston,birmingham new street,Monday,advance
0 days,manchester piccadilly,liverpool lime street,Monday,off-peak
6 days,liverpool lime street,london st pancras,Sunday,advance
3 days,liverpool lime street,london st pancras,Thursday,advance
7 days,london paddington,reading,Monday,advance
1 days,london paddington,reading,Tuesday,advance
23 days,london paddington,reading,Wednesday,advance
0 days,london kings cross,york,Monday,off-peak
1 days,liverpool lime street,manchester piccadilly,Tuesday,advance
16 days,london paddington,reading,Wednesday,advance
8 days,birmingham new street,london st pancras,Tuesday,advance
1 days,manchester piccadilly,liverpool lime street,Tuesday,advance
0 days,manchester piccadilly,liverpool lime street,Monday,off-peak
8 days,liverpool lime street,manchester piccadilly,Tuesday,advance
24 days,liverpool lime street,manchester piccadilly,Thursday,advance
2 days,london kings cross,york,Wednesday,advance
0 days,liverpool lime street,manchester piccadilly,Monday,off-peak
7 days,manchester piccadilly,leeds,Monday,advance
0 days,london st pancras,birmingham new street,Monday,off-peak
20 days,london euston,birmingham new street,Sunday,advance
0 days,liverpool lime street,manchester piccadilly,Monday,off-peak
12 days,manchester piccadilly,liverpool lime street,Saturday,advance
1 days,manchester piccadilly,liverpool lime street,Tuesday,advance
3 days,london paddington,reading,Thursday,advance
11 days,london st pancras,birmingham new street,Friday,advance
5 days,london kings cross,york,Saturday,advance
1 days,liverpool lime street,manchester piccadilly,Tuesday,advance
0 days,london paddington,reading,Monday,off-peak
0 days,london kings cross,york,Monday,off-peak
0 days,london euston,birmingham new street,Monday,off-peak
7 days,liverpool lime street,london st pancras,Monday,advance
24 days,london st pancras,birmingham new street,Thursday,advance
0 days,london euston,birmingham new street,Monday,off-peak
6 days,london euston,birmingham new street,Sunday,advance
1 days,liverpool lime street,manchester piccadilly,Tuesday,advance
1 days,london euston,birmingham new street,Tuesday,advance
8 days,london st pancras,birmingham new street,Tuesday,advance
0 days,manchester piccadilly,sheffield,Monday,off-peak
13 days,manchester piccadilly,liverpool lime street,Sunday,advance
1 days,london st pancras,birmingham new street,Tuesday,advance
1 days,london st pancras,birmingham new street,Tuesday,advance
5 days,london st pancras,birmingham new street,Saturday,advance
0 days,oxford,bristol temple meads,Monday,off-peak
6 days,manchester piccadilly,liverpool lime street,Sunday,advance
0 days,manchester piccadilly,liverpool lime street,Monday,off-peak
18 days,manchester piccadilly,liverpool lime street,Friday,advance
0 days,london paddington,reading,Monday,off-peak
20 days,london paddington,reading,Sunday,advance
21 days,london euston,birmingham new street,Monday,advance
0 days,london kings cross,york,Monday,off-peak
4 days,london kings cross,york,Friday,advance
0 days,manchester piccadilly,liverpool lime street,Monday,off-peak
2 days,london st pancras,birmingham new street,Wednesday,advance
16 days,manchester piccadilly,london st pancras,Wednesday,advance
1 days,london st pancras,birmingham new street,Tuesday,advance
3 days,london st pancras,birmingham new street,Thursday,advance
1 days,london st pancras,birmingham new street,Tuesday,advance
1 days,london st pancras,birmingham new street,Tuesday,advance
0 days,london st pancras,birmingham new street,Monday,off-peak
0 days,london st pancras,birmingham new street,Monday,off-peak
3 days,london euston,birmingham new street,Thursday,advance
22 days,london paddington,reading,Tuesday,advance
1 days,london paddington,reading,Tuesday,advance
7 days,london euston,manchester piccadilly,Monday,advance
14 days,london euston,manchester piccadilly,Monday,advance
0 days,london st pancras,birmingham new street,Monday,off-peak
18 days,london paddington,reading,Friday,advance
11 days,london st pancras,birmingham new street,Friday,advance
0 days,london st pancras,birmingham new street,Monday,off-peak
0 days,london st pancras,birmingham new street,Monday,anytime
6 days,london st pancras,birmingham new street,Sunday,advance
23 days,london kings cross,york,Wednesday,advance
19 days,manchester piccadilly,liverpool lime street,Saturday,advance
19 days,liverpool lime street,manchester piccadilly,Saturday,advance
1 days,london st pancras,birmingham new street,Tuesday,advance
0 days,birmingham new street,manchester piccadilly,Monday,anytime
0 days,london kings cross,york,Monday,anytime
1 days,birmingham new street,london st pancras,Tuesday,advance
6 days,liverpool lime street,manchester piccadilly,Sunday,advance
0 days,london st pancras,leicester,Monday,anytime
9 days,london euston,birmingham new street,Wednesday,advance
9 days,manchester piccadilly,liverpool lime street,Wednesday,advance
9 days,manchester piccadilly,liverpool lime street,Wednesday,advance
22 days,liverpool lime street,manchester piccadilly,Tuesday,advance
6 days,liverpool lime street,manchester piccadilly,Sunday,advance
0 days,london kings cross,york,Monday,anytime
0 days,london paddington,reading,Monday,anytime
6 days,london paddington,reading,Sunday,advance
1 days,london paddington,reading,Tuesday,advance
0 days,london euston,birmingham new street,Monday,anytime
0 days,london paddington,reading,Monday,anytime
0 days,london euston,birmingham new street,Monday,anytime
1 days,london paddington,reading,Tuesday,advance
1 days,london st pancras,birmingham new street,Tuesday,advance
18 days,manchester piccadilly,liverpool lime street,Friday,advance
0 days,london kings cross,york,Monday,anytime
10 days,manchester piccadilly,london euston,Thursday,advance
0 days,london euston,birmingham new street,Monday,anytime
23 days,edinburgh waverley,london kings cross,Wednesday,advance
0 days,london st pancras,birmingham new street,Monday,anytime
23 days,london paddington,reading,Wednesday,advance
16 days,london paddington,reading,Wednesday,advance
1 days,london st pancras,birmingham new street,Tuesday,advance
23 days,london euston,birmingham new street,Wednesday,advance
6 days,london paddington,reading,Sunday,advance
0 days,london kings cross,york,Monday,anytime
0 days,liverpool lime street,london euston,Monday,anytime
7 days,reading,london paddington,Monday,advance
5 days,london kings cross,york,Saturday,advance
0 days,manchester piccadilly,liverpool lime street,Monday,anytime
0 days,birmingham new street,tamworth,Monday,anytime
1 days,manchester piccadilly,liverpool lime street,Tuesday,advance
0 days,london st pancras,birmingham new street,Monday,anytime
23 days,london st pancras,birmingham new street,Wednesday,advance
0 days,london paddington,reading,Monday,anytime
0 days,birmingham new street,nuneaton,Monday,anytime
7 days,london euston,birmingham new street,Monday,advance
0 days,birmingham new street,tamworth,Monday,anytime
0 days,london euston,manchester piccadilly,Monday,anytime
0 days,manchester piccadilly,liverpool lime street,Monday,off-peak
1 days,london euston,birmingham new street,Tuesday,advance
1 days,london kings cross,york,Tuesday,advance
1 days,london euston,birmingham new street,Tuesday,advance
7 days,london euston,birmingham new street,Monday,advance
11 days,london euston,birmingham new street,Friday,advance
9 days,london euston,birmingham new street,Wednesday,advance
3 days,london kings cross,york,Thursday,advance
1 days,manchester piccadilly,liverpool lime street,Tuesday,advance
1 days,london kings cross,york,Tuesday,advance
9 days,london st pancras,leicester,Wednesday,advance
18 days,manchester piccadilly,liverpool lime street,Friday,advance
1 days,london euston,birmingham new street,Tuesday,advance
6 days,london kings cross,york,Sunday,advance
20 days,london st pancras,leicester,Sunday,advance
11 days,manchester piccadilly,london kings cross,Friday,advance
3 days,liverpool lime street,london euston,Thursday,advance
1 days,manchester piccadilly,london euston,Tuesday,advance
1 days,manchester piccadilly,london euston,Tuesday,advance
0 days,london euston,birmingham new street,Monday,off-peak
1 days,london euston,birmingham new street,Tuesday,advance
0 days,london paddington,reading,Monday,off-peak
0 days,birmingham new street,london euston,Monday,off-peak
13 days,liverpool lime street,manchester piccadilly,Sunday,advance
1 days,london kings cross,york,Tuesday,advance
0 days,london st pancras,birmingham new street,Monday,off-peak
1 days,manchester piccadilly,liverpool lime street,Tuesday,advance
3 days,liverpool lime street,manchester piccadilly,Thursday,advance
22 days,birmingham new street,london st pancras,Tuesday,advance
20 days,london euston,birmingham new street,Sunday,advance
15 days,london st pancras,birmingham new street,Tuesday,advance
1 days,manchester piccadilly,liverpool lime street,Tuesday,advance
9 days,manchester piccadilly,liverpool lime street,Wednesday,advance
0 days,london euston,birmingham new street,Monday,off-peak
1 days,london st pancras,birmingham new street,Tuesday,advance
9 days,london euston,birmingham new street,Wednesday,advance
1 days,manchester piccadilly,liverpool lime street,Tuesday,advance
12 days,reading,swindon,Saturday,advance
23 days,london st pancras,leicester,Wednesday,advance
1 days,manchester piccadilly,liverpool lime street,Tuesday,advance
1 days,london euston,birmingham new street,Tuesday,advance
12 days,london euston,birmingham new street,Saturday,advance
4 days,manchester piccadilly,liverpool lime street,Friday,advance
0 days,london euston,birmingham new street,Monday,off-peak
1 days,manchester piccadilly,liverpool lime street,Tuesday,advance
19 days,manchester piccadilly,liverpool lime street,Saturday,advance
14 days,manchester piccadilly,liverpool lime street,Monday,advance
6 days,london paddington,reading,Sunday,advance
1 days,london st pancras,birmingham new street,Tuesday,advance
12 days,liverpool lime street,manchester piccadilly,Saturday,advance
14 days,liverpool lime street,manchester piccadilly,Monday,advance
1 days,london euston,birmingham new street,Tuesday,advance
1 days,liverpool lime street,london euston,Tuesday,advance
8 days,london paddington,reading,Tuesday,advance
19 days,liverpool lime street,manchester piccadilly,Saturday,advance
23 days,london paddington,reading,Wednesday,advance
16 days,london st pancras,birmingham new street,Wednesday,advance
1 days,manchester piccadilly,liverpool lime street,Tuesday,advance
20 days,london st pancras,birmingham new street,Sunday,advance
12 days,london st pancras,birmingham new street,Saturday,advance
1 days,london st pancras,birmingham new street,Tuesday,advance
10 days,london st pancras,birmingham new street,Thursday,advance
1 days,reading,didcot,Tuesday,advance
15 days,london st pancras,birmingham new street,Tuesday,advance
1 days,birmingham new street,stafford,Tuesday,advance
1 days,birmingham new street,nuneaton,Tuesday,advance
1 days,birmingham new street,tamworth,Tuesday,advance
1 days,london st pancras,birmingham new street,Tuesday,advance
23 days,birmingham new street,tamworth,Wednesday,advance
1 days,london st pancras,birmingham new street,Tuesday,advance
9 days,london st pancras,birmingham new street,Wednesday,advance
22 days,london kings cross,york,Tuesday,advance
11 days,liverpool lime street,crewe,Friday,advance
8 days,birmingham new street,tamworth,Tuesday,advance
7 days,london kings cross,york,Monday,advance
1 days,york,edinburgh,Tuesday,advance
2 days,manchester piccadilly,liverpool lime street,Wednesday,advance
0 days,london paddington,reading,Monday,off-peak
1 days,manchester piccadilly,liverpool lime street,Tuesday,advance
3 days,london kings cross,york,Thursday,advance
5 days,london kings cross,york,Saturday,advance
6 days,birmingham new street,london euston,Sunday,advance
1 days,london paddington,reading,Tuesday,advance
1 days,london st pancras,birmingham new street,Tuesday,advance
10 days,london st pancras,birmingham new street,Thursday,advance
1 days,manchester piccadilly,liverpool lime street,Tuesday,advance
12 days,london paddington,reading,Saturday,advance
1 days,london euston,manchester piccadilly,Tuesday,advance
1 days,london euston,birmingham new street,Tuesday,advance
1 days,liverpool lime street,manchester piccadilly,Tuesday,advance
1 days,manchester piccadilly,liverpool lime street,Tuesday,advance
1 days,london euston,birmingham new street,Tuesday,advance
24 days,london euston,birmingham new street,Thursday,advance
1 days,london paddington,reading,Tuesday,advance
1 days,manchester piccadilly,leeds,Tuesday,advance
1 days,liverpool lime street,manchester piccadilly,Tuesday,advance
1 days,london euston,manchester piccadilly,Tuesday,advance
11 days,birmingham new street,liverpool lime street,Friday,advance
1 days,manchester piccadilly,leeds,Tuesday,advance
19 days,london paddington,reading,Saturday,advance
18 days,liverpool lime street,manchester piccadilly,Friday,advance
1 days,london paddington,reading,Tuesday,advance
4 days,london paddington,reading,Friday,advance
1 days,london euston,manchester piccadilly,Wednesday,advance
21 days,oxford,bristol temple meads,Tuesday,advance
0 days,liverpool lime street,manchester piccadilly,Tuesday,off-peak
0 days,liverpool lime street,manchester piccadilly,Tuesday,off-peak
3 days,london kings cross,edinburgh waverley,Friday,advance
0 days,london kings cross,york,Tuesday,off-peak
19 days,liverpool lime street,london euston,Sunday,advance
1 days,york,durham,Wednesday,advance
0 days,york,durham,Tuesday,off-peak
16 days,london kings cross,york,Thursday,advance
21 days,london paddington,reading,Tuesday,advance
1 days,york,durham,Wednesday,advance
0 days,london euston,birmingham new street,Tuesday,off-peak
16 days,london st pancras,birmingham new street,Thursday,advance
1 days,liverpool lime street,manchester piccadilly,Wednesday,advance
10 days,liverpool lime street,manchester piccadilly,Friday,advance
2 days,york,durham,Thursday,advance
11 days,manchester piccadilly,liverpool lime street,Saturday,advance
14 days,manchester piccadilly,liverpool lime street,Tuesday,advance
1 days,liverpool lime street,manchester piccadilly,Wednesday,advance
11 days,liverpool lime street,manchester piccadilly,Saturday,advance
2 days,london kings cross,york,Thursday,advance
18 days,london kings cross,york,Saturday,advance
1 days,liverpool lime street,manchester piccadilly,Wednesday,advance
0 days,london euston,birmingham new street,Tuesday,off-peak
1 days,london kings cross,york,Wednesday,advance
22 days,liverpool lime street,manchester piccadilly,Wednesday,advance
1 days,london euston,birmingham new street,Wednesday,advance
0 days,birmingham new street,london st pancras,Tuesday,off-peak
0 days,birmingham new street,london st pancras,Tuesday,off-peak
0 days,london paddington,reading,Tuesday,off-peak
0 days,london kings cross,york,Tuesday,off-peak
0 days,birmingham new street,london st pancras,Tuesday,off-peak
16 days,liverpool lime street,london euston,Thursday,advance
0 days,liverpool lime street,manchester piccadilly,Tuesday,off-peak
3 days,manchester piccadilly,nottingham,Friday,advance
0 days,london kings cross,york,Tuesday,off-peak
0 days,manchester piccadilly,liverpool lime street,Tuesday,off-peak
2 days,manchester piccadilly,london paddington,Thursday,advance
5 days,london st pancras,birmingham new street,Sunday,advance
9 days,london paddington,reading,Thursday,advance
1 days,manchester piccadilly,nottingham,Wednesday,advance
1 days,london euston,birmingham new street,Wednesday,advance
9 days,london euston,birmingham new street,Thursday,advance
1 days,london euston,birmingham new street,Wednesday,advance
1 days,london euston,birmingham new street,Wednesday,advance
1 days,liverpool lime street,manchester piccadilly,Wednesday,advance
1 days,manchester piccadilly,liverpool lime street,Wednesday,advance
0 days,london st pancras,birmingham new street,Tuesday,off-peak
23 days,london kings cross,york,Thursday,advance
0 days,london paddington,reading,Tuesday,anytime
0 days,london kings cross,york,Tuesday,anytime
1 days,manchester piccadilly,liverpool lime street,Wednesday,advance
0 days,london paddington,reading,Tuesday,anytime
0 days,manchester piccadilly,liverpool lime street,Tuesday,anytime
0 days,manchester piccadilly,liverpool lime street,Tuesday,anytime
0 days,london paddington,reading,Tuesday,anytime
0 days,manchester piccadilly,liverpool lime street,Tuesday,anytime
0 days,london paddington,reading,Tuesday,anytime
0 days,london kings cross,york,Tuesday,anytime
0 days,manchester piccadilly,liverpool lime street,Tuesday,anytime
0 days,london kings cross,york,Tuesday,anytime
23 days,manchester piccadilly,london euston,Thursday,advance
0 days,birmingham new street,london st pancras,Tuesday,anytime
0 days,london euston,manchester piccadilly,Tuesday,anytime
4 days,liverpool lime street,manchester piccadilly,Saturday,advance
0 days,london euston,birmingham new street,Tuesday,anytime
0 days,london euston,birmingham new street,Tuesday,anytime
0 days,birmingham new street,london st pancras,Tuesday,anytime
0 days,birmingham new street,stafford,Tuesday,anytime
1 days,london kings cross,york,Wednesday,advance
5 days,london euston,birmingham new street,Sunday,advance
15 days,york,birmingham new street,Wednesday,advance
0 days,london paddington,reading,Tuesday,anytime
21 days,liverpool lime street,manchester piccadilly,Tuesday,advance
11 days,london paddington,reading,Saturday,advance
21 days,manchester piccadilly,liverpool lime street,Tuesday,advance
2 days,liverpool lime street,manchester piccadilly,Thursday,advance
4 days,london st pancras,birmingham new street,Saturday,advance
0 days,london kings cross,york,Tuesday,anytime
0 days,reading,swindon,Tuesday,anytime
3 days,london st pancras,birmingham new street,Friday,advance
0 days,london st pancras,birmingham new street,Tuesday,anytime
0 days,london kings cross,york,Tuesday,anytime
0 days,london paddington,london waterloo,Tuesday,anytime
0 days,london kings cross,york,Tuesday,anytime
0 days,london st pancras,birmingham new street,Tuesday,anytime
0 days,liverpool lime street,london euston,Tuesday,anytime
0 days,liverpool lime street,london euston,Tuesday,anytime
0 days,liverpool lime street,london euston,Tuesday,anytime
0 days,liverpool lime street,london euston,Tuesday,anytime
0 days,liverpool lime street,london euston,Tuesday,anytime
0 days,liverpool lime street,london euston,Tuesday,anytime
0 days,manchester piccadilly,london euston,Tuesday,anytime
13 days,london kings cross,york,Monday,advance
11 days,london kings cross,york,Saturday,advance
0 days,london st pancras,birmingham new street,Tuesday,anytime
1 days,london euston,birmingham new street,Wednesday,advance
16 days,london st pancras,birmingham new street,Thursday,advance
0 days,london euston,birmingham new street,Tuesday,anytime
2 days,birmingham new street,london st pancras,Thursday,advance
0 days,london kings cross,york,Tuesday,anytime
0 days,london paddington,oxford,Tuesday,anytime
1 days,london kings cross,york,Wednesday,advance
0 days,london st pancras,birmingham new street,Tuesday,off-peak
0 days,manchester piccadilly,liverpool lime street,Tuesday,off-peak
0 days,manchester piccadilly,liverpool lime street,Tuesday,off-peak
0 days,london kings cross,edinburgh waverley,Tuesday,anytime
4 days,liverpool lime street,crewe,Saturday,advance
1 days,manchester piccadilly,liverpool lime street,Wednesday,advance
0 days,london paddington,reading,Tuesday,off-peak
9 days,london kings cross,york,Thursday,advance
8 days,london paddington,reading,Wednesday,advance
15 days,manchester piccadilly,liverpool lime street,Wednesday,advance
12 days,london kings cross,york,Sunday,advance
15 days,london kings cross,york,Wednesday,advance
19 days,london kings cross,york,Sunday,advance
4 days,london kings cross,york,Saturday,advance
1 days,york,peterborough,Wednesday,advance
20 days,london kings cross,york,Monday,advance
1 days,birmingham new street,london st pancras,Wednesday,advance
4 days,birmingham new street,london st pancras,Saturday,advance
1 days,birmingham new street,london st pancras,Wednesday,advance
6 days,london euston,manchester piccadilly,Monday,advance
1 days,london st pancras,wolverhampton,Wednesday,advance
10 days,reading,london paddington,Friday,advance
1 days,london kings cross,york,Wednesday,advance
19 days,london euston,manchester piccadilly,Sunday,advance
17 days,london st pancras,birmingham new street,Friday,advance
1 days,london st pancras,birmingham new street,Wednesday,advance
14 days,london euston,birmingham new street,Tuesday,advance
2 days,birmingham new street,stafford,Thursday,advance
1 days,london euston,birmingham new street,Wednesday,advance
20 days,manchester piccadilly,liverpool lime street,Monday,advance
23 days,birmingham new street,london euston,Thursday,advance
19 days,york,doncaster,Sunday,advance
14 days,london paddington,reading,Tuesday,advance
22 days,london paddington,reading,Wednesday,advance
3 days,manchester piccadilly,liverpool lime street,Friday,advance
13 days,london paddington,oxford,Monday,advance
1 days,london paddington,reading,Wednesday,advance
12 days,london paddington,oxford,Sunday,advance
14 days,london paddington,reading,Tuesday,advance
6 days,london paddington,reading,Monday,advance
3 days,london paddington,reading,Friday,advance
15 days,liverpool lime street,manchester piccadilly,Wednesday,advance
17 days,liverpool lime street,manchester piccadilly,Friday,advance
19 days,birmingham new street,london st pancras,Sunday,advance
2 days,manchester piccadilly,liverpool lime street,Thursday,advance
4 days,liverpool lime street,manchester piccadilly,Saturday,advance
1 days,london paddington,london waterloo,Wednesday,advance
1 days,london kings cross,york,Wednesday,advance
2 days,liverpool lime street,manchester piccadilly,Thursday,advance
22 days,london kings cross,york,Wednesday,advance
14 days,london kings cross,york,Tuesday,advance
14 days,london kings cross,york,Tuesday,advance
3 days,york,peterborough,Friday,advance
2 days,london kings cross,york,Thursday,advance
1 days,london paddington,london waterloo,Wednesday,advance
1 days,london euston,birmingham new street,Wednesday,advance
3 days,reading,swindon,Friday,advance
13 days,reading,swindon,Monday,advance
19 days,london kings cross,york,Sunday,advance
8 days,london kings cross,york,Wednesday,advance
0 days,london st pancras,birmingham new street,Tuesday,off-peak
4 days,liverpool lime street,london euston,Saturday,advance
19 days,liverpool lime street,london euston,Sunday,advance
3 days,liverpool lime street,london euston,Friday,advance
1 days,london st pancras,birmingham new street,Wednesday,advance
12 days,liverpool lime street,london euston,Sunday,advance
1 days,london euston,manchester piccadilly,Wednesday,advance
17 days,liverpool lime street,london euston,Friday,advance
1 days,liverpool lime street,london euston,Wednesday,advance
1 days,london kings cross,york,Wednesday,advance
23 days,liverpool lime street,london euston,Thursday,advance
23 days,liverpool lime street,london euston,Thursday,advance
1 days,liverpool lime street,london euston,Wednesday,advance
19 days,reading,oxford,Sunday,advance
8 days,london st pancras,birmingham new street,Wednesday,advance
13 days,liverpool lime street,london euston,Monday,advance
15 days,oxford,bristol temple meads,Wednesday,advance
6 days,manchester piccadilly,london euston,Monday,advance
13 days,manchester piccadilly,sheffield,Monday,advance
1 days,london st pancras,birmingham new street,Wednesday,advance
6 days,london kings cross,york,Monday,advance
11 days,london euston,birmingham new street,Saturday,advance
17 days,london euston,birmingham new street,Friday,advance
0 days,london st pancras,birmingham new street,Tuesday,off-peak
1 days,london paddington,reading,Wednesday,advance
1 days,london paddington,reading,Wednesday,advance
1 days,london euston,birmingham new street,Wednesday,advance
5 days,manchester piccadilly,liverpool lime street,Sunday,advance
9 days,london paddington,reading,Thursday,advance
7 days,london kings cross,york,Tuesday,advance
13 days,london kings cross,york,Monday,advance
0 days,london st pancras,birmingham new street,Tuesday,off-peak
6 days,london kings cross,york,Monday,advance
10 days,london paddington,reading,Friday,advance
0 days,birmingham new street,manchester piccadilly,Tuesday,off-peak
0 days,london kings cross,york,Tuesday,off-peak
2 days,manchester piccadilly,liverpool lime street,Thursday,advance
19 days,manchester piccadilly,liverpool lime street,Sunday,advance
11 days,london kings cross,liverpool lime street,Saturday,advance
0 days,liverpool lime street,manchester piccadilly,Tuesday,off-peak
15 days,london paddington,reading,Wednesday,advance
2 days,london euston,birmingham new street,Thursday,advance
2 days,london euston,birmingham new street,Thursday,advance
3 days,liverpool lime street,manchester piccadilly,Friday,advance
15 days,london kings cross,york,Wednesday,advance
16 days,manchester piccadilly,liverpool lime street,Thursday,advance
0 days,london kings cross,york,Tuesday,off-peak
1 days,liverpool lime street,manchester piccadilly,Wednesday,advance
1 days,birmingham new street,manchester piccadilly,Wednesday,advance
0 days,manchester piccadilly,liverpool lime street,Tuesday,off-peak
7 days,liverpool lime street,manchester piccadilly,Tuesday,advance
0 days,manchester piccadilly,liverpool lime street,Tuesday,off-peak
13 days,birmingham new street,manchester piccadilly,Monday,advance
2 days,manchester piccadilly,sheffield,Thursday,advance
0 days,london paddington,reading,Tuesday,off-peak
15 days,manchester piccadilly,liverpool lime street,Wednesday,advance
6 days,london euston,birmingham new street,Monday,advance
1 days,york,edinburgh,Wednesday,advance
20 days,london st pancras,birmingham new street,Monday,advance
22 days,london st pancras,birmingham new street,Wednesday,advance
6 days,london st pancras,birmingham new street,Monday,advance
13 days,london st pancras,birmingham new street,Monday,advance
1 days,london st pancras,birmingham new street,Wednesday,advance
14 days,manchester piccadilly,liverpool lime street,Tuesday,advance
14 days,london euston,birmingham new street,Tuesday,advance
0 days,london paddington,reading,Tuesday,off-peak
1 days,manchester piccadilly,liverpool lime street,Wednesday,advance
4 days,manchester piccadilly,liverpool lime street,Saturday,advance
1 days,london st pancras,birmingham new street,Wednesday,advance
0 days,london paddington,reading,Tuesday,off-peak
1 days,london st pancras,birmingham new street,Wednesday,advance
22 days,manchester piccadilly,liverpool lime street,Wednesday,advance
0 days,london st pancras,birmingham new street,Tuesday,off-peak
16 days,manchester piccadilly,liverpool lime street,Thursday,advance
5 days,london st pancras,birmingham new street,Sunday,advance
18 days,london paddington,reading,Saturday,advance
18 days,london paddington,reading,Saturday,advance
0 days,london paddington,reading,Tuesday,off-peak
22 days,london euston,manchester piccadilly,Wednesday,advance
1 days,london paddington,reading,Wednesday,advance
0 days,london st pancras,birmingham new street,Tuesday,off-peak
0 days,london euston,birmingham new street,Tuesday,anytime
0 days,london euston,birmingham new street,Tuesday,anytime
15 days,london kings cross,york,Wednesday,advance
10 days,london kings cross,york,Friday,advance
15 days,manchester piccadilly,liverpool lime street,Wednesday,advance
3 days,york,edinburgh waverley,Friday,advance
0 days,birmingham new street,manchester piccadilly,Tuesday,anytime
1 days,liverpool lime street,london euston,Wednesday,advance
5 days,manchester piccadilly,liverpool lime street,Sunday,advance
0 days,london euston,birmingham new street,Tuesday,anytime
0 days,liverpool lime street,sheffield,Tuesday,anytime
0 days,manchester piccadilly,liverpool lime street,Tuesday,anytime
0 days,london euston,birmingham new street,Tuesday,anytime
1 days,liverpool lime street,manchester piccadilly,Wednesday,advance
0 days,birmingham new street,stafford,Tuesday,anytime
0 days,manchester piccadilly,liverpool lime street,Tuesday,anytime
0 days,london kings cross,york,Tuesday,anytime
0 days,london kings cross,york,Tuesday,anytime
0 days,london euston,birmingham new street,Tuesday,anytime
0 days,london paddington,reading,Tuesday,anytime
0 days,london kings cross,york,Tuesday,anytime
19 days,liverpool lime street,manchester piccadilly,Sunday,advance
0 days,manchester piccadilly,liverpool lime street,Tuesday,anytime
1 days,london kings cross,york,Wednesday,advance
1 days,york,edinburgh,Wednesday,advance
7 days,liverpool lime street,manchester piccadilly,Tuesday,advance
4 days,london st pancras,birmingham new street,Saturday,advance
0 days,london paddington,reading,Tuesday,anytime
3 days,london paddington,reading,Friday,advance
0 days,birmingham new street,york,Tuesday,anytime
0 days,liverpool lime street,manchester piccadilly,Tuesday,anytime
1 days,london paddington,reading,Wednesday,advance
12 days,london euston,birmingham new street,Sunday,advance
0 days,london euston,manchester piccadilly,Tuesday,anytime
1 days,london euston,birmingham new street,Wednesday,advance
0 days,liverpool lime street,crewe,Tuesday,anytime
0 days,london st pancras,birmingham new street,Tuesday,anytime
17 days,york,edinburgh,Friday,advance
0 days,manchester piccadilly,liverpool lime street,Tuesday,anytime
1 days,manchester piccadilly,liverpool lime street,Wednesday,advance
0 days,london st pancras,birmingham new street,Tuesday,anytime
1 days,birmingham new street,liverpool lime street,Wednesday,advance
0 days,liverpool lime street,crewe,Tuesday,anytime
0 days,liverpool lime street,crewe,Tuesday,anytime
1 days,birmingham new street,liverpool lime street,Wednesday,advance
0 days,london st pancras,wolverhampton,Tuesday,anytime
0 days,london st pancras,wolverhampton,Tuesday,anytime
1 days,manchester piccadilly,liverpool lime street,Wednesday,advance
5 days,manchester piccadilly,liverpool lime street,Sunday,advance
1 days,london kings cross,york,Wednesday,advance
1 days,london euston,birmingham new street,Wednesday,advance
4 days,london euston,birmingham new street,Saturday,advance
2 days,london euston,birmingham new street,Thursday,advance
4 days,london euston,birmingham new street,Saturday,advance
23 days,london euston,birmingham new street,Thursday,advance
12 days,london st pancras,leicester,Sunday,advance
1 days,birmingham new street,manchester piccadilly,Wednesday,advance
1 days,london paddington,reading,Wednesday,advance
16 days,manchester piccadilly,liverpool lime street,Thursday,advance
6 days,london paddington,reading,Monday,advance
13 days,liverpool lime street,manchester piccadilly,Monday,advance
10 days,london st pancras,leicester,Friday,advance
1 days,liverpool lime street,london euston,Wednesday,advance
1 days,liverpool lime street,leeds,Wednesday,advance
1 days,manchester piccadilly,liverpool lime street,Wednesday,advance
21 days,london kings cross,york,Tuesday,advance
0 days,manchester piccadilly,liverpool lime street,Tuesday,off-peak
11 days,liverpool lime street,london euston,Saturday,advance
1 days,liverpool lime street,manchester piccadilly,Wednesday,advance
3 days,london paddington,reading,Friday,advance
7 days,london st pancras,birmingham new street,Tuesday,advance
9 days,manchester piccadilly,liverpool lime street,Thursday,advance
2 days,london st pancras,birmingham new street,Thursday,advance
1 days,london kings cross,york,Wednesday,advance
1 days,liverpool lime street,manchester piccadilly,Wednesday,advance
14 days,birmingham new street,london st pancras,Tuesday,advance
16 days,manchester piccadilly,liverpool lime street,Thursday,advance
1 days,london euston,birmingham new street,Wednesday,advance
1 days,london st pancras,birmingham new street,Wednesday,advance
9 days,manchester piccadilly,liverpool lime street,Thursday,advance
3 days,manchester piccadilly,liverpool lime street,Friday,advance
10 days,london st pancras,birmingham new street,Friday,advance
18 days,london euston,birmingham new street,Saturday,advance
5 days,london st pancras,birmingham new street,Sunday,advance
1 days,london euston,birmingham new street,Wednesday,advance
1 days,manchester piccadilly,liverpool lime street,Wednesday,advance
1 days,london st pancras,birmingham new street,Wednesday,advance
16 days,manchester piccadilly,liverpool lime street,Thursday,advance
7 days,manchester piccadilly,liverpool lime street,Tuesday,advance
1 days,manchester piccadilly,liverpool lime street,Wednesday,advance
1 days,manchester piccadilly,liverpool lime street,Wednesday,advance
0 days,london euston,birmingham new street,Tuesday,off-peak
7 days,manchester piccadilly,liverpool lime street,Tuesday,advance
1 days,london st pancras,birmingham new street,Wednesday,advance
1 days,liverpool lime street,london euston,Wednesday,advance
5 days,liverpool lime street,manchester piccadilly,Sunday,advance
6 days,liverpool lime street,manchester piccadilly,Monday,advance
1 days,london euston,birmingham new street,Wednesday,advance
14 days,birmingham new street,york,Tuesday,advance
1 days,london kings cross,york,Wednesday,advance
1 days,birmingham new street,york,Wednesday,advance
13 days,liverpool lime street,london euston,Monday,advance
12 days,birmingham new street,nuneaton,Sunday,advance
3 days,london paddington,reading,Friday,advance
22 days,london euston,manchester piccadilly,Wednesday,advance
19 days,london st pancras,birmingham new street,Sunday,advance
14 days,birmingham new street,nuneaton,Tuesday,advance
9 days,london paddington,reading,Thursday,advance
9 days,birmingham new street,tamworth,Thursday,advance
17 days,london st pancras,birmingham new street,Friday,advance
1 days,london kings cross,york,Wednesday,advance
8 days,london paddington,reading,Wednesday,advance
10 days,manchester piccadilly,liverpool lime street,Friday,advance
20 days,london st pancras,birmingham new street,Monday,advance
1 days,london st pancras,birmingham new street,Wednesday,advance
5 days,london kings cross,york,Sunday,advance
11 days,london kings cross,york,Saturday,advance
1 days,manchester piccadilly,liverpool lime street,Wednesday,advance
19 days,london kings cross,york,Sunday,advance
21 days,birmingham new street,stafford,Tuesday,advance
1 days,london euston,manchester piccadilly,Wednesday,advance
2 days,manchester piccadilly,liverpool lime street,Thursday,advance
1 days,london st pancras,wolverhampton,Wednesday,advance
20 days,birmingham new street,nuneaton,Monday,advance
2 days,birmingham new street,nuneaton,Thursday,advance
13 days,london st pancras,birmingham new street,Monday,advance
1 days,birmingham new street,stafford,Wednesday,advance
16 days,york,peterborough,Thursday,advance
1 days,manchester piccadilly,liverpool lime street,Wednesday,advance
6 days,london st pancras,birmingham new street,Monday,advance
21 days,liverpool lime street,leeds,Tuesday,advance
9 days,london st pancras,birmingham new street,Thursday,advance
0 days,london paddington,reading,Tuesday,off-peak
18 days,york,edinburgh,Saturday,advance
0 days,london st pancras,birmingham new street,Tuesday,off-peak
8 days,london kings cross,york,Wednesday,advance
1 days,london st pancras,birmingham new street,Wednesday,advance
1 days,london paddington,reading,Wednesday,advance
10 days,london paddington,reading,Friday,advance
4 days,london euston,birmingham new street,Saturday,advance
1 days,london paddington,reading,Wednesday,advance
14 days,london paddington,reading,Tuesday,advance
10 days,london euston,manchester piccadilly,Friday,advance
15 days,manchester piccadilly,sheffield,Wednesday,advance
14 days,oxford,bristol temple meads,Tuesday,advance
10 days,manchester piccadilly,liverpool lime street,Friday,advance
1 days,liverpool lime street,manchester piccadilly,Wednesday,advance
1 days,london euston,birmingham new street,Wednesday,advance
15 days,london euston,birmingham new street,Wednesday,advance
12 days,london euston,birmingham new street,Sunday,advance
20 days,london paddington,reading,Monday,advance
1 days,liverpool lime street,manchester piccadilly,Wednesday,advance
11 days,london euston,birmingham new street,Saturday,advance
4 days,liverpool lime street,manchester piccadilly,Saturday,advance
1 days,liverpool lime street,manchester piccadilly,Wednesday,advance
15 days,london euston,birmingham new street,Wednesday,advance
4 days,london paddington,reading,Saturday,advance
1 days,london kings cross,york,Wednesday,advance
1 days,liverpool lime street,leeds,Wednesday,advance
23 days,london euston,manchester piccadilly,Thursday,advance
16 days,london kings cross,york,Thursday,advance
12 days,london kings cross,york,Sunday,advance
21 days,london euston,manchester piccadilly,Tuesday,advance
21 days,london paddington,reading,Tuesday,advance
16 days,york,edinburgh,Friday,advance
6 days,manchester piccadilly,london euston,Tuesday,advance
4 days,oxford,bristol temple meads,Sunday,advance
1 days,liverpool lime street,manchester piccadilly,Thursday,advance
0 days,liverpool lime street,manchester piccadilly,Wednesday,off-peak
0 days,liverpool lime street,leeds,Wednesday,off-peak
2 days,london kings cross,edinburgh waverley,Friday,advance
15 days,london kings cross,edinburgh waverley,Thursday,advance
0 days,liverpool lime street,manchester piccadilly,Wednesday,off-peak
1 days,london euston,birmingham new street,Thursday,advance
10 days,london paddington,reading,Saturday,advance
0 days,london paddington,reading,Wednesday,off-peak
0 days,liverpool lime street,london paddington,Wednesday,off-peak
19 days,liverpool lime street,manchester piccadilly,Monday,advance
1 days,liverpool lime street,manchester piccadilly,Thursday,advance
8 days,manchester piccadilly,london euston,Thursday,advance
5 days,birmingham new street,london st pancras,Monday,advance
1 days,birmingham new street,london st pancras,Thursday,advance
8 days,liverpool lime street,manchester piccadilly,Thursday,advance
19 days,london euston,birmingham new street,Monday,advance
0 days,london euston,birmingham new street,Wednesday,off-peak
4 days,london paddington,reading,Sunday,advance
0 days,london euston,birmingham new street,Wednesday,off-peak
0 days,liverpool lime street,manchester piccadilly,Wednesday,off-peak
21 days,york,durham,Wednesday,advance
0 days,london kings cross,york,Wednesday,off-peak
1 days,york,durham,Thursday,advance
1 days,liverpool lime street,london euston,Thursday,advance
4 days,york,durham,Sunday,advance
1 days,london st pancras,birmingham new street,Thursday,advance
1 days,york,durham,Thursday,advance
8 days,london st pancras,birmingham new street,Thursday,advance
18 days,london st pancras,birmingham new street,Sunday,advance
16 days,liverpool lime street,manchester piccadilly,Friday,advance
1 days,london paddington,reading,Thursday,advance
0 days,london euston,birmingham new street,Wednesday,off-peak
22 days,liverpool lime street,manchester piccadilly,Thursday,advance
0 days,london euston,manchester piccadilly,Wednesday,off-peak
0 days,manchester piccadilly,liverpool lime street,Wednesday,anytime
0 days,manchester piccadilly,liverpool lime street,Wednesday,anytime
0 days,manchester piccadilly,liverpool lime street,Wednesday,anytime
0 days,london paddington,reading,Wednesday,anytime
0 days,london euston,manchester piccadilly,Wednesday,anytime
21 days,manchester piccadilly,london euston,Wednesday,advance
0 days,york,doncaster,Wednesday,anytime
0 days,reading,london paddington,Wednesday,anytime
0 days,london euston,manchester piccadilly,Wednesday,anytime
0 days,london st pancras,birmingham new street,Wednesday,anytime
0 days,london st pancras,birmingham new street,Wednesday,anytime
0 days,liverpool lime street,manchester piccadilly,Wednesday,anytime
0 days,london st pancras,birmingham new street,Wednesday,anytime
0 days,london paddington,reading,Wednesday,anytime
1 days,london kings cross,york,Thursday,advance
19 days,manchester piccadilly,liverpool lime street,Monday,advance
7 days,liverpool lime street,manchester piccadilly,Wednesday,advance
17 days,liverpool lime street,manchester piccadilly,Saturday,advance
21 days,london euston,birmingham new street,Wednesday,advance
10 days,london euston,birmingham new street,Saturday,advance
0 days,london kings cross,york,Wednesday,off-peak
16 days,london euston,birmingham new street,Friday,advance
10 days,london euston,birmingham new street,Saturday,advance
15 days,london paddington,reading,Thursday,advance
22 days,liverpool lime street,manchester piccadilly,Thursday,advance
1 days,london st pancras,birmingham new street,Thursday,advance
0 days,liverpool lime street,crewe,Wednesday,anytime
16 days,london st pancras,birmingham new street,Friday,advance
0 days,london kings cross,york,Wednesday,anytime
8 days,birmingham new street,london st pancras,Thursday,advance
14 days,liverpool lime street,manchester piccadilly,Wednesday,advance
18 days,birmingham new street,london st pancras,Sunday,advance
0 days,york,peterborough,Wednesday,anytime
0 days,london kings cross,york,Wednesday,anytime
0 days,reading,swindon,Wednesday,anytime
0 days,london st pancras,birmingham new street,Wednesday,anytime
5 days,liverpool lime street,sheffield,Monday,advance
0 days,liverpool lime street,london euston,Wednesday,anytime
1 days,liverpool lime street,manchester piccadilly,Thursday,advance
0 days,liverpool lime street,london euston,Wednesday,anytime
0 days,liverpool lime street,london euston,Wednesday,anytime
8 days,london kings cross,liverpool lime street,Thursday,advance
11 days,london paddington,reading,Sunday,advance
0 days,london kings cross,york,Wednesday,anytime
1 days,london euston,birmingham new street,Thursday,advance
0 days,london kings cross,york,Wednesday,anytime
0 days,london paddington,oxford,Wednesday,anytime
6 days,london kings cross,liverpool lime street,Tuesday,advance
0 days,london paddington,oxford,Wednesday,anytime
0 days,london paddington,oxford,Wednesday,anytime
0 days,london paddington,reading,Wednesday,anytime
0 days,london paddington,oxford,Wednesday,anytime
0 days,london paddington,reading,Wednesday,off-peak
1 days,london paddington,reading,Thursday,advance
2 days,manchester piccadilly,liverpool lime street,Friday,advance
18 days,manchester piccadilly,liverpool lime street,Sunday,advance
0 days,london kings cross,edinburgh waverley,Wednesday,anytime
7 days,manchester piccadilly,liverpool lime street,Wednesday,advance
1 days,london paddington,reading,Thursday,advance
18 days,manchester piccadilly,liverpool lime street,Sunday,advance
19 days,london paddington,reading,Monday,advance
8 days,manchester piccadilly,liverpool lime street,Thursday,advance
18 days,manchester piccadilly,liverpool lime street,Sunday,advance
19 days,liverpool lime street,crewe,Monday,advance
7 days,london kings cross,york,Wednesday,advance
1 days,manchester piccadilly,liverpool lime street,Thursday,advance
17 days,london kings cross,york,Saturday,advance
17 days,london paddington,reading,Saturday,advance
1 days,london kings cross,york,Thursday,advance
2 days,london kings cross,york,Friday,advance
1 days,london paddington,reading,Thursday,advance
1 days,london euston,manchester piccadilly,Thursday,advance
1 days,london euston,manchester piccadilly,Thursday,advance
19 days,birmingham new street,nuneaton,Monday,advance
16 days,london kings cross,york,Friday,advance
3 days,london st pancras,birmingham new street,Saturday,advance
11 days,birmingham new street,london st pancras,Sunday,advance
13 days,birmingham new street,london paddington,Tuesday,advance
2 days,birmingham new street,london st pancras,Friday,advance
17 days,london euston,birmingham new street,Saturday,advance
3 days,london euston,manchester piccadilly,Saturday,advance
13 days,london euston,manchester piccadilly,Tuesday,advance
21 days,birmingham new street,london st pancras,Wednesday,advance
8 days,london euston,birmingham new street,Thursday,advance
19 days,birmingham new street,london st pancras,Monday,advance
15 days,reading,london paddington,Thursday,advance
13 days,birmingham new street,nuneaton,Tuesday,advance
11 days,london euston,birmingham new street,Sunday,advance
5 days,liverpool lime street,manchester piccadilly,Monday,advance
1 days,liverpool lime street,manchester piccadilly,Thursday,advance
14 days,london paddington,oxford,Wednesday,advance
11 days,london paddington,reading,Sunday,advance
17 days,london paddington,oxford,Saturday,advance
1 days,london paddington,oxford,Thursday,advance
9 days,london st pancras,birmingham new street,Friday,advance
1 days,london kings cross,york,Thursday,advance
9 days,london paddington,reading,Friday,advance
8 days,london paddington,reading,Thursday,advance
19 days,london paddington,reading,Monday,advance
13 days,london paddington,oxford,Tuesday,advance
10 days,london paddington,reading,Saturday,advance
14 days,london paddington,oxford,Wednesday,advance
14 days,manchester piccadilly,liverpool lime street,Wednesday,advance
10 days,london kings cross,york,Saturday,advance
7 days,london kings cross,york,Wednesday,advance
18 days,london paddington,oxford,Sunday,advance
22 days,london st pancras,birmingham new street,Thursday,advance
1 days,london kings cross,york,Thursday,advance
2 days,liverpool lime street,manchester piccadilly,Friday,advance
1 days,manchester piccadilly,liverpool lime street,Thursday,advance
4 days,london paddington,reading,Sunday,advance
1 days,london paddington,reading,Thursday,advance
1 days,london paddington,reading,Thursday,advance
8 days,london paddington,reading,Thursday,advance
0 days,liverpool lime street,london st pancras,Wednesday,off-peak
4 days,london kings cross,york,Sunday,advance
11 days,manchester piccadilly,liverpool lime street,Sunday,advance
9 days,bristol temple meads,cardiff central,Friday,advance
5 days,reading,swindon,Monday,advance
5 days,london kings cross,york,Monday,advance
20 days,london paddington,reading,Tuesday,advance
9 days,reading,swindon,Friday,advance
10 days,london kings cross,york,Saturday,advance
0 days,liverpool lime street,manchester piccadilly,Wednesday,off-peak
1 days,london paddington,reading,Thursday,advance
8 days,liverpool lime street,london euston,Thursday,advance
0 days,london st pancras,birmingham new street,Wednesday,off-peak
5 days,liverpool lime street,london euston,Monday,advance
1 days,liverpool lime street,london euston,Thursday,advance
1 days,liverpool lime street,london euston,Thursday,advance
18 days,liverpool lime street,london euston,Sunday,advance
1 days,liverpool lime street,london euston,Thursday,advance
1 days,liverpool lime street,london euston,Thursday,advance
19 days,liverpool lime street,london euston,Monday,advance
16 days,reading,oxford,Friday,advance
17 days,london paddington,reading,Saturday,advance
11 days,london paddington,reading,Sunday,advance
19 days,liverpool lime street,london euston,Monday,advance
1 days,liverpool lime street,london euston,Thursday,advance
1 days,manchester piccadilly,london euston,Thursday,advance
1 days,liverpool lime street,london euston,Thursday,advance
1 days,manchester piccadilly,liverpool lime street,Thursday,advance
8 days,london kings cross,york,Thursday,advance
17 days,london euston,birmingham new street,Saturday,advance
1 days,manchester piccadilly,liverpool lime street,Thursday,advance
1 days,york,liverpool lime street,Thursday,advance
20 days,london st pancras,birmingham new street,Tuesday,advance
22 days,london euston,birmingham new street,Thursday,advance
1 days,london paddington,reading,Thursday,advance
21 days,london paddington,reading,Wednesday,advance
0 days,london paddington,reading,Wednesday,off-peak
1 days,london euston,birmingham new street,Thursday,advance
16 days,london euston,birmingham new street,Friday,advance
5 days,london paddington,reading,Monday,advance
4 days,london paddington,reading,Sunday,advance
0 days,london st pancras,birmingham new street,Wednesday,off-peak
0 days,manchester piccadilly,liverpool lime street,Wednesday,off-peak
2 days,london paddington,reading,Friday,advance
9 days,manchester piccadilly,liverpool lime street,Friday,advance
13 days,london paddington,reading,Tuesday,advance
18 days,manchester piccadilly,liverpool lime street,Sunday,advance
12 days,manchester piccadilly,liverpool lime street,Monday,advance
20 days,manchester piccadilly,liverpool lime street,Tuesday,advance
7 days,manchester piccadilly,liverpool lime street,Wednesday,advance
8 days,london paddington,reading,Thursday,advance
15 days,liverpool lime street,manchester piccadilly,Thursday,advance
16 days,london kings cross,york,Friday,advance
1 days,manchester piccadilly,liverpool lime street,Thursday,advance
11 days,liverpool lime street,london st pancras,Sunday,advance
0 days,manchester piccadilly,liverpool lime street,Wednesday,off-peak
1 days,liverpool lime street,manchester piccadilly,Thursday,advance
1 days,liverpool lime street,london st pancras,Thursday,advance
0 days,manchester piccadilly,liverpool lime street,Wednesday,off-peak
0 days,london euston,birmingham new street,Wednesday,off-peak
0 days,liverpool lime street,manchester piccadilly,Wednesday,off-peak
14 days,london paddington,reading,Wednesday,advance
0 days,london euston,birmingham new street,Wednesday,off-peak
14 days,birmingham new street,manchester piccadilly,Wednesday,advance
0 days,manchester piccadilly,liverpool lime street,Wednesday,off-peak
2 days,manchester piccadilly,sheffield,Friday,advance
0 days,liverpool lime street,manchester piccadilly,Wednesday,off-peak
11 days,manchester piccadilly,liverpool lime street,Sunday,advance
7 days,london st pancras,birmingham new street,Wednesday,advance
5 days,london st pancras,birmingham new street,Monday,advance
6 days,oxford,bristol temple meads,Tuesday,advance
11 days,manchester piccadilly,liverpool lime street,Sunday,advance
21 days,york,edinburgh,Wednesday,advance
0 days,london st pancras,birmingham new street,Wednesday,off-peak
21 days,london st pancras,birmingham new street,Wednesday,advance
1 days,birmingham new street,liverpool lime street,Thursday,advance
1 days,york,edinburgh,Thursday,advance
1 days,london st pancras,birmingham new street,Thursday,advance
0 days,liverpool lime street,manchester piccadilly,Wednesday,off-peak
1 days,manchester piccadilly,liverpool lime street,Thursday,advance
18 days,reading,london paddington,Sunday,advance
8 days,london st pancras,birmingham new street,Thursday,advance
20 days,london euston,birmingham new street,Tuesday,advance
1 days,manchester piccadilly,leeds,Thursday,advance
1 days,liverpool lime street,manchester piccadilly,Thursday,advance
17 days,liverpool lime street,manchester piccadilly,Saturday,advance
0 days,london paddington,reading,Wednesday,off-peak
19 days,london paddington,reading,Monday,advance
0 days,london euston,birmingham new street,Wednesday,off-peak
0 days,london euston,birmingham new street,Wednesday,anytime
16 days,london euston,birmingham new street,Friday,advance
0 days,london kings cross,york,Wednesday,anytime
10 days,birmingham new street,london st pancras,Saturday,advance
3 days,liverpool lime street,london euston,Saturday,advance
11 days,london euston,birmingham new street,Sunday,advance
3 days,manchester piccadilly,liverpool lime street,Saturday,advance
18 days,london paddington,reading,Sunday,advance
16 days,manchester piccadilly,liverpool lime street,Friday,advance
0 days,london kings cross,york,Wednesday,anytime
0 days,reading,swindon,Wednesday,anytime
0 days,liverpool lime street,london euston,Wednesday,anytime
0 days,birmingham new street,stafford,Wednesday,anytime
13 days,manchester piccadilly,sheffield,Tuesday,advance
0 days,london kings cross,york,Wednesday,anytime
17 days,london kings cross,york,Saturday,advance
0 days,london st pancras,birmingham new street,Wednesday,anytime
1 days,london st pancras,birmingham new street,Thursday,advance
1 days,london paddington,reading,Thursday,advance
1 days,london paddington,reading,Thursday,advance
20 days,london st pancras,birmingham new street,Tuesday,advance
0 days,liverpool lime street,manchester piccadilly,Wednesday,anytime
1 days,london st pancras,birmingham new street,Thursday,advance
12 days,london paddington,reading,Monday,advance
0 days,manchester piccadilly,liverpool lime street,Wednesday,anytime
0 days,manchester piccadilly,liverpool lime street,Wednesday,anytime
2 days,manchester piccadilly,london euston,Friday,advance
11 days,london paddington,reading,Sunday,advance
1 days,london paddington,reading,Thursday,advance
0 days,london euston,birmingham new street,Wednesday,anytime
2 days,london paddington,reading,Friday,advance
8 days,london paddington,reading,Thursday,advance
0 days,london euston,manchester piccadilly,Wednesday,anytime
4 days,london paddington,reading,Sunday,advance
0 days,london euston,manchester piccadilly,Wednesday,anytime
14 days,london st pancras,birmingham new street,Wednesday,advance
0 days,liverpool lime street,london euston,Wednesday,anytime
1 days,london euston,birmingham new street,Thursday,advance
12 days,birmingham new street,liverpool lime street,Monday,advance
0 days,liverpool lime street,manchester piccadilly,Wednesday,anytime
1 days,london euston,birmingham new street,Thursday,advance
0 days,london st pancras,wolverhampton,Wednesday,anytime
21 days,manchester piccadilly,liverpool lime street,Wednesday,advance
0 days,birmingham new street,coventry,Wednesday,anytime
0 days,birmingham new street,tamworth,Wednesday,anytime
0 days,london kings cross,york,Wednesday,anytime
1 days,london euston,birmingham new street,Thursday,advance
0 days,birmingham new street,tamworth,Wednesday,anytime
0 days,london st pancras,birmingham new street,Wednesday,anytime
0 days,london euston,manchester piccadilly,Wednesday,anytime
1 days,manchester piccadilly,liverpool lime street,Thursday,advance
2 days,london euston,birmingham new street,Friday,advance
14 days,london euston,birmingham new street,Wednesday,advance
21 days,manchester piccadilly,liverpool lime street,Wednesday,advance
7 days,manchester piccadilly,liverpool lime street,Wednesday,advance
16 days,london euston,birmingham new street,Friday,advance
7 days,london kings cross,york,Wednesday,advance
0 days,liverpool lime street,leeds,Wednesday,off-peak
13 days,london kings cross,york,Tuesday,advance
1 days,manchester piccadilly,liverpool lime street,Thursday,advance
9 days,london st pancras,leicester,Friday,advance
6 days,manchester piccadilly,liverpool lime street,Tuesday,advance
5 days,london euston,birmingham new street,Monday,advance
1 days,manchester piccadilly,liverpool lime street,Thursday,advance
9 days,liverpool lime street,sheffield,Friday,advance
2 days,liverpool lime street,leeds,Friday,advance
0 days,london st pancras,leicester,Wednesday,anytime
0 days,manchester piccadilly,liverpool lime street,Wednesday,anytime
5 days,manchester piccadilly,liverpool lime street,Monday,advance
0 days,london kings cross,york,Wednesday,off-peak
0 days,manchester piccadilly,liverpool lime street,Wednesday,anytime
0 days,london paddington,reading,Wednesday,off-peak
1 days,london euston,birmingham new street,Thursday,advance
0 days,london paddington,reading,Wednesday,off-peak
1 days,london kings cross,york,Thursday,advance
1 days,london kings cross,york,Thursday,advance
0 days,london paddington,reading,Wednesday,off-peak
22 days,london kings cross,york,Thursday,advance
19 days,liverpool lime street,manchester piccadilly,Monday,advance
1 days,liverpool lime street,manchester piccadilly,Thursday,advance
4 days,london kings cross,york,Sunday,advance
0 days,london paddington,reading,Wednesday,off-peak
0 days,manchester piccadilly,liverpool lime street,Wednesday,off-peak
2 days,london euston,birmingham new street,Friday,advance
14 days,liverpool lime street,manchester piccadilly,Wednesday,advance
10 days,reading,oxford,Saturday,advance
8 days,manchester piccadilly,liverpool lime street,Thursday,advance
12 days,reading,oxford,Monday,advance
13 days,liverpool lime street,manchester piccadilly,Tuesday,advance
19 days,london kings cross,york,Monday,advance
9 days,birmingham new street,london paddington,Friday,advance
10 days,london euston,birmingham new street,Saturday,advance
1 days,london st pancras,birmingham new street,Thursday,advance
10 days,london st pancras,leicester,Saturday,advance
1 days,london kings cross,york,Thursday,advance
18 days,london st pancras,leicester,Sunday,advance
6 days,london st pancras,birmingham new street,Tuesday,advance
14 days,london st pancras,leicester,Wednesday,advance
19 days,manchester piccadilly,liverpool lime street,Monday,advance
16 days,london st pancras,leicester,Friday,advance
21 days,london st pancras,birmingham new street,Wednesday,advance
1 days,london euston,birmingham new street,Thursday,advance
10 days,london st pancras,leicester,Saturday,advance
14 days,london euston,birmingham new street,Wednesday,advance
1 days,manchester piccadilly,liverpool lime street,Thursday,advance
2 days,london euston,birmingham new street,Friday,advance
21 days,london st pancras,leicester,Wednesday,advance
13 days,birmingham new street,tamworth,Tuesday,advance
1 days,london euston,birmingham new street,Thursday,advance
3 days,manchester piccadilly,liverpool lime street,Saturday,advance
13 days,manchester piccadilly,liverpool lime street,Tuesday,advance
1 days,london st pancras,birmingham new street,Thursday,advance
0 days,london euston,birmingham new street,Wednesday,off-peak
2 days,birmingham new street,york,Friday,advance
0 days,manchester piccadilly,leeds,Wednesday,off-peak
15 days,birmingham new street,liverpool lime street,Thursday,advance
11 days,liverpool lime street,london euston,Sunday,advance
11 days,london st pancras,birmingham new street,Sunday,advance
1 days,london st pancras,birmingham new street,Thursday,advance
1 days,liverpool lime street,crewe,Thursday,advance
5 days,birmingham new street,tamworth,Monday,advance
18 days,london paddington,reading,Sunday,advance
1 days,london kings cross,york,Thursday,advance
7 days,london st pancras,birmingham new street,Wednesday,advance
21 days,london kings cross,york,Wednesday,advance
14 days,liverpool lime street,crewe,Wednesday,advance
22 days,london st pancras,birmingham new street,Thursday,advance
1 days,manchester piccadilly,liverpool lime street,Thursday,advance
4 days,birmingham new street,tamworth,Sunday,advance
1 days,birmingham new street,coventry,Thursday,advance
1 days,birmingham new street,stafford,Thursday,advance
6 days,birmingham new street,nuneaton,Tuesday,advance
1 days,birmingham new street,nuneaton,Thursday,advance
1 days,london kings cross,york,Thursday,advance
21 days,london kings cross,york,Wednesday,advance
21 days,birmingham new street,wolverhampton,Wednesday,advance
1 days,london st pancras,birmingham new street,Thursday,advance
5 days,london st pancras,birmingham new street,Monday,advance
6 days,london st pancras,birmingham new street,Tuesday,advance
2 days,manchester piccadilly,liverpool lime street,Friday,advance
2 days,london st pancras,birmingham new street,Friday,advance
1 days,birmingham new street,stafford,Thursday,advance
1 days,london kings cross,york,Thursday,advance
22 days,london kings cross,york,Thursday,advance
22 days,london euston,manchester piccadilly,Thursday,advance
1 days,london st pancras,birmingham new street,Thursday,advance
3 days,birmingham new street,stafford,Saturday,advance
7 days,london st pancras,birmingham new street,Wednesday,advance
15 days,manchester piccadilly,liverpool lime street,Thursday,advance
0 days,manchester piccadilly,london euston,Wednesday,off-peak
11 days,liverpool lime street,manchester piccadilly,Sunday,advance
4 days,london kings cross,york,Sunday,advance
1 days,london kings cross,york,Thursday,advance
1 days,london paddington,reading,Thursday,advance
3 days,london paddington,reading,Saturday,advance
15 days,liverpool lime street,manchester piccadilly,Thursday,advance
6 days,oxford,bristol temple meads,Tuesday,advance
11 days,birmingham new street,liverpool lime street,Sunday,advance
1 days,london euston,birmingham new street,Thursday,advance
22 days,london euston,birmingham new street,Thursday,advance
1 days,manchester piccadilly,liverpool lime street,Thursday,advance
1 days,london euston,birmingham new street,Thursday,advance
18 days,london euston,birmingham new street,Sunday,advance
1 days,london st pancras,birmingham new street,Thursday,advance
7 days,london euston,birmingham new street,Wednesday,advance
1 days,london kings cross,york,Thursday,advance
1 days,london paddington,reading,Thursday,advance
1 days,london kings cross,york,Thursday,advance
16 days,london euston,birmingham new street,Friday,advance
16 days,london euston,birmingham new street,Friday,advance
1 days,london st pancras,birmingham new street,Thursday,advance
7 days,london paddington,reading,Wednesday,advance
14 days,london kings cross,york,Wednesday,advance
1 days,manchester piccadilly,london euston,Thursday,advance
20 days,london st pancras,birmingham new street,Wednesday,advance
1 days,liverpool lime street,leeds,Friday,advance
0 days,manchester piccadilly,liverpool lime street,Thursday,off-peak
1 days,oxford,bristol temple meads,Friday,advance
0 days,york,durham,Thursday,off-peak
12 days,london paddington,reading,Tuesday,advance
5 days,london kings cross,edinburgh waverley,Tuesday,advance
0 days,manchester piccadilly,london paddington,Thursday,off-peak
4 days,london kings cross,edinburgh waverley,Monday,advance
0 days,london kings cross,york,Thursday,off-peak
12 days,liverpool lime street,manchester piccadilly,Tuesday,advance
0 days,manchester piccadilly,nottingham,Thursday,off-peak
0 days,london euston,birmingham new street,Thursday,off-peak
3 days,london euston,birmingham new street,Sunday,advance
20 days,birmingham new street,london euston,Wednesday,advance
10 days,manchester piccadilly,liverpool lime street,Sunday,advance
19 days,manchester piccadilly,liverpool lime street,Tuesday,advance
0 days,london paddington,reading,Thursday,off-peak
21 days,london kings cross,york,Thursday,advance
1 days,london kings cross,york,Friday,advance
1 days,liverpool lime street,manchester piccadilly,Friday,advance
0 days,london euston,birmingham new street,Thursday,off-peak
0 days,london paddington,reading,Thursday,off-peak
0 days,birmingham new street,london st pancras,Thursday,off-peak
1 days,liverpool lime street,manchester piccadilly,Friday,advance
19 days,liverpool lime street,london euston,Tuesday,advance
10 days,liverpool lime street,manchester piccadilly,Sunday,advance
9 days,york,durham,Saturday,advance
15 days,liverpool lime street,manchester piccadilly,Friday,advance
1 days,manchester piccadilly,nottingham,Friday,advance
3 days,london euston,birmingham new street,Sunday,advance
0 days,london kings cross,york,Thursday,off-peak
14 days,liverpool lime street,manchester piccadilly,Thursday,advance
1 days,liverpool lime street,manchester piccadilly,Friday,advance
0 days,london paddington,reading,Thursday,anytime
1 days,manchester piccadilly,liverpool lime street,Friday,advance
0 days,manchester piccadilly,liverpool lime street,Thursday,anytime
0 days,london kings cross,york,Thursday,anytime
0 days,london euston,birmingham new street,Thursday,anytime
0 days,london euston,birmingham new street,Thursday,anytime
1 days,manchester piccadilly,london euston,Friday,advance
0 days,birmingham new street,london st pancras,Thursday,anytime
7 days,london euston,birmingham new street,Thursday,advance
3 days,london kings cross,york,Sunday,advance
11 days,london kings cross,york,Monday,advance
13 days,liverpool lime street,manchester piccadilly,Wednesday,advance
0 days,london euston,birmingham new street,Thursday,anytime
0 days,london paddington,reading,Thursday,anytime
2 days,london paddington,reading,Saturday,advance
0 days,london kings cross,york,Thursday,anytime
0 days,reading,swindon,Thursday,anytime
8 days,london kings cross,york,Friday,advance
5 days,london kings cross,york,Tuesday,advance
0 days,london kings cross,york,Thursday,anytime
4 days,birmingham new street,london st pancras,Monday,advance
20 days,birmingham new street,london st pancras,Wednesday,advance
16 days,london st pancras,birmingham new street,Saturday,advance
16 days,liverpool lime street,manchester piccadilly,Saturday,advance
0 days,birmingham new street,london euston,Thursday,anytime
14 days,london kings cross,york,Thursday,advance
0 days,liverpool lime street,london euston,Thursday,anytime
0 days,london st pancras,birmingham new street,Thursday,anytime
0 days,liverpool lime street,manchester piccadilly,Thursday,anytime
6 days,london euston,birmingham new street,Wednesday,advance
0 days,manchester piccadilly,sheffield,Thursday,anytime
0 days,manchester piccadilly,sheffield,Thursday,anytime
21 days,liverpool lime street,manchester piccadilly,Thursday,advance
0 days,birmingham new street,liverpool lime street,Thursday,anytime
17 days,manchester piccadilly,liverpool lime street,Sunday,advance
19 days,london st pancras,birmingham new street,Tuesday,advance
0 days,london paddington,reading,Thursday,anytime
0 days,london paddington,oxford,Thursday,anytime
0 days,london paddington,reading,Thursday,anytime
1 days,manchester piccadilly,liverpool lime street,Friday,advance
0 days,london paddington,reading,Thursday,anytime
0 days,london paddington,oxford,Thursday,anytime
0 days,london paddington,reading,Thursday,anytime
0 days,liverpool lime street,manchester piccadilly,Thursday,off-peak
0 days,london kings cross,york,Thursday,off-peak
1 days,london kings cross,york,Friday,advance
13 days,manchester piccadilly,liverpool lime street,Wednesday,advance
0 days,london kings cross,edinburgh waverley,Thursday,anytime
12 days,london paddington,reading,Tuesday,advance
18 days,london kings cross,york,Monday,advance
18 days,london kings cross,york,Monday,advance
0 days,london st pancras,birmingham new street,Thursday,off-peak
12 days,london paddington,reading,Tuesday,advance
1 days,manchester piccadilly,liverpool lime street,Friday,advance
2 days,liverpool lime street,crewe,Saturday,advance
1 days,london paddington,reading,Friday,advance
20 days,london euston,birmingham new street,Wednesday,advance
20 days,birmingham new street,london st pancras,Wednesday,advance
21 days,birmingham new street,london st pancras,Thursday,advance
14 days,manchester piccadilly,liverpool lime street,Thursday,advance
6 days,london st pancras,wolverhampton,Wednesday,advance
6 days,york,doncaster,Wednesday,advance
1 days,birmingham new street,london st pancras,Friday,advance
16 days,london st pancras,birmingham new street,Saturday,advance
9 days,reading,london paddington,Saturday,advance
1 days,london st pancras,birmingham new street,Friday,advance
18 days,london euston,birmingham new street,Monday,advance
9 days,london euston,birmingham new street,Saturday,advance
9 days,york,doncaster,Saturday,advance
1 days,london kings cross,york,Friday,advance
2 days,london paddington,reading,Saturday,advance
12 days,london paddington,oxford,Tuesday,advance
13 days,london paddington,reading,Wednesday,advance
1 days,london paddington,oxford,Friday,advance
18 days,london paddington,reading,Monday,advance
1 days,london paddington,reading,Friday,advance
4 days,london paddington,reading,Monday,advance
10 days,london paddington,reading,Sunday,advance
1 days,london paddington,reading,Friday,advance
19 days,london paddington,reading,Tuesday,advance
1 days,london paddington,reading,Friday,advance
14 days,london paddington,reading,Thursday,advance
15 days,london kings cross,york,Friday,advance
1 days,oxford,bristol temple meads,Friday,advance
6 days,birmingham new street,london st pancras,Wednesday,advance
2 days,london paddington,reading,Saturday,advance
0 days,liverpool lime street,london st pancras,Thursday,off-peak
1 days,york,peterborough,Friday,advance
0 days,manchester piccadilly,liverpool lime street,Thursday,off-peak
2 days,york,peterborough,Saturday,advance
0 days,london euston,birmingham new street,Thursday,off-peak
21 days,london kings cross,york,Thursday,advance
0 days,manchester piccadilly,sheffield,Thursday,off-peak
1 days,london paddington,manchester piccadilly,Friday,advance
21 days,london paddington,london waterloo,Thursday,advance
5 days,london kings cross,york,Tuesday,advance
15 days,london euston,birmingham new street,Friday,advance
0 days,london kings cross,york,Thursday,off-peak
8 days,york,peterborough,Friday,advance
6 days,london kings cross,york,Wednesday,advance
0 days,london st pancras,birmingham new street,Thursday,off-peak
17 days,london kings cross,york,Sunday,advance
0 days,manchester piccadilly,liverpool lime street,Thursday,off-peak
0 days,london euston,birmingham new street,Thursday,off-peak
6 days,liverpool lime street,london euston,Wednesday,advance
1 days,london euston,manchester piccadilly,Friday,advance
1 days,liverpool lime street,london euston,Friday,advance
5 days,liverpool lime street,london euston,Tuesday,advance
1 days,liverpool lime street,london euston,Friday,advance
1 days,london euston,manchester piccadilly,Friday,advance
0 days,london st pancras,birmingham new street,Thursday,off-peak
1 days,liverpool lime street,london euston,Friday,advance
4 days,london euston,manchester piccadilly,Monday,advance
1 days,reading,oxford,Friday,advance
1 days,liverpool lime street,london euston,Friday,advance
1 days,liverpool lime street,london euston,Friday,advance
1 days,london kings cross,york,Friday,advance
0 days,london euston,birmingham new street,Thursday,off-peak
1 days,london paddington,reading,Friday,advance
15 days,liverpool lime street,london euston,Friday,advance
20 days,liverpool lime street,london euston,Wednesday,advance
0 days,liverpool lime street,manchester piccadilly,Thursday,off-peak
3 days,london euston,birmingham new street,Sunday,advance
1 days,manchester piccadilly,liverpool lime street,Friday,advance
1 days,york,leeds,Friday,advance
17 days,london paddington,reading,Sunday,advance
20 days,manchester piccadilly,liverpool lime street,Wednesday,advance
0 days,london euston,birmingham new street,Thursday,off-peak
1 days,london paddington,reading,Friday,advance
4 days,london kings cross,york,Monday,advance
0 days,liverpool lime street,manchester piccadilly,Thursday,off-peak
0 days,london st pancras,birmingham new street,Thursday,off-peak
0 days,liverpool lime street,manchester piccadilly,Thursday,off-peak
11 days,manchester piccadilly,liverpool lime street,Monday,advance
1 days,london st pancras,birmingham new street,Friday,advance
0 days,liverpool lime street,manchester piccadilly,Thursday,off-peak
7 days,london st pancras,birmingham new street,Thursday,advance
4 days,manchester piccadilly,liverpool lime street,Monday,advance
1 days,manchester piccadilly,liverpool lime street,Friday,advance
12 days,manchester piccadilly,liverpool lime street,Tuesday,advance
5 days,liverpool lime street,manchester piccadilly,Tuesday,advance
18 days,london paddington,reading,Monday,advance
0 days,london paddington,reading,Thursday,off-peak
16 days,manchester piccadilly,liverpool lime street,Saturday,advance
9 days,london euston,birmingham new street,Saturday,advance
1 days,manchester piccadilly,sheffield,Friday,advance
0 days,london paddington,reading,Thursday,off-peak
1 days,london euston,birmingham new street,Friday,advance
0 days,manchester piccadilly,liverpool lime street,Thursday,off-peak
18 days,birmingham new street,manchester piccadilly,Monday,advance
1 days,manchester piccadilly,liverpool lime street,Friday,advance
0 days,manchester piccadilly,liverpool lime street,Thursday,off-peak
0 days,liverpool lime street,manchester piccadilly,Thursday,off-peak
0 days,manchester piccadilly,liverpool lime street,Thursday,off-peak
1 days,manchester piccadilly,liverpool lime street,Friday,advance
1 days,london kings cross,york,Friday,advance
16 days,london st pancras,birmingham new street,Saturday,advance
1 days,london kings cross,york,Friday,advance
0 days,birmingham new street,reading,Thursday,off-peak
0 days,london paddington,reading,Thursday,off-peak
7 days,london st pancras,birmingham new street,Thursday,advance
0 days,london paddington,reading,Thursday,off-peak
5 days,london kings cross,york,Tuesday,advance
15 days,london kings cross,york,Friday,advance
0 days,london euston,birmingham new street,Thursday,off-peak
8 days,london paddington,reading,Friday,advance
0 days,london euston,birmingham new street,Thursday,off-peak
20 days,london st pancras,birmingham new street,Wednesday,advance
2 days,london paddington,reading,Saturday,advance
0 days,london kings cross,york,Thursday,off-peak
0 days,london euston,birmingham new street,Thursday,off-peak
15 days,london euston,birmingham new street,Friday,advance
0 days,london kings cross,york,Thursday,anytime
10 days,manchester piccadilly,liverpool lime street,Sunday,advance
0 days,london euston,birmingham new street,Thursday,anytime
0 days,london st pancras,birmingham new street,Thursday,anytime
15 days,london euston,birmingham new street,Friday,advance
0 days,london st pancras,leicester,Thursday,anytime
0 days,london st pancras,leicester,Thursday,anytime
1 days,manchester piccadilly,london euston,Friday,advance
1 days,manchester piccadilly,liverpool lime street,Friday,advance
0 days,manchester piccadilly,liverpool lime street,Thursday,anytime
0 days,liverpool lime street,sheffield,Thursday,anytime
0 days,london euston,birmingham new street,Thursday,anytime
8 days,london kings cross,york,Friday,advance
0 days,manchester piccadilly,liverpool lime street,Thursday,anytime
0 days,manchester piccadilly,liverpool lime street,Thursday,anytime
0 days,liverpool lime street,sheffield,Thursday,anytime
6 days,london paddington,reading,Wednesday,advance
0 days,london st pancras,birmingham new street,Thursday,anytime
0 days,liverpool lime street,manchester piccadilly,Thursday,anytime
13 days,manchester piccadilly,liverpool lime street,Wednesday,advance
0 days,manchester piccadilly,liverpool lime street,Thursday,anytime
1 days,liverpool lime street,london euston,Friday,advance
0 days,manchester piccadilly,liverpool lime street,Thursday,anytime
0 days,manchester piccadilly,liverpool lime street,Thursday,anytime
1 days,london kings cross,york,Friday,advance
0 days,manchester piccadilly,liverpool lime street,Thursday,anytime
0 days,manchester piccadilly,liverpool lime street,Thursday,anytime
0 days,london euston,birmingham new street,Thursday,anytime
5 days,london kings cross,york,Tuesday,advance
8 days,manchester piccadilly,liverpool lime street,Friday,advance
3 days,london st pancras,birmingham new street,Sunday,advance
11 days,manchester piccadilly,liverpool lime street,Monday,advance
0 days,london euston,birmingham new street,Thursday,anytime
19 days,london euston,birmingham new street,Tuesday,advance
0 days,london paddington,reading,Thursday,anytime
1 days,london st pancras,birmingham new street,Friday,advance
7 days,london st pancras,birmingham new street,Thursday,advance
3 days,london paddington,reading,Sunday,advance
0 days,birmingham new street,york,Thursday,anytime
0 days,london euston,birmingham new street,Thursday,anytime
14 days,london kings cross,york,Thursday,advance
0 days,birmingham new street,tamworth,Thursday,anytime
6 days,london euston,birmingham new street,Wednesday,advance
0 days,birmingham new street,nuneaton,Thursday,anytime
15 days,london paddington,reading,Friday,advance
0 days,london st pancras,birmingham new street,Thursday,anytime
3 days,london st pancras,birmingham new street,Sunday,advance
0 days,london st pancras,birmingham new street,Thursday,anytime
0 days,birmingham new street,tamworth,Thursday,anytime
0 days,london st pancras,birmingham new street,Thursday,anytime
1 days,london euston,birmingham new street,Friday,advance
1 days,london st pancras,birmingham new street,Friday,advance
6 days,london euston,birmingham new street,Wednesday,advance
1 days,london euston,birmingham new street,Friday,advance
3 days,manchester piccadilly,liverpool lime street,Sunday,advance
9 days,manchester piccadilly,liverpool lime street,Saturday,advance
1 days,london euston,birmingham new street,Friday,advance
7 days,london euston,birmingham new street,Thursday,advance
14 days,london euston,birmingham new street,Thursday,advance
13 days,london euston,birmingham new street,Wednesday,advance
1 days,manchester piccadilly,liverpool lime street,Friday,advance
6 days,manchester piccadilly,liverpool lime street,Wednesday,advance
11 days,london euston,birmingham new street,Monday,advance
1 days,birmingham new street,manchester piccadilly,Friday,advance
1 days,london euston,birmingham new street,Friday,advance
1 days,london euston,birmingham new street,Friday,advance
1 days,london st pancras,leicester,Friday,advance
15 days,manchester piccadilly,liverpool lime street,Friday,advance
10 days,birmingham new street,manchester piccadilly,Sunday,advance
4 days,london euston,birmingham new street,Monday,advance
1 days,london kings cross,york,Friday,advance
12 days,london euston,birmingham new street,Tuesday,advance
11 days,manchester piccadilly,london kings cross,Monday,advance
1 days,london euston,birmingham new street,Friday,advance
14 days,liverpool lime street,london euston,Thursday,advance
12 days,london euston,manchester piccadilly,Tuesday,advance
20 days,manchester piccadilly,liverpool lime street,Wednesday,advance
4 days,london kings cross,york,Monday,advance
12 days,london kings cross,york,Tuesday,advance
0 days,manchester piccadilly,liverpool lime street,Thursday,off-peak
7 days,birmingham new street,london st pancras,Thursday,advance
0 days,liverpool lime street,manchester piccadilly,Thursday,off-peak
0 days,london kings cross,liverpool lime street,Thursday,off-peak
0 days,london euston,birmingham new street,Thursday,off-peak
10 days,liverpool lime street,manchester piccadilly,Sunday,advance
0 days,london st pancras,birmingham new street,Thursday,off-peak
2 days,london st pancras,leicester,Saturday,advance
18 days,london kings cross,york,Monday,advance
13 days,london euston,birmingham new street,Wednesday,advance
17 days,london st pancras,leicester,Sunday,advance
1 days,london euston,birmingham new street,Friday,advance
21 days,london euston,birmingham new street,Thursday,advance
9 days,manchester piccadilly,liverpool lime street,Saturday,advance
4 days,manchester piccadilly,liverpool lime street,Monday,advance
1 days,london euston,birmingham new street,Friday,advance
8 days,birmingham new street,tamworth,Friday,advance
7 days,manchester piccadilly,liverpool lime street,Thursday,advance
1 days,london euston,birmingham new street,Friday,advance
13 days,london euston,birmingham new street,Wednesday,advance
8 days,manchester piccadilly,liverpool lime street,Friday,advance
7 days,manchester piccadilly,liverpool lime street,Thursday,advance
3 days,manchester piccadilly,liverpool lime street,Sunday,advance
0 days,liverpool lime street,manchester piccadilly,Thursday,off-peak
9 days,london euston,birmingham new street,Saturday,advance
1 days,manchester piccadilly,liverpool lime street,Friday,advance
1 days,london st pancras,birmingham new street,Friday,advance
4 days,london st pancras,wolverhampton,Monday,advance
12 days,london st pancras,birmingham new street,Tuesday,advance
11 days,london st pancras,birmingham new street,Monday,advance
1 days,liverpool lime street,crewe,Friday,advance
1 days,london paddington,reading,Friday,advance
21 days,london paddington,reading,Thursday,advance
1 days,london kings cross,york,Friday,advance
7 days,birmingham new street,london euston,Thursday,advance
2 days,reading,swindon,Saturday,advance
16 days,london st pancras,birmingham new street,Saturday,advance
7 days,london st pancras,birmingham new street,Thursday,advance
14 days,london st pancras,birmingham new street,Thursday,advance
15 days,london euston,manchester piccadilly,Friday,advance
11 days,london st pancras,birmingham new street,Monday,advance
2 days,london paddington,reading,Saturday,advance
10 days,london st pancras,birmingham new street,Sunday,advance
16 days,london st pancras,birmingham new street,Saturday,advance
8 days,london euston,manchester piccadilly,Friday,advance
15 days,london st pancras,birmingham new street,Friday,advance
11 days,birmingham new street,nuneaton,Monday,advance
1 days,reading,swindon,Friday,advance
7 days,london paddington,reading,Thursday,advance
20 days,london kings cross,york,Wednesday,advance
8 days,london euston,birmingham new street,Friday,advance
18 days,london st pancras,birmingham new street,Monday,advance
15 days,london kings cross,york,Friday,advance
6 days,london kings cross,york,Wednesday,advance
12 days,london st pancras,birmingham new street,Tuesday,advance
0 days,london paddington,reading,Thursday,off-peak
0 days,london kings cross,york,Thursday,off-peak
1 days,manchester piccadilly,liverpool lime street,Friday,advance
5 days,london kings cross,york,Tuesday,advance
13 days,london kings cross,york,Wednesday,advance
19 days,london paddington,reading,Tuesday,advance
5 days,london paddington,reading,Tuesday,advance
1 days,london paddington,reading,Friday,advance
2 days,birmingham new street,london euston,Saturday,advance
3 days,london euston,birmingham new street,Sunday,advance
1 days,london paddington,reading,Friday,advance
7 days,birmingham new street,edinburgh,Thursday,advance
8 days,london paddington,reading,Friday,advance
1 days,london paddington,reading,Friday,advance
1 days,manchester piccadilly,liverpool lime street,Friday,advance
1 days,london euston,birmingham new street,Friday,advance
6 days,london st pancras,birmingham new street,Wednesday,advance
21 days,manchester piccadilly,liverpool lime street,Thursday,advance
4 days,london euston,manchester piccadilly,Monday,advance
12 days,london paddington,reading,Tuesday,advance
1 days,london euston,manchester piccadilly,Friday,advance
4 days,london paddington,reading,Monday,advance
2 days,liverpool lime street,manchester piccadilly,Saturday,advance
20 days,london euston,manchester piccadilly,Wednesday,advance
15 days,liverpool lime street,manchester piccadilly,Friday,advance
14 days,liverpool lime street,manchester piccadilly,Thursday,advance
1 days,manchester piccadilly,liverpool lime street,Friday,advance
1 days,liverpool lime street,manchester piccadilly,Friday,advance
1 days,manchester piccadilly,london euston,Friday,advance
1 days,liverpool lime street,manchester piccadilly,Friday,advance
1 days,manchester piccadilly,leeds,Friday,advance
1 days,london paddington,reading,Friday,advance
21 days,liverpool lime street,manchester piccadilly,Thursday,advance
12 days,london euston,birmingham new street,Tuesday,advance
12 days,london euston,birmingham new street,Tuesday,advance
8 days,london kings cross,york,Friday,advance
0 days,liverpool lime street,manchester piccadilly,Friday,off-peak
4 days,oxford,bristol temple meads,Tuesday,advance
0 days,liverpool lime street,manchester piccadilly,Friday,off-peak
0 days,manchester piccadilly,nottingham,Friday,off-peak
0 days,london st pancras,birmingham new street,Friday,off-peak
0 days,london euston,birmingham new street,Friday,off-peak
14 days,liverpool lime street,manchester piccadilly,Friday,advance
0 days,london euston,birmingham new street,Friday,off-peak
10 days,liverpool lime street,manchester piccadilly,Monday,advance
1 days,york,durham,Saturday,advance
0 days,london paddington,reading,Friday,off-peak
10 days,liverpool lime street,manchester piccadilly,Monday,advance
0 days,london kings cross,york,Friday,off-peak
14 days,liverpool lime street,manchester piccadilly,Friday,advance
15 days,manchester piccadilly,liverpool lime street,Saturday,advance
10 days,manchester piccadilly,liverpool lime street,Monday,advance
15 days,birmingham new street,london st pancras,Saturday,advance
18 days,liverpool lime street,manchester piccadilly,Tuesday,advance
8 days,manchester piccadilly,london euston,Saturday,advance
15 days,london kings cross,york,Saturday,advance
1 days,liverpool lime street,manchester piccadilly,Saturday,advance
1 days,london kings cross,york,Saturday,advance
0 days,manchester piccadilly,sheffield,Friday,off-peak
0 days,london kings cross,york,Friday,off-peak
0 days,london euston,birmingham new street,Friday,off-peak
0 days,london paddington,reading,Friday,off-peak
0 days,london paddington,reading,Friday,off-peak
0 days,london paddington,reading,Friday,off-peak
0 days,london st pancras,birmingham new street,Friday,off-peak
0 days,london kings cross,york,Friday,off-peak
0 days,london st pancras,birmingham new street,Friday,off-peak
1 days,liverpool lime street,manchester piccadilly,Saturday,advance
7 days,london kings cross,liverpool lime street,Friday,advance
1 days,london st pancras,birmingham new street,Saturday,advance
1 days,manchester piccadilly,nottingham,Saturday,advance
15 days,manchester piccadilly,liverpool lime street,Saturday,advance
1 days,london paddington,reading,Saturday,advance
13 days,london euston,birmingham new street,Thursday,advance
1 days,london euston,manchester piccadilly,Saturday,advance
16 days,london st pancras,birmingham new street,Sunday,advance
17 days,manchester piccadilly,liverpool lime street,Monday,advance
16 days,london kings cross,york,Sunday,advance
1 days,london paddington,reading,Saturday,advance
0 days,manchester piccadilly,liverpool lime street,Friday,anytime
0 days,manchester piccadilly,liverpool lime street,Friday,anytime
2 days,york,durham,Sunday,advance
0 days,york,doncaster,Friday,anytime
0 days,birmingham new street,london st pancras,Friday,anytime
2 days,manchester piccadilly,liverpool lime street,Sunday,advance
0 days,birmingham new street,stafford,Friday,anytime
0 days,london kings cross,york,Friday,anytime
6 days,manchester piccadilly,liverpool lime street,Thursday,advance
0 days,london euston,birmingham new street,Friday,anytime
1 days,york,durham,Saturday,advance
0 days,birmingham new street,london st pancras,Friday,anytime
1 days,london kings cross,york,Saturday,advance
0 days,liverpool lime street,manchester piccadilly,Friday,anytime
0 days,liverpool lime street,manchester piccadilly,Friday,anytime
0 days,liverpool lime street,manchester piccadilly,Friday,anytime
0 days,london paddington,reading,Friday,anytime
15 days,london kings cross,york,Saturday,advance
0 days,london kings cross,york,Friday,off-peak
20 days,liverpool lime street,manchester piccadilly,Thursday,advance
0 days,london kings cross,york,Friday,anytime
1 days,london euston,birmingham new street,Saturday,advance
13 days,london euston,birmingham new street,Thursday,advance
4 days,london euston,birmingham new street,Tuesday,advance
0 days,london st pancras,birmingham new street,Friday,anytime
0 days,london kings cross,york,Friday,anytime
10 days,birmingham new street,london st pancras,Monday,advance
19 days,london st pancras,birmingham new street,Wednesday,advance
19 days,london paddington,reading,Wednesday,advance
0 days,liverpool lime street,manchester piccadilly,Friday,anytime
7 days,liverpool lime street,manchester piccadilly,Friday,advance
13 days,london kings cross,york,Thursday,advance
13 days,london st pancras,birmingham new street,Thursday,advance
0 days,london st pancras,birmingham new street,Friday,anytime
5 days,manchester piccadilly,liverpool lime street,Wednesday,advance
0 days,manchester piccadilly,london euston,Friday,anytime
0 days,birmingham new street,london euston,Friday,anytime
0 days,reading,oxford,Friday,anytime
19 days,liverpool lime street,sheffield,Wednesday,advance
0 days,liverpool lime street,london euston,Friday,anytime
0 days,london paddington,reading,Friday,anytime
0 days,oxford,bristol temple meads,Friday,anytime
14 days,london euston,birmingham new street,Friday,advance
1 days,london st pancras,birmingham new street,Saturday,advance
0 days,london paddington,oxford,Friday,anytime
1 days,liverpool lime street,manchester piccadilly,Saturday,advance
18 days,london kings cross,york,Tuesday,advance
0 days,manchester piccadilly,leeds,Friday,off-peak
1 days,manchester piccadilly,liverpool lime street,Saturday,advance
0 days,london paddington,reading,Friday,off-peak
19 days,manchester piccadilly,liverpool lime street,Wednesday,advance
0 days,london paddington,reading,Friday,off-peak
3 days,york,peterborough,Monday,advance
16 days,manchester piccadilly,liverpool lime street,Sunday,advance
0 days,london paddington,reading,Friday,off-peak
1 days,london paddington,reading,Saturday,advance
15 days,manchester piccadilly,liverpool lime street,Saturday,advance
0 days,manchester piccadilly,liverpool lime street,Friday,off-peak
0 days,manchester piccadilly,liverpool lime street,Friday,off-peak
3 days,london paddington,reading,Monday,advance
1 days,manchester piccadilly,liverpool lime street,Saturday,advance
12 days,london kings cross,york,Wednesday,advance
11 days,london kings cross,york,Tuesday,advance
14 days,london euston,birmingham new street,Friday,advance
16 days,london euston,birmingham new street,Sunday,advance
5 days,york,doncaster,Wednesday,advance
17 days,birmingham new street,london st pancras,Monday,advance
10 days,manchester piccadilly,liverpool lime street,Monday,advance
1 days,london st pancras,birmingham new street,Saturday,advance
4 days,birmingham new street,london st pancras,Tuesday,advance
1 days,york,doncaster,Saturday,advance
17 days,london euston,manchester piccadilly,Monday,advance
16 days,london euston,manchester piccadilly,Sunday,advance
1 days,birmingham new street,london st pancras,Saturday,advance
1 days,york,doncaster,Saturday,advance
15 days,birmingham new street,london paddington,Saturday,advance
3 days,birmingham new street,london st pancras,Monday,advance
7 days,london kings cross,york,Friday,advance
17 days,york,doncaster,Monday,advance
1 days,manchester piccadilly,liverpool lime street,Saturday,advance
1 days,liverpool lime street,manchester piccadilly,Saturday,advance
2 days,london paddington,oxford,Sunday,advance
15 days,london paddington,oxford,Saturday,advance
19 days,london paddington,reading,Wednesday,advance
9 days,london paddington,oxford,Sunday,advance
9 days,london paddington,oxford,Sunday,advance
10 days,london paddington,reading,Monday,advance
3 days,london st pancras,birmingham new street,Monday,advance
1 days,london paddington,reading,Saturday,advance
1 days,london paddington,oxford,Saturday,advance
2 days,london kings cross,york,Sunday,advance
1 days,london paddington,oxford,Saturday,advance
3 days,london paddington,reading,Monday,advance
12 days,london st pancras,birmingham new street,Wednesday,advance
16 days,london euston,birmingham new street,Sunday,advance
1 days,manchester piccadilly,liverpool lime street,Saturday,advance
5 days,birmingham new street,london st pancras,Wednesday,advance
1 days,london kings cross,york,Saturday,advance
14 days,birmingham new street,london st pancras,Friday,advance
7 days,york,peterborough,Friday,advance
19 days,reading,swindon,Wednesday,advance
1 days,reading,swindon,Saturday,advance
1 days,york,peterborough,Saturday,advance
1 days,reading,swindon,Saturday,advance
20 days,reading,swindon,Thursday,advance
1 days,london kings cross,york,Saturday,advance
9 days,liverpool lime street,manchester piccadilly,Sunday,advance
3 days,york,peterborough,Monday,advance
1 days,manchester piccadilly,liverpool lime street,Saturday,advance
7 days,liverpool lime street,london euston,Friday,advance
1 days,liverpool lime street,london euston,Saturday,advance
1 days,reading,oxford,Saturday,advance
18 days,birmingham new street,liverpool lime street,Tuesday,advance
0 days,london paddington,liverpool lime street,Friday,off-peak
7 days,london paddington,reading,Friday,advance
1 days,liverpool lime street,london euston,Saturday,advance
2 days,liverpool lime street,london euston,Sunday,advance
1 days,birmingham new street,london euston,Saturday,advance
1 days,liverpool lime street,london euston,Saturday,advance
0 days,london st pancras,birmingham new street,Friday,off-peak
12 days,liverpool lime street,london euston,Wednesday,advance
1 days,liverpool lime street,london euston,Saturday,advance
9 days,manchester piccadilly,leeds,Sunday,advance
10 days,birmingham new street,liverpool lime street,Monday,advance
14 days,london kings cross,liverpool lime street,Friday,advance
13 days,york,leeds,Thursday,advance
17 days,manchester piccadilly,liverpool lime street,Monday,advance
1 days,manchester piccadilly,sheffield,Saturday,advance
8 days,birmingham new street,liverpool lime street,Saturday,advance
1 days,london euston,manchester piccadilly,Saturday,advance
0 days,london st pancras,birmingham new street,Friday,off-peak
0 days,london paddington,reading,Friday,off-peak
1 days,manchester piccadilly,london euston,Saturday,advance
11 days,london paddington,reading,Tuesday,advance
1 days,london kings cross,york,Saturday,advance
0 days,london st pancras,birmingham new street,Friday,off-peak
0 days,liverpool lime street,manchester piccadilly,Friday,off-peak
18 days,manchester piccadilly,liverpool lime street,Tuesday,advance
0 days,london st pancras,birmingham new street,Friday,off-peak
0 days,birmingham new street,manchester piccadilly,Friday,off-peak
17 days,liverpool lime street,manchester piccadilly,Monday,advance
1 days,manchester piccadilly,liverpool lime street,Saturday,advance
12 days,london paddington,reading,Wednesday,advance
11 days,manchester piccadilly,liverpool lime street,Tuesday,advance
18 days,london euston,birmingham new street,Tuesday,advance
7 days,london kings cross,york,Friday,advance
1 days,london kings cross,york,Saturday,advance
1 days,liverpool lime street,manchester piccadilly,Saturday,advance
0 days,london st pancras,birmingham new street,Friday,off-peak
0 days,liverpool lime street,manchester piccadilly,Friday,off-peak
2 days,liverpool lime street,manchester piccadilly,Sunday,advance
1 days,birmingham new street,manchester piccadilly,Saturday,advance
7 days,liverpool lime street,london st pancras,Friday,advance
13 days,london st pancras,birmingham new street,Thursday,advance
11 days,liverpool lime street,manchester piccadilly,Tuesday,advance
0 days,london euston,birmingham new street,Friday,off-peak
3 days,liverpool lime street,manchester piccadilly,Monday,advance
1 days,liverpool lime street,manchester piccadilly,Saturday,advance
12 days,manchester piccadilly,liverpool lime street,Wednesday,advance
6 days,manchester piccadilly,liverpool lime street,Thursday,advance
0 days,london kings cross,york,Friday,off-peak
0 days,manchester piccadilly,sheffield,Friday,off-peak
10 days,birmingham new street,liverpool lime street,Monday,advance
1 days,london kings cross,york,Saturday,advance
9 days,london st pancras,birmingham new street,Sunday,advance
2 days,london euston,birmingham new street,Sunday,advance
17 days,manchester piccadilly,liverpool lime street,Monday,advance
15 days,london st pancras,birmingham new street,Saturday,advance
5 days,london paddington,reading,Wednesday,advance
0 days,liverpool lime street,manchester piccadilly,Friday,off-peak
0 days,birmingham new street,reading,Friday,off-peak
9 days,liverpool lime street,manchester piccadilly,Sunday,advance
1 days,london st pancras,birmingham new street,Saturday,advance
1 days,london st pancras,birmingham new street,Saturday,advance
4 days,london st pancras,birmingham new street,Tuesday,advance
6 days,manchester piccadilly,liverpool lime street,Thursday,advance
11 days,london st pancras,birmingham new street,Tuesday,advance
15 days,london kings cross,york,Saturday,advance
11 days,london paddington,reading,Tuesday,advance
0 days,london euston,birmingham new street,Friday,off-peak
4 days,london paddington,reading,Tuesday,advance
21 days,london paddington,reading,Friday,advance
0 days,london kings cross,york,Friday,off-peak
0 days,london euston,birmingham new street,Friday,off-peak
19 days,london euston,birmingham new street,Wednesday,advance
1 days,london paddington,reading,Saturday,advance
1 days,liverpool lime street,manchester piccadilly,Saturday,advance
0 days,liverpool lime street,manchester piccadilly,Friday,off-peak
0 days,york,peterborough,Friday,anytime
3 days,london euston,birmingham new street,Monday,advance
0 days,manchester piccadilly,liverpool lime street,Friday,anytime
0 days,london kings cross,york,Friday,anytime
11 days,york,edinburgh waverley,Tuesday,advance
6 days,london euston,birmingham new street,Thursday,advance
19 days,london kings cross,york,Wednesday,advance
0 days,birmingham new street,manchester piccadilly,Friday,anytime
0 days,birmingham new street,manchester piccadilly,Friday,anytime
7 days,london euston,birmingham new street,Friday,advance
9 days,liverpool lime street,london euston,Sunday,advance
1 days,manchester piccadilly,liverpool lime street,Saturday,advance
1 days,reading,london paddington,Saturday,advance
5 days,london paddington,reading,Wednesday,advance
1 days,manchester piccadilly,liverpool lime street,Saturday,advance
0 days,london kings cross,york,Friday,anytime
1 days,london st pancras,birmingham new street,Saturday,advance
20 days,london paddington,reading,Thursday,advance
1 days,york,edinburgh,Saturday,advance
0 days,birmingham new street,stafford,Friday,anytime
1 days,london st pancras,birmingham new street,Saturday,advance
0 days,manchester piccadilly,liverpool lime street,Friday,anytime
0 days,london paddington,reading,Friday,anytime
1 days,liverpool lime street,manchester piccadilly,Saturday,advance
17 days,manchester piccadilly,liverpool lime street,Monday,advance
0 days,london st pancras,birmingham new street,Friday,anytime
0 days,manchester piccadilly,liverpool lime street,Friday,anytime
0 days,london euston,birmingham new street,Friday,anytime
3 days,manchester piccadilly,liverpool lime street,Monday,advance
15 days,london st pancras,birmingham new street,Saturday,advance
12 days,london st pancras,birmingham new street,Wednesday,advance
1 days,london paddington,reading,Saturday,advance
4 days,london paddington,reading,Tuesday,advance
14 days,london st pancras,birmingham new street,Friday,advance
2 days,london paddington,reading,Sunday,advance
16 days,london euston,birmingham new street,Sunday,advance
20 days,london kings cross,york,Thursday,advance
0 days,birmingham new street,coventry,Friday,anytime
0 days,manchester piccadilly,liverpool lime street,Friday,anytime
0 days,birmingham new street,tamworth,Friday,anytime
0 days,london paddington,reading,Friday,anytime
1 days,london euston,birmingham new street,Saturday,advance
0 days,manchester piccadilly,liverpool lime street,Friday,anytime
0 days,london st pancras,birmingham new street,Friday,anytime
0 days,birmingham new street,stafford,Friday,anytime
1 days,manchester piccadilly,liverpool lime street,Saturday,advance
11 days,london euston,birmingham new street,Tuesday,advance
15 days,london euston,birmingham new street,Saturday,advance
2 days,london paddington,reading,Sunday,advance
3 days,london euston,birmingham new street,Monday,advance
10 days,manchester piccadilly,liverpool lime street,Monday,advance
0 days,london st pancras,birmingham new street,Friday,off-peak
1 days,london kings cross,york,Saturday,advance
10 days,london euston,birmingham new street,Monday,advance
8 days,london kings cross,york,Saturday,advance
7 days,manchester piccadilly,liverpool lime street,Friday,advance
1 days,liverpool lime street,manchester piccadilly,Saturday,advance
5 days,london euston,birmingham new street,Wednesday,advance
19 days,manchester piccadilly,liverpool lime street,Wednesday,advance
1 days,london kings cross,york,Saturday,advance
15 days,liverpool lime street,manchester piccadilly,Saturday,advance
0 days,manchester piccadilly,liverpool lime street,Friday,off-peak
20 days,manchester piccadilly,liverpool lime street,Thursday,advance
1 days,london kings cross,york,Saturday,advance
0 days,london kings cross,york,Friday,off-peak
5 days,liverpool lime street,london euston,Wednesday,advance
7 days,liverpool lime street,leeds,Friday,advance
0 days,manchester piccadilly,liverpool lime street,Friday,anytime
0 days,manchester piccadilly,liverpool lime street,Friday,anytime
0 days,london paddington,reading,Friday,off-peak
0 days,london st pancras,birmingham new street,Friday,off-peak
6 days,liverpool lime street,manchester piccadilly,Thursday,advance
1 days,london kings cross,york,Saturday,advance
10 days,liverpool lime street,manchester piccadilly,Monday,advance
0 days,london paddington,reading,Friday,off-peak
16 days,london euston,birmingham new street,Sunday,advance
1 days,london kings cross,york,Saturday,advance
0 days,london euston,birmingham new street,Friday,off-peak
1 days,london euston,birmingham new street,Saturday,advance
1 days,london st pancras,birmingham new street,Saturday,advance
13 days,london st pancras,birmingham new street,Thursday,advance
19 days,london st pancras,leicester,Wednesday,advance
13 days,london st pancras,leicester,Thursday,advance
7 days,manchester piccadilly,liverpool lime street,Friday,advance
1 days,london euston,birmingham new street,Saturday,advance
13 days,manchester piccadilly,liverpool lime street,Thursday,advance
4 days,london euston,birmingham new street,Tuesday,advance
1 days,london euston,birmingham new street,Saturday,advance
12 days,london st pancras,leicester,Wednesday,advance
4 days,london st pancras,leicester,Tuesday,advance
13 days,manchester piccadilly,liverpool lime street,Thursday,advance
14 days,birmingham new street,tamworth,Friday,advance
12 days,london st pancras,birmingham new street,Wednesday,advance
8 days,manchester piccadilly,liverpool lime street,Saturday,advance
17 days,manchester piccadilly,warrington,Monday,advance
19 days,london euston,birmingham new street,Wednesday,advance
14 days,manchester piccadilly,liverpool lime street,Friday,advance
15 days,manchester piccadilly,liverpool lime street,Saturday,advance
1 days,london euston,birmingham new street,Saturday,advance
0 days,london euston,birmingham new street,Friday,off-peak
7 days,london st pancras,birmingham new street,Friday,advance
1 days,reading,liverpool lime street,Saturday,advance
0 days,london paddington,reading,Friday,off-peak
18 days,liverpool lime street,manchester piccadilly,Tuesday,advance
0 days,liverpool lime street,manchester piccadilly,Friday,off-peak
4 days,london euston,birmingham new street,Tuesday,advance
0 days,birmingham new street,liverpool lime street,Friday,off-peak
3 days,birmingham new street,tamworth,Monday,advance
10 days,birmingham new street,coventry,Monday,advance
16 days,birmingham new street,tamworth,Sunday,advance
1 days,manchester piccadilly,liverpool lime street,Saturday,advance
17 days,london euston,manchester piccadilly,Monday,advance
1 days,manchester piccadilly,liverpool lime street,Saturday,advance
18 days,london st pancras,birmingham new street,Tuesday,advance
6 days,birmingham new street,tamworth,Thursday,advance
15 days,london paddington,reading,Saturday,advance
7 days,manchester piccadilly,liverpool lime street,Friday,advance
11 days,london st pancras,birmingham new street,Tuesday,advance
4 days,london kings cross,york,Tuesday,advance
4 days,london euston,manchester piccadilly,Tuesday,advance
19 days,birmingham new street,nuneaton,Wednesday,advance
8 days,london st pancras,wolverhampton,Saturday,advance
6 days,london kings cross,york,Thursday,advance
18 days,london paddington,reading,Tuesday,advance
1 days,london st pancras,birmingham new street,Saturday,advance
15 days,london paddington,reading,Saturday,advance
12 days,london kings cross,york,Wednesday,advance
13 days,reading,swindon,Thursday,advance
3 days,birmingham new street,stafford,Monday,advance
3 days,birmingham new street,stafford,Monday,advance
22 days,manchester piccadilly,liverpool lime street,Saturday,advance
0 days,london paddington,reading,Friday,off-peak
15 days,manchester piccadilly,liverpool lime street,Saturday,advance
0 days,london euston,birmingham new street,Friday,off-peak
0 days,london paddington,reading,Friday,off-peak
11 days,liverpool lime street,manchester piccadilly,Tuesday,advance
2 days,london kings cross,york,Sunday,advance
12 days,london kings cross,york,Wednesday,advance
1 days,london paddington,reading,Saturday,advance
1 days,liverpool lime street,manchester piccadilly,Saturday,advance
3 days,london paddington,reading,Monday,advance
18 days,london euston,manchester piccadilly,Tuesday,advance
11 days,manchester piccadilly,sheffield,Tuesday,advance
11 days,london euston,manchester piccadilly,Tuesday,advance
8 days,oxford,bristol temple meads,Saturday,advance
1 days,manchester piccadilly,liverpool lime street,Saturday,advance
3 days,london euston,manchester piccadilly,Monday,advance
1 days,manchester piccadilly,liverpool lime street,Saturday,advance
17 days,oxford,bristol temple meads,Monday,advance
5 days,liverpool lime street,manchester piccadilly,Wednesday,advance
3 days,london euston,birmingham new street,Monday,advance
2 days,london paddington,reading,Sunday,advance
4 days,london euston,birmingham new street,Tuesday,advance
1 days,london euston,birmingham new street,Saturday,advance
1 days,liverpool lime street,manchester piccadilly,Saturday,advance
19 days,london euston,birmingham new street,Wednesday,advance
1 days,london euston,birmingham new street,Saturday,advance
1 days,london kings cross,york,Saturday,advance
1 days,liverpool lime street,leeds,Saturday,advance
1 days,manchester piccadilly,liverpool lime street,Saturday,advance
1 days,london kings cross,york,Saturday,advance
1 days,london kings cross,york,Saturday,advance
1 days,manchester piccadilly,london euston,Sunday,advance
0 days,oxford,bristol temple meads,Saturday,off-peak
18 days,london euston,birmingham new street,Wednesday,advance
16 days,london kings cross,edinburgh waverley,Monday,advance
0 days,london kings cross,liverpool lime street,Saturday,off-peak
6 days,london kings cross,edinburgh waverley,Friday,advance
8 days,liverpool lime street,manchester piccadilly,Sunday,advance
0 days,london euston,birmingham new street,Saturday,off-peak
0 days,london euston,birmingham new street,Saturday,off-peak
12 days,liverpool lime street,manchester piccadilly,Thursday,advance
0 days,manchester piccadilly,liverpool lime street,Saturday,off-peak
1 days,london paddington,reading,Sunday,advance
0 days,london st pancras,birmingham new street,Saturday,off-peak
0 days,manchester piccadilly,liverpool lime street,Saturday,off-peak
1 days,york,durham,Sunday,advance
11 days,london paddington,reading,Wednesday,advance
0 days,london kings cross,york,Saturday,off-peak
0 days,birmingham new street,london euston,Saturday,off-peak
1 days,london kings cross,york,Sunday,advance
5 days,manchester piccadilly,london paddington,Thursday,advance
1 days,manchester piccadilly,liverpool lime street,Sunday,advance
15 days,manchester piccadilly,liverpool lime street,Sunday,advance
0 days,london kings cross,york,Saturday,off-peak
0 days,london kings cross,york,Saturday,off-peak
13 days,london kings cross,york,Friday,advance
0 days,london euston,birmingham new street,Saturday,off-peak
0 days,london euston,birmingham new street,Saturday,off-peak
1 days,liverpool lime street,manchester piccadilly,Sunday,advance
16 days,liverpool lime street,leeds,Monday,advance
18 days,york,durham,Wednesday,advance
0 days,liverpool lime street,manchester piccadilly,Saturday,off-peak
1 days,london paddington,reading,Sunday,advance
1 days,manchester piccadilly,nottingham,Sunday,advance
18 days,manchester piccadilly,nottingham,Wednesday,advance
1 days,london euston,birmingham new street,Sunday,advance
2 days,london euston,birmingham new street,Monday,advance
1 days,london euston,birmingham new street,Sunday,advance
3 days,london st pancras,birmingham new street,Tuesday,advance
0 days,london kings cross,liverpool lime street,Saturday,off-peak
0 days,liverpool lime street,manchester piccadilly,Saturday,off-peak
18 days,manchester piccadilly,liverpool lime street,Wednesday,advance
0 days,manchester piccadilly,liverpool lime street,Saturday,off-peak
0 days,birmingham new street,london st pancras,Saturday,off-peak
0 days,london euston,birmingham new street,Saturday,off-peak
0 days,london euston,birmingham new street,Saturday,off-peak
0 days,manchester piccadilly,liverpool lime street,Saturday,off-peak
0 days,york,doncaster,Saturday,off-peak
0 days,birmingham new street,london st pancras,Saturday,off-peak
4 days,manchester piccadilly,london euston,Wednesday,advance
0 days,london paddington,reading,Saturday,off-peak
1 days,manchester piccadilly,sheffield,Sunday,advance
1 days,london euston,birmingham new street,Sunday,advance
1 days,london kings cross,york,Sunday,advance
1 days,london kings cross,york,Sunday,advance
9 days,london euston,birmingham new street,Monday,advance
5 days,liverpool lime street,manchester piccadilly,Thursday,advance
1 days,london paddington,reading,Sunday,advance
19 days,london euston,birmingham new street,Thursday,advance
15 days,manchester piccadilly,liverpool lime street,Sunday,advance
0 days,london kings cross,york,Saturday,off-peak
3 days,birmingham new street,london st pancras,Tuesday,advance
0 days,london kings cross,york,Saturday,off-peak
0 days,liverpool lime street,manchester piccadilly,Saturday,off-peak
1 days,london paddington,reading,Sunday,advance
0 days,london kings cross,york,Saturday,off-peak
18 days,birmingham new street,london st pancras,Wednesday,advance
1 days,london kings cross,york,Sunday,advance
1 days,manchester piccadilly,liverpool lime street,Sunday,advance
0 days,liverpool lime street,london euston,Saturday,off-peak
0 days,london euston,manchester piccadilly,Saturday,off-peak
1 days,liverpool lime street,sheffield,Sunday,advance
1 days,london kings cross,liverpool lime street,Sunday,advance
0 days,london paddington,reading,Saturday,off-peak
10 days,london kings cross,york,Tuesday,advance
0 days,liverpool lime street,london euston,Saturday,off-peak
2 days,london euston,birmingham new street,Monday,advance
0 days,london paddington,oxford,Saturday,off-peak
0 days,london paddington,reading,Saturday,off-peak
0 days,london kings cross,york,Saturday,off-peak
0 days,manchester piccadilly,leeds,Saturday,off-peak
0 days,london paddington,reading,Saturday,off-peak
0 days,manchester piccadilly,liverpool lime street,Saturday,off-peak
11 days,london kings cross,york,Wednesday,advance
0 days,liverpool lime street,manchester piccadilly,Saturday,off-peak
7 days,manchester piccadilly,liverpool lime street,Saturday,advance
8 days,manchester piccadilly,liverpool lime street,Sunday,advance
0 days,liverpool lime street,manchester piccadilly,Saturday,off-peak
11 days,manchester piccadilly,liverpool lime street,Wednesday,advance
19 days,manchester piccadilly,liverpool lime street,Thursday,advance
1 days,london euston,manchester piccadilly,Sunday,advance
10 days,birmingham new street,london st pancras,Tuesday,advance
11 days,birmingham new street,london st pancras,Wednesday,advance
15 days,london euston,birmingham new street,Sunday,advance
1 days,york,doncaster,Sunday,advance
17 days,london paddington,reading,Tuesday,advance
1 days,london euston,birmingham new street,Sunday,advance
19 days,london st pancras,wolverhampton,Thursday,advance
8 days,london euston,birmingham new street,Sunday,advance
19 days,london euston,manchester piccadilly,Thursday,advance
8 days,birmingham new street,london st pancras,Sunday,advance
1 days,london euston,birmingham new street,Sunday,advance
9 days,london paddington,reading,Monday,advance
1 days,london st pancras,wolverhampton,Sunday,advance
2 days,london euston,birmingham new street,Monday,advance
4 days,london euston,birmingham new street,Wednesday,advance
18 days,liverpool lime street,manchester piccadilly,Wednesday,advance
13 days,london paddington,reading,Friday,advance
1 days,london paddington,reading,Sunday,advance
12 days,london paddington,oxford,Thursday,advance
5 days,london paddington,oxford,Thursday,advance
2 days,london paddington,oxford,Monday,advance
1 days,liverpool lime street,manchester piccadilly,Sunday,advance
4 days,london paddington,reading,Wednesday,advance
1 days,london paddington,oxford,Sunday,advance
17 days,london paddington,oxford,Tuesday,advance
4 days,liverpool lime street,manchester piccadilly,Wednesday,advance
16 days,london st pancras,birmingham new street,Monday,advance
7 days,london kings cross,york,Saturday,advance
3 days,london kings cross,york,Tuesday,advance
8 days,london paddington,reading,Sunday,advance
11 days,london paddington,oxford,Wednesday,advance
4 days,birmingham new street,london st pancras,Wednesday,advance
1 days,london paddington,reading,Sunday,advance
4 days,manchester piccadilly,liverpool lime street,Wednesday,advance
7 days,london euston,birmingham new street,Saturday,advance
1 days,london paddington,reading,Sunday,advance
5 days,liverpool lime street,manchester piccadilly,Thursday,advance
1 days,london euston,birmingham new street,Sunday,advance
8 days,london st pancras,birmingham new street,Sunday,advance
3 days,york,peterborough,Tuesday,advance
0 days,london st pancras,birmingham new street,Saturday,off-peak
1 days,reading,swindon,Sunday,advance
14 days,reading,swindon,Saturday,advance
1 days,liverpool lime street,manchester piccadilly,Sunday,advance
0 days,london st pancras,birmingham new street,Saturday,off-peak
0 days,london st pancras,birmingham new street,Saturday,off-peak
0 days,london euston,birmingham new street,Saturday,off-peak
5 days,reading,oxford,Thursday,advance
2 days,london euston,manchester piccadilly,Monday,advance
1 days,reading,oxford,Sunday,advance
5 days,liverpool lime street,london euston,Thursday,advance
10 days,reading,oxford,Tuesday,advance
15 days,birmingham new street,london euston,Sunday,advance
1 days,liverpool lime street,london euston,Sunday,advance
1 days,reading,oxford,Sunday,advance
13 days,london st pancras,birmingham new street,Friday,advance
7 days,london paddington,reading,Saturday,advance
4 days,liverpool lime street,london euston,Wednesday,advance
17 days,reading,oxford,Tuesday,advance
1 days,london euston,manchester piccadilly,Sunday,advance
4 days,london euston,manchester piccadilly,Wednesday,advance
1 days,london euston,birmingham new street,Sunday,advance
8 days,london paddington,reading,Sunday,advance
13 days,london paddington,reading,Friday,advance
0 days,london paddington,reading,Saturday,off-peak
1 days,london euston,birmingham new street,Sunday,advance
12 days,london euston,birmingham new street,Thursday,advance
1 days,london paddington,reading,Sunday,advance
0 days,manchester piccadilly,liverpool lime street,Saturday,off-peak
7 days,london paddington,reading,Saturday,advance
8 days,london paddington,reading,Sunday,advance
2 days,liverpool lime street,manchester piccadilly,Monday,advance
10 days,london st pancras,birmingham new street,Tuesday,advance
17 days,london paddington,reading,Tuesday,advance
10 days,london st pancras,birmingham new street,Tuesday,advance
13 days,london st pancras,birmingham new street,Friday,advance
0 days,london st pancras,birmingham new street,Saturday,off-peak
17 days,manchester piccadilly,liverpool lime street,Tuesday,advance
3 days,liverpool lime street,manchester piccadilly,Tuesday,advance
0 days,manchester piccadilly,liverpool lime street,Saturday,off-peak
0 days,london paddington,reading,Saturday,off-peak
11 days,london kings cross,york,Wednesday,advance
0 days,london st pancras,birmingham new street,Saturday,off-peak
0 days,london euston,birmingham new street,Saturday,off-peak
0 days,london euston,birmingham new street,Saturday,off-peak
0 days,london euston,birmingham new street,Saturday,off-peak
1 days,birmingham new street,manchester piccadilly,Sunday,advance
14 days,london euston,birmingham new street,Saturday,advance
5 days,liverpool lime street,manchester piccadilly,Thursday,advance
5 days,manchester piccadilly,liverpool lime street,Thursday,advance
19 days,manchester piccadilly,liverpool lime street,Thursday,advance
14 days,london euston,birmingham new street,Saturday,advance
1 days,manchester piccadilly,liverpool lime street,Sunday,advance
1 days,manchester piccadilly,liverpool lime street,Sunday,advance
1 days,london st pancras,birmingham new street,Sunday,advance
1 days,london kings cross,york,Sunday,advance
1 days,york,edinburgh,Sunday,advance
0 days,london st pancras,birmingham new street,Saturday,off-peak
1 days,birmingham new street,liverpool lime street,Sunday,advance
1 days,oxford,bristol temple meads,Sunday,advance
0 days,london paddington,reading,Saturday,off-peak
12 days,liverpool lime street,manchester piccadilly,Thursday,advance
10 days,london kings cross,york,Tuesday,advance
14 days,london st pancras,birmingham new street,Saturday,advance
11 days,london euston,birmingham new street,Wednesday,advance
1 days,london st pancras,birmingham new street,Sunday,advance
1 days,london st pancras,birmingham new street,Sunday,advance
1 days,london st pancras,birmingham new street,Sunday,advance
1 days,london st pancras,birmingham new street,Sunday,advance
10 days,london kings cross,york,Tuesday,advance
11 days,london st pancras,birmingham new street,Wednesday,advance
1 days,london kings cross,york,Sunday,advance
1 days,london st pancras,birmingham new street,Sunday,advance
14 days,liverpool lime street,manchester piccadilly,Saturday,advance
1 days,london st pancras,birmingham new street,Sunday,advance
19 days,london paddington,reading,Thursday,advance
0 days,london euston,birmingham new street,Saturday,off-peak
0 days,london euston,birmingham new street,Saturday,off-peak
1 days,london kings cross,york,Sunday,advance
0 days,manchester piccadilly,liverpool lime street,Saturday,off-peak
0 days,london euston,birmingham new street,Saturday,off-peak
0 days,manchester piccadilly,liverpool lime street,Saturday,off-peak
0 days,london paddington,reading,Saturday,off-peak
0 days,manchester piccadilly,liverpool lime street,Saturday,off-peak
0 days,birmingham new street,manchester piccadilly,Saturday,off-peak
0 days,manchester piccadilly,liverpool lime street,Saturday,off-peak
0 days,london kings cross,york,Saturday,off-peak
8 days,manchester piccadilly,london paddington,Sunday,advance
11 days,london st pancras,birmingham new street,Wednesday,advance
0 days,london kings cross,york,Saturday,off-peak
20 days,liverpool lime street,manchester piccadilly,Friday,advance
1 days,london paddington,reading,Sunday,advance
1 days,london st pancras,birmingham new street,Sunday,advance
0 days,birmingham new street,stafford,Saturday,off-peak
14 days,liverpool lime street,sheffield,Saturday,advance
2 days,london st pancras,birmingham new street,Monday,advance
1 days,london euston,birmingham new street,Sunday,advance
14 days,london paddington,reading,Saturday,advance
16 days,london paddington,reading,Monday,advance
0 days,london kings cross,york,Saturday,off-peak
0 days,manchester piccadilly,liverpool lime street,Saturday,off-peak
1 days,birmingham new street,london euston,Sunday,advance
2 days,london kings cross,york,Monday,advance
8 days,edinburgh waverley,london kings cross,Sunday,advance
0 days,manchester piccadilly,liverpool lime street,Saturday,off-peak
0 days,birmingham new street,tamworth,Saturday,off-peak
0 days,manchester piccadilly,warrington,Saturday,off-peak
0 days,london euston,birmingham new street,Saturday,off-peak
16 days,manchester piccadilly,liverpool lime street,Monday,advance
1 days,london paddington,reading,Sunday,advance
5 days,london euston,birmingham new street,Thursday,advance
5 days,birmingham new street,liverpool lime street,Thursday,advance
0 days,liverpool lime street,london euston,Saturday,off-peak
0 days,liverpool lime street,london euston,Saturday,off-peak
10 days,reading,london paddington,Tuesday,advance
4 days,london paddington,reading,Wednesday,advance
0 days,birmingham new street,coventry,Saturday,off-peak
0 days,birmingham new street,tamworth,Saturday,off-peak
0 days,manchester piccadilly,liverpool lime street,Saturday,off-peak
0 days,london st pancras,birmingham new street,Saturday,off-peak
0 days,birmingham new street,nuneaton,Saturday,off-peak
0 days,manchester piccadilly,liverpool lime street,Saturday,off-peak
0 days,manchester piccadilly,liverpool lime street,Saturday,off-peak
1 days,birmingham new street,liverpool lime street,Sunday,advance
0 days,liverpool lime street,crewe,Saturday,off-peak
0 days,birmingham new street,tamworth,Saturday,off-peak
0 days,london paddington,reading,Saturday,off-peak
7 days,london kings cross,york,Saturday,advance
11 days,london kings cross,york,Wednesday,advance
11 days,liverpool lime street,manchester piccadilly,Wednesday,advance
16 days,london kings cross,york,Monday,advance
1 days,london euston,birmingham new street,Sunday,advance
1 days,london euston,birmingham new street,Sunday,advance
1 days,london euston,birmingham new street,Sunday,advance
8 days,london kings cross,york,Sunday,advance
16 days,manchester piccadilly,liverpool lime street,Monday,advance
14 days,london kings cross,liverpool lime street,Saturday,advance
2 days,london st pancras,leicester,Monday,advance
8 days,manchester piccadilly,liverpool lime street,Sunday,advance
2 days,liverpool lime street,london euston,Monday,advance
17 days,liverpool lime street,london euston,Tuesday,advance
1 days,liverpool lime street,london euston,Sunday,advance
0 days,manchester piccadilly,liverpool lime street,Saturday,off-peak
3 days,liverpool lime street,london euston,Tuesday,advance
1 days,london kings cross,york,Sunday,advance
19 days,london euston,birmingham new street,Thursday,advance
10 days,london euston,manchester piccadilly,Tuesday,advance
17 days,london euston,birmingham new street,Tuesday,advance
1 days,london st pancras,birmingham new street,Sunday,advance
1 days,london kings cross,york,Sunday,advance
10 days,london st pancras,birmingham new street,Tuesday,advance
1 days,manchester piccadilly,liverpool lime street,Sunday,advance
17 days,london kings cross,york,Tuesday,advance
5 days,london kings cross,york,Thursday,advance
1 days,liverpool lime street,manchester piccadilly,Sunday,advance
0 days,london paddington,reading,Saturday,off-peak
18 days,london kings cross,york,Wednesday,advance
18 days,london euston,birmingham new street,Wednesday,advance
0 days,liverpool lime street,manchester piccadilly,Saturday,off-peak
1 days,london euston,birmingham new street,Sunday,advance
5 days,london paddington,reading,Thursday,advance
3 days,london st pancras,leicester,Tuesday,advance
3 days,manchester piccadilly,liverpool lime street,Tuesday,advance
2 days,manchester piccadilly,liverpool lime street,Monday,advance
3 days,manchester piccadilly,liverpool lime street,Tuesday,advance
1 days,london st pancras,leicester,Sunday,advance
11 days,manchester piccadilly,liverpool lime street,Wednesday,advance
1 days,birmingham new street,tamworth,Sunday,advance
14 days,manchester piccadilly,liverpool lime street,Saturday,advance
18 days,liverpool lime street,manchester piccadilly,Wednesday,advance
0 days,london paddington,reading,Saturday,off-peak
3 days,london paddington,reading,Tuesday,advance
17 days,birmingham new street,tamworth,Tuesday,advance
1 days,london st pancras,birmingham new street,Sunday,advance
2 days,birmingham new street,coventry,Monday,advance
3 days,manchester piccadilly,liverpool lime street,Tuesday,advance
17 days,london kings cross,york,Tuesday,advance
5 days,london paddington,reading,Thursday,advance
9 days,reading,didcot,Monday,advance
3 days,london st pancras,birmingham new street,Tuesday,advance
18 days,london kings cross,york,Wednesday,advance
10 days,london kings cross,york,Tuesday,advance
13 days,manchester piccadilly,liverpool lime street,Friday,advance
6 days,london kings cross,york,Friday,advance
2 days,london euston,manchester piccadilly,Monday,advance
6 days,london st pancras,birmingham new street,Friday,advance
10 days,london st pancras,birmingham new street,Tuesday,advance
17 days,london st pancras,birmingham new street,Tuesday,advance
1 days,manchester piccadilly,liverpool lime street,Sunday,advance
1 days,manchester piccadilly,liverpool lime street,Sunday,advance
0 days,london euston,birmingham new street,Saturday,off-peak
7 days,liverpool lime street,manchester piccadilly,Saturday,advance
15 days,london paddington,reading,Sunday,advance
1 days,london st pancras,birmingham new street,Sunday,advance
4 days,london euston,manchester piccadilly,Wednesday,advance
1 days,london euston,manchester piccadilly,Sunday,advance
6 days,london st pancras,birmingham new street,Friday,advance
13 days,liverpool lime street,manchester piccadilly,Friday,advance
7 days,london euston,birmingham new street,Saturday,advance
16 days,london st pancras,birmingham new street,Monday,advance
1 days,liverpool lime street,manchester piccadilly,Sunday,advance
8 days,london paddington,reading,Sunday,advance
1 days,london paddington,reading,Sunday,advance
1 days,london kings cross,york,Sunday,advance
1 days,london euston,birmingham new street,Sunday,advance
6 days,london euston,birmingham new street,Friday,advance
16 days,london euston,birmingham new street,Monday,advance
14 days,london euston,birmingham new street,Saturday,advance
10 days,london euston,birmingham new street,Tuesday,advance
11 days,london euston,birmingham new street,Wednesday,advance
19 days,london st pancras,birmingham new street,Thursday,advance
19 days,london kings cross,york,Thursday,advance
10 days,london kings cross,york,Tuesday,advance
0 days,london paddington,reading,Sunday,off-peak
2 days,london euston,oxford,Tuesday,advance
0 days,manchester piccadilly,liverpool lime street,Sunday,off-peak
11 days,london paddington,reading,Thursday,advance
0 days,liverpool lime street,manchester piccadilly,Sunday,off-peak
0 days,london paddington,reading,Sunday,off-peak
0 days,london euston,manchester piccadilly,Sunday,off-peak
1 days,london st pancras,birmingham new street,Monday,advance
0 days,london kings cross,york,Sunday,off-peak
17 days,york,durham,Wednesday,advance
0 days,london kings cross,york,Sunday,off-peak
14 days,london paddington,reading,Sunday,advance
0 days,liverpool lime street,manchester piccadilly,Sunday,off-peak
1 days,manchester piccadilly,london euston,Monday,advance
3 days,liverpool lime street,manchester piccadilly,Wednesday,advance
12 days,london kings cross,york,Friday,advance
3 days,liverpool lime street,manchester piccadilly,Wednesday,advance
1 days,liverpool lime street,manchester piccadilly,Monday,advance
1 days,liverpool lime street,manchester piccadilly,Monday,advance
0 days,london euston,birmingham new street,Sunday,off-peak
13 days,liverpool lime street,manchester piccadilly,Saturday,advance
0 days,london euston,birmingham new street,Sunday,off-peak
0 days,london kings cross,york,Sunday,off-peak
0 days,birmingham new street,london st pancras,Sunday,off-peak
1 days,liverpool lime street,london euston,Monday,advance
12 days,london st pancras,birmingham new street,Friday,advance
1 days,manchester piccadilly,nottingham,Monday,advance
1 days,manchester piccadilly,nottingham,Monday,advance
10 days,liverpool lime street,manchester piccadilly,Wednesday,advance
12 days,london euston,birmingham new street,Friday,advance
18 days,liverpool lime street,manchester piccadilly,Thursday,advance
0 days,london euston,birmingham new street,Sunday,off-peak
6 days,london euston,birmingham new street,Saturday,advance
1 days,london euston,birmingham new street,Monday,advance
7 days,london euston,birmingham new street,Sunday,advance
1 days,london paddington,reading,Monday,advance
1 days,london euston,birmingham new street,Monday,advance
1 days,manchester piccadilly,sheffield,Monday,advance
0 days,manchester piccadilly,liverpool lime street,Sunday,off-peak
4 days,liverpool lime street,manchester piccadilly,Thursday,advance
0 days,manchester piccadilly,liverpool lime street,Sunday,off-peak
0 days,london kings cross,york,Sunday,off-peak
4 days,london paddington,reading,Thursday,advance
0 days,london kings cross,york,Sunday,off-peak
0 days,london kings cross,york,Sunday,off-peak
0 days,birmingham new street,nuneaton,Sunday,off-peak
0 days,birmingham new street,london st pancras,Sunday,off-peak
0 days,birmingham new street,london kings cross,Sunday,off-peak
1 days,york,birmingham new street,Monday,advance
1 days,london euston,birmingham new street,Monday,advance
0 days,manchester piccadilly,liverpool lime street,Sunday,off-peak
0 days,london paddington,reading,Sunday,off-peak
0 days,london euston,birmingham new street,Sunday,off-peak
9 days,london st pancras,birmingham new street,Tuesday,advance
0 days,york,peterborough,Sunday,off-peak
0 days,london kings cross,york,Sunday,off-peak
0 days,london kings cross,york,Sunday,off-peak
10 days,liverpool lime street,manchester piccadilly,Wednesday,advance
0 days,london paddington,london waterloo,Sunday,off-peak
16 days,london st pancras,birmingham new street,Tuesday,advance
0 days,london kings cross,york,Sunday,off-peak
14 days,london kings cross,york,Sunday,advance
8 days,london kings cross,york,Monday,advance
0 days,london kings cross,york,Sunday,off-peak
0 days,manchester piccadilly,liverpool lime street,Sunday,off-peak
3 days,liverpool lime street,manchester piccadilly,Wednesday,advance
15 days,london kings cross,york,Monday,advance
1 days,london kings cross,york,Monday,advance
18 days,london euston,birmingham new street,Thursday,advance
12 days,manchester piccadilly,liverpool lime street,Friday,advance
13 days,london st pancras,birmingham new street,Saturday,advance
0 days,london paddington,oxford,Sunday,off-peak
0 days,london paddington,reading,Sunday,off-peak
0 days,london kings cross,york,Sunday,off-peak
0 days,london paddington,reading,Sunday,off-peak
0 days,liverpool lime street,manchester piccadilly,Sunday,off-peak
0 days,london paddington,reading,Sunday,off-peak
9 days,manchester piccadilly,liverpool lime street,Tuesday,advance
15 days,manchester piccadilly,liverpool lime street,Monday,advance
1 days,liverpool lime street,manchester piccadilly,Monday,advance
1 days,manchester piccadilly,liverpool lime street,Monday,advance
18 days,oxford,bristol temple meads,Thursday,advance
12 days,london kings cross,york,Friday,advance
6 days,london kings cross,york,Saturday,advance
1 days,london kings cross,york,Monday,advance
1 days,london paddington,reading,Monday,advance
15 days,london kings cross,york,Monday,advance
3 days,london euston,birmingham new street,Wednesday,advance
1 days,london paddington,reading,Monday,advance
4 days,london kings cross,york,Thursday,advance
13 days,london kings cross,york,Saturday,advance
15 days,manchester piccadilly,liverpool lime street,Monday,advance
17 days,london st pancras,birmingham new street,Wednesday,advance
1 days,london euston,birmingham new street,Monday,advance
9 days,london euston,birmingham new street,Tuesday,advance
1 days,london euston,birmingham new street,Monday,advance
1 days,london st pancras,birmingham new street,Monday,advance
12 days,york,doncaster,Friday,advance
11 days,london euston,birmingham new street,Thursday,advance
10 days,birmingham new street,london st pancras,Wednesday,advance
5 days,birmingham new street,london st pancras,Friday,advance
12 days,london euston,birmingham new street,Friday,advance
1 days,birmingham new street,london kings cross,Monday,advance
1 days,birmingham new street,london st pancras,Monday,advance
18 days,london euston,manchester piccadilly,Thursday,advance
17 days,york,doncaster,Wednesday,advance
2 days,birmingham new street,stafford,Tuesday,advance
0 days,london euston,birmingham new street,Sunday,off-peak
12 days,liverpool lime street,manchester piccadilly,Friday,advance
1 days,london paddington,reading,Monday,advance
1 days,london st pancras,birmingham new street,Monday,advance
2 days,london paddington,reading,Tuesday,advance
1 days,london st pancras,birmingham new street,Monday,advance
1 days,liverpool lime street,manchester piccadilly,Monday,advance
15 days,london paddington,reading,Monday,advance
1 days,london paddington,oxford,Monday,advance
7 days,london paddington,reading,Sunday,advance
7 days,london kings cross,york,Sunday,advance
10 days,liverpool lime street,manchester piccadilly,Wednesday,advance
2 days,london paddington,oxford,Tuesday,advance
0 days,london kings cross,york,Sunday,off-peak
7 days,london paddington,reading,Sunday,advance
2 days,london kings cross,york,Tuesday,advance
13 days,london paddington,reading,Saturday,advance
2 days,london paddington,reading,Tuesday,advance
10 days,london kings cross,york,Wednesday,advance
7 days,manchester piccadilly,liverpool lime street,Sunday,advance
1 days,liverpool lime street,manchester piccadilly,Monday,advance
1 days,london paddington,reading,Monday,advance
1 days,london kings cross,york,Monday,advance
2 days,reading,swindon,Tuesday,advance
14 days,york,doncaster,Sunday,advance
17 days,london kings cross,york,Wednesday,advance
1 days,york,peterborough,Monday,advance
1 days,reading,swindon,Monday,advance
14 days,reading,swindon,Sunday,advance
1 days,london kings cross,york,Monday,advance
9 days,london st pancras,birmingham new street,Tuesday,advance
17 days,liverpool lime street,london euston,Wednesday,advance
0 days,london euston,birmingham new street,Sunday,off-peak
7 days,london paddington,reading,Sunday,advance
11 days,liverpool lime street,london euston,Thursday,advance
1 days,liverpool lime street,london euston,Monday,advance
15 days,liverpool lime street,london euston,Monday,advance
10 days,reading,oxford,Wednesday,advance
10 days,london euston,manchester piccadilly,Wednesday,advance
1 days,liverpool lime street,london euston,Monday,advance
13 days,london st pancras,birmingham new street,Saturday,advance
1 days,manchester piccadilly,leeds,Monday,advance
0 days,liverpool lime street,manchester piccadilly,Sunday,off-peak
11 days,london st pancras,birmingham new street,Thursday,advance
1 days,london euston,birmingham new street,Monday,advance
1 days,london paddington,reading,Monday,advance
10 days,manchester piccadilly,liverpool lime street,Wednesday,advance
16 days,liverpool lime street,london paddington,Tuesday,advance
14 days,london euston,birmingham new street,Sunday,advance
13 days,london paddington,reading,Saturday,advance
1 days,liverpool lime street,manchester piccadilly,Monday,advance
1 days,manchester piccadilly,liverpool lime street,Monday,advance
0 days,liverpool lime street,manchester piccadilly,Sunday,off-peak
14 days,london paddington,reading,Sunday,advance
18 days,london paddington,reading,Thursday,advance
1 days,london paddington,reading,Monday,advance
8 days,london paddington,reading,Monday,advance
1 days,london kings cross,york,Monday,advance
1 days,manchester piccadilly,liverpool lime street,Monday,advance
15 days,london paddington,reading,Monday,advance
13 days,birmingham new street,london st pancras,Saturday,advance
0 days,birmingham new street,manchester piccadilly,Sunday,off-peak
0 days,london st pancras,birmingham new street,Sunday,off-peak
4 days,liverpool lime street,manchester piccadilly,Thursday,advance
9 days,manchester piccadilly,liverpool lime street,Tuesday,advance
3 days,liverpool lime street,manchester piccadilly,Wednesday,advance
0 days,manchester piccadilly,liverpool lime street,Sunday,off-peak
5 days,london paddington,reading,Friday,advance
16 days,manchester piccadilly,liverpool lime street,Tuesday,advance
3 days,london paddington,reading,Wednesday,advance
12 days,liverpool lime street,manchester piccadilly,Friday,advance
0 days,york,edinburgh,Sunday,off-peak
0 days,liverpool lime street,manchester piccadilly,Sunday,off-peak
0 days,london euston,manchester piccadilly,Sunday,off-peak
0 days,liverpool lime street,manchester piccadilly,Sunday,off-peak
0 days,manchester piccadilly,liverpool lime street,Sunday,off-peak
0 days,manchester piccadilly,sheffield,Sunday,off-peak
3 days,liverpool lime street,manchester piccadilly,Wednesday,advance
13 days,manchester piccadilly,sheffield,Saturday,advance
17 days,manchester piccadilly,liverpool lime street,Wednesday,advance
7 days,liverpool lime street,manchester piccadilly,Sunday,advance
4 days,birmingham new street,liverpool lime street,Thursday,advance
9 days,liverpool lime street,manchester piccadilly,Tuesday,advance
0 days,london kings cross,york,Sunday,off-peak
1 days,london st pancras,birmingham new street,Monday,advance
4 days,london paddington,reading,Thursday,advance
0 days,york,edinburgh,Sunday,off-peak
4 days,london paddington,reading,Thursday,advance
1 days,manchester piccadilly,liverpool lime street,Monday,advance
1 days,london st pancras,birmingham new street,Monday,advance
1 days,london st pancras,birmingham new street,Monday,advance
16 days,london st pancras,birmingham new street,Tuesday,advance
1 days,london st pancras,birmingham new street,Monday,advance
0 days,london euston,birmingham new street,Sunday,off-peak
1 days,london paddington,reading,Monday,advance
2 days,liverpool lime street,manchester piccadilly,Tuesday,advance
8 days,london paddington,reading,Monday,advance
0 days,york,edinburgh,Sunday,off-peak
11 days,london paddington,reading,Thursday,advance
1 days,london paddington,reading,Monday,advance
15 days,manchester piccadilly,liverpool lime street,Monday,advance
0 days,london st pancras,birmingham new street,Sunday,off-peak
1 days,london kings cross,york,Monday,advance
0 days,london kings cross,york,Sunday,off-peak
0 days,london euston,birmingham new street,Sunday,off-peak
4 days,london euston,birmingham new street,Thursday,advance
9 days,birmingham new street,london st pancras,Tuesday,advance
2 days,manchester piccadilly,liverpool lime street,Tuesday,advance
10 days,london paddington,reading,Wednesday,advance
2 days,manchester piccadilly,sheffield,Tuesday,advance
9 days,manchester piccadilly,liverpool lime street,Tuesday,advance
12 days,manchester piccadilly,liverpool lime street,Friday,advance
0 days,london kings cross,york,Sunday,off-peak
1 days,liverpool lime street,manchester piccadilly,Monday,advance
0 days,birmingham new street,stafford,Sunday,off-peak
4 days,london paddington,reading,Thursday,advance
0 days,manchester piccadilly,liverpool lime street,Sunday,off-peak
0 days,london euston,birmingham new street,Sunday,off-peak
8 days,london st pancras,birmingham new street,Monday,advance
0 days,london paddington,reading,Sunday,off-peak
1 days,manchester piccadilly,liverpool lime street,Monday,advance
11 days,london paddington,reading,Thursday,advance
0 days,liverpool lime street,manchester piccadilly,Sunday,off-peak
3 days,london paddington,manchester piccadilly,Wednesday,advance
0 days,liverpool lime street,manchester piccadilly,Sunday,off-peak
1 days,london kings cross,york,Monday,advance
0 days,london euston,birmingham new street,Sunday,off-peak
11 days,edinburgh waverley,london kings cross,Thursday,advance
0 days,manchester piccadilly,liverpool lime street,Sunday,off-peak
14 days,london paddington,reading,Sunday,advance
0 days,london paddington,reading,Sunday,off-peak
0 days,london st pancras,birmingham new street,Sunday,off-peak
1 days,manchester piccadilly,liverpool lime street,Monday,advance
15 days,london paddington,reading,Monday,advance
2 days,london paddington,reading,Tuesday,advance
16 days,london paddington,reading,Tuesday,advance
18 days,london st pancras,birmingham new street,Thursday,advance
0 days,reading,liverpool lime street,Sunday,off-peak
0 days,liverpool lime street,london euston,Sunday,off-peak
8 days,london euston,birmingham new street,Monday,advance
3 days,london st pancras,birmingham new street,Wednesday,advance
3 days,london st pancras,birmingham new street,Wednesday,advance
0 days,london st pancras,birmingham new street,Sunday,off-peak
0 days,manchester piccadilly,liverpool lime street,Sunday,off-peak
1 days,london euston,birmingham new street,Monday,advance
0 days,birmingham new street,nuneaton,Sunday,off-peak
0 days,london st pancras,wolverhampton,Sunday,off-peak
0 days,london euston,birmingham new street,Sunday,off-peak
16 days,london st pancras,birmingham new street,Tuesday,advance
1 days,manchester piccadilly,liverpool lime street,Monday,advance
1 days,london kings cross,york,Monday,advance
0 days,london st pancras,birmingham new street,Sunday,off-peak
0 days,london st pancras,birmingham new street,Sunday,off-peak
1 days,london euston,birmingham new street,Monday,advance
5 days,london euston,birmingham new street,Friday,advance
15 days,london euston,birmingham new street,Monday,advance
3 days,london paddington,reading,Wednesday,advance
7 days,manchester piccadilly,liverpool lime street,Sunday,advance
1 days,london kings cross,york,Monday,advance
9 days,london kings cross,liverpool lime street,Tuesday,advance
9 days,manchester piccadilly,liverpool lime street,Tuesday,advance
1 days,liverpool lime street,manchester piccadilly,Monday,advance
2 days,london kings cross,york,Tuesday,advance
7 days,manchester piccadilly,liverpool lime street,Sunday,advance
11 days,liverpool lime street,london euston,Thursday,advance
6 days,liverpool lime street,london euston,Saturday,advance
0 days,london st pancras,leicester,Sunday,off-peak
0 days,manchester piccadilly,liverpool lime street,Sunday,off-peak
1 days,manchester piccadilly,london euston,Monday,advance
0 days,london euston,birmingham new street,Sunday,off-peak
9 days,london st pancras,birmingham new street,Tuesday,advance
17 days,birmingham new street,london euston,Wednesday,advance
10 days,london kings cross,york,Wednesday,advance
1 days,manchester piccadilly,liverpool lime street,Monday,advance
1 days,london kings cross,york,Monday,advance
18 days,london paddington,reading,Thursday,advance
15 days,london euston,birmingham new street,Monday,advance
3 days,manchester piccadilly,liverpool lime street,Wednesday,advance
4 days,liverpool lime street,manchester piccadilly,Thursday,advance
1 days,london st pancras,leicester,Monday,advance
1 days,manchester piccadilly,liverpool lime street,Monday,advance
11 days,london st pancras,leicester,Thursday,advance
9 days,manchester piccadilly,liverpool lime street,Tuesday,advance
3 days,london st pancras,birmingham new street,Wednesday,advance
7 days,manchester piccadilly,liverpool lime street,Sunday,advance
2 days,london euston,birmingham new street,Tuesday,advance
1 days,london st pancras,birmingham new street,Monday,advance
1 days,london euston,birmingham new street,Monday,advance
1 days,reading,swindon,Monday,advance
12 days,manchester piccadilly,liverpool lime street,Friday,advance
0 days,london euston,birmingham new street,Sunday,off-peak
11 days,london paddington,reading,Thursday,advance
16 days,birmingham new street,york,Tuesday,advance
1 days,liverpool lime street,manchester piccadilly,Monday,advance
0 days,liverpool lime street,manchester piccadilly,Sunday,off-peak
3 days,birmingham new street,nuneaton,Wednesday,advance
4 days,birmingham new street,tamworth,Thursday,advance
11 days,manchester piccadilly,liverpool lime street,Thursday,advance
5 days,london st pancras,birmingham new street,Friday,advance
1 days,london paddington,reading,Monday,advance
3 days,manchester piccadilly,liverpool lime street,Wednesday,advance
3 days,london st pancras,birmingham new street,Wednesday,advance
13 days,manchester piccadilly,liverpool lime street,Saturday,advance
12 days,birmingham new street,nuneaton,Friday,advance
13 days,manchester piccadilly,liverpool lime street,Saturday,advance
17 days,london st pancras,birmingham new street,Wednesday,advance
13 days,birmingham new street,nuneaton,Saturday,advance
1 days,london st pancras,birmingham new street,Monday,advance
18 days,manchester piccadilly,liverpool lime street,Thursday,advance
15 days,birmingham new street,coventry,Monday,advance
1 days,london kings cross,york,Monday,advance
0 days,london euston,birmingham new street,Sunday,off-peak
5 days,london kings cross,york,Friday,advance
1 days,london paddington,reading,Monday,advance
8 days,london paddington,reading,Monday,advance
10 days,london kings cross,york,Wednesday,advance
4 days,london paddington,reading,Thursday,advance
10 days,london st pancras,birmingham new street,Wednesday,advance
1 days,manchester piccadilly,liverpool lime street,Monday,advance
1 days,birmingham new street,liverpool lime street,Monday,advance
12 days,london kings cross,york,Friday,advance
13 days,london paddington,reading,Saturday,advance
1 days,london kings cross,york,Monday,advance
17 days,birmingham new street,liverpool lime street,Wednesday,advance
14 days,london kings cross,york,Sunday,advance
16 days,london euston,birmingham new street,Tuesday,advance
13 days,london euston,birmingham new street,Saturday,advance
17 days,london euston,manchester piccadilly,Wednesday,advance
0 days,liverpool lime street,manchester piccadilly,Monday,off-peak
8 days,london euston,birmingham new street,Tuesday,advance
17 days,london st pancras,birmingham new street,Thursday,advance
0 days,oxford,bristol temple meads,Monday,off-peak
12 days,oxford,bristol temple meads,Saturday,advance
9 days,liverpool lime street,manchester piccadilly,Wednesday,advance
8 days,london kings cross,edinburgh waverley,Tuesday,advance
0 days,york,durham,Monday,off-peak
4 days,london kings cross,edinburgh waverley,Friday,advance
0 days,liverpool lime street,manchester piccadilly,Monday,off-peak
0 days,manchester piccadilly,nottingham,Monday,off-peak
4 days,liverpool lime street,manchester piccadilly,Friday,advance
0 days,london euston,birmingham new street,Monday,off-peak
0 days,london euston,birmingham new street,Monday,off-peak
16 days,liverpool lime street,london euston,Wednesday,advance
0 days,london euston,birmingham new street,Monday,off-peak
0 days,manchester piccadilly,sheffield,Monday,off-peak
0 days,manchester piccadilly,liverpool lime street,Monday,off-peak
11 days,london st pancras,birmingham new street,Friday,advance
1 days,manchester piccadilly,liverpool lime street,Tuesday,advance
0 days,liverpool lime street,manchester piccadilly,Monday,off-peak
1 days,liverpool lime street,manchester piccadilly,Tuesday,advance
14 days,liverpool lime street,manchester piccadilly,Monday,advance
0 days,birmingham new street,london st pancras,Monday,off-peak
12 days,london kings cross,york,Saturday,advance
16 days,oxford,bristol temple meads,Wednesday,advance
1 days,manchester piccadilly,nottingham,Tuesday,advance
7 days,manchester piccadilly,nottingham,Monday,advance
0 days,london kings cross,york,Monday,off-peak
13 days,manchester piccadilly,nottingham,Sunday,advance
5 days,liverpool lime street,manchester piccadilly,Saturday,advance
3 days,london euston,birmingham new street,Thursday,advance
10 days,london paddington,reading,Thursday,advance
11 days,liverpool lime street,manchester piccadilly,Friday,advance
17 days,liverpool lime street,manchester piccadilly,Thursday,advance
7 days,manchester piccadilly,liverpool lime street,Monday,advance
0 days,london kings cross,york,Monday,off-peak
0 days,london paddington,reading,Monday,off-peak
0 days,london st pancras,birmingham new street,Monday,off-peak
0 days,oxford,bristol temple meads,Monday,anytime
10 days,london paddington,reading,Thursday,advance
3 days,manchester piccadilly,london euston,Thursday,advance
6 days,manchester piccadilly,liverpool lime street,Sunday,advance
15 days,manchester piccadilly,london euston,Tuesday,advance
0 days,london euston,birmingham new street,Monday,anytime
15 days,manchester piccadilly,liverpool lime street,Tuesday,advance
14 days,london euston,birmingham new street,Monday,advance
0 days,manchester piccadilly,liverpool lime street,Monday,anytime
0 days,london paddington,reading,Monday,anytime
14 days,london paddington,reading,Monday,advance
0 days,london euston,birmingham new street,Monday,anytime
6 days,liverpool lime street,manchester piccadilly,Sunday,advance
6 days,liverpool lime street,manchester piccadilly,Sunday,advance
1 days,birmingham new street,london st pancras,Tuesday,advance
2 days,birmingham new street,london st pancras,Wednesday,advance
3 days,london st pancras,birmingham new street,Thursday,advance
7 days,liverpool lime street,manchester piccadilly,Monday,advance
10 days,manchester piccadilly,london paddington,Thursday,advance
10 days,liverpool lime street,manchester piccadilly,Thursday,advance
0 days,liverpool lime street,crewe,Monday,anytime
1 days,birmingham new street,london st pancras,Tuesday,advance
0 days,york,peterborough,Monday,anytime
0 days,york,doncaster,Monday,anytime
13 days,birmingham new street,london st pancras,Sunday,advance
1 days,london kings cross,york,Tuesday,advance
0 days,liverpool lime street,london euston,Monday,anytime
1 days,london kings cross,york,Tuesday,advance
0 days,london st pancras,birmingham new street,Monday,anytime
0 days,liverpool lime street,london euston,Monday,anytime
0 days,london euston,birmingham new street,Monday,anytime
0 days,manchester piccadilly,liverpool lime street,Monday,anytime
9 days,london euston,birmingham new street,Wednesday,advance
17 days,london euston,birmingham new street,Thursday,advance
8 days,liverpool lime street,manchester piccadilly,Tuesday,advance
0 days,london paddington,oxford,Monday,anytime
1 days,london paddington,reading,Tuesday,advance
0 days,london paddington,oxford,Monday,anytime
0 days,london paddington,reading,Monday,anytime
0 days,london st pancras,birmingham new street,Monday,anytime
8 days,liverpool lime street,manchester piccadilly,Tuesday,advance
3 days,manchester piccadilly,liverpool lime street,Thursday,advance
0 days,liverpool lime street,manchester piccadilly,Monday,off-peak
0 days,london euston,birmingham new street,Monday,off-peak
8 days,london euston,birmingham new street,Tuesday,advance
0 days,london kings cross,edinburgh waverley,Monday,anytime
13 days,manchester piccadilly,liverpool lime street,Sunday,advance
16 days,manchester piccadilly,liverpool lime street,Wednesday,advance
4 days,london paddington,reading,Friday,advance
1 days,manchester piccadilly,liverpool lime street,Tuesday,advance
8 days,london paddington,reading,Tuesday,advance
1 days,liverpool lime street,manchester piccadilly,Tuesday,advance
5 days,london kings cross,york,Saturday,advance
5 days,london euston,manchester piccadilly,Saturday,advance
13 days,birmingham new street,london st pancras,Sunday,advance
7 days,birmingham new street,london st pancras,Monday,advance
6 days,birmingham new street,london st pancras,Sunday,advance
1 days,london euston,birmingham new street,Tuesday,advance
16 days,birmingham new street,london st pancras,Wednesday,advance
6 days,birmingham new street,nuneaton,Sunday,advance
1 days,london euston,manchester piccadilly,Tuesday,advance
1 days,london kings cross,york,Tuesday,advance
7 days,london paddington,oxford,Monday,advance
1 days,london paddington,reading,Tuesday,advance
10 days,london st pancras,birmingham new street,Thursday,advance
3 days,london paddington,reading,Thursday,advance
1 days,london paddington,reading,Tuesday,advance
13 days,london paddington,reading,Sunday,advance
3 days,london paddington,reading,Thursday,advance
1 days,london paddington,oxford,Tuesday,advance
0 days,london euston,birmingham new street,Monday,off-peak
0 days,london kings cross,york,Monday,off-peak
6 days,london paddington,oxford,Sunday,advance
6 days,london kings cross,york,Sunday,advance
1 days,london paddington,oxford,Tuesday,advance
15 days,london paddington,oxford,Tuesday,advance
1 days,london paddington,reading,Tuesday,advance
17 days,manchester piccadilly,liverpool lime street,Thursday,advance
1 days,london paddington,reading,Tuesday,advance
15 days,london kings cross,york,Tuesday,advance
1 days,london kings cross,york,Tuesday,advance
13 days,reading,swindon,Sunday,advance
16 days,london kings cross,york,Wednesday,advance
1 days,london kings cross,york,Tuesday,advance
9 days,reading,swindon,Wednesday,advance
12 days,york,peterborough,Saturday,advance
1 days,york,doncaster,Tuesday,advance
12 days,liverpool lime street,manchester piccadilly,Saturday,advance
1 days,manchester piccadilly,london paddington,Tuesday,advance
17 days,london euston,manchester piccadilly,Thursday,advance
1 days,liverpool lime street,london euston,Tuesday,advance
0 days,london euston,birmingham new street,Monday,off-peak
12 days,liverpool lime street,london euston,Saturday,advance
16 days,liverpool lime street,london euston,Wednesday,advance
15 days,london kings cross,york,Tuesday,advance
3 days,liverpool lime street,london euston,Thursday,advance
15 days,liverpool lime street,london euston,Tuesday,advance
12 days,london euston,birmingham new street,Saturday,advance
16 days,london euston,birmingham new street,Wednesday,advance
1 days,london euston,birmingham new street,Tuesday,advance
1 days,manchester piccadilly,liverpool lime street,Tuesday,advance
0 days,london euston,birmingham new street,Monday,off-peak
1 days,london paddington,reading,Tuesday,advance
14 days,london euston,birmingham new street,Monday,advance
1 days,london paddington,reading,Tuesday,advance
10 days,london st pancras,birmingham new street,Thursday,advance
12 days,birmingham new street,london st pancras,Saturday,advance
7 days,london st pancras,birmingham new street,Monday,advance
7 days,liverpool lime street,manchester piccadilly,Monday,advance
6 days,london kings cross,york,Sunday,advance
13 days,london paddington,reading,Sunday,advance
1 days,liverpool lime street,birmingham new street,Tuesday,advance
0 days,manchester piccadilly,liverpool lime street,Monday,off-peak
17 days,manchester piccadilly,liverpool lime street,Thursday,advance
2 days,london euston,birmingham new street,Wednesday,advance
14 days,manchester piccadilly,liverpool lime street,Monday,advance
12 days,manchester piccadilly,liverpool lime street,Saturday,advance
1 days,liverpool lime street,manchester piccadilly,Tuesday,advance
1 days,oxford,bristol temple meads,Tuesday,advance
16 days,york,edinburgh,Wednesday,advance
14 days,london st pancras,birmingham new street,Monday,advance
17 days,london st pancras,birmingham new street,Thursday,advance
7 days,london paddington,liverpool lime street,Monday,advance
11 days,manchester piccadilly,liverpool lime street,Friday,advance
0 days,london kings cross,york,Monday,off-peak
0 days,manchester piccadilly,liverpool lime street,Monday,off-peak
16 days,london kings cross,york,Wednesday,advance
0 days,london paddington,reading,Monday,off-peak
14 days,london st pancras,birmingham new street,Monday,advance
15 days,london kings cross,york,Tuesday,advance
1 days,london st pancras,birmingham new street,Tuesday,advance
0 days,london kings cross,york,Monday,off-peak
0 days,london kings cross,york,Monday,anytime
1 days,london euston,birmingham new street,Tuesday,advance
1 days,london kings cross,york,Tuesday,advance
14 days,liverpool lime street,manchester piccadilly,Monday,advance
4 days,liverpool lime street,london euston,Friday,advance
17 days,london euston,birmingham new street,Thursday,advance
0 days,birmingham new street,manchester piccadilly,Monday,anytime
11 days,london euston,birmingham new street,Friday,advance
7 days,london euston,birmingham new street,Monday,advance
0 days,london kings cross,york,Monday,anytime
1 days,london kings cross,york,Tuesday,advance
1 days,liverpool lime street,sheffield,Tuesday,advance
10 days,liverpool lime street,manchester piccadilly,Thursday,advance
7 days,london euston,birmingham new street,Monday,advance
2 days,liverpool lime street,manchester piccadilly,Wednesday,advance
14 days,london paddington,reading,Monday,advance
0 days,liverpool lime street,london euston,Monday,anytime
0 days,london paddington,reading,Monday,anytime
0 days,liverpool lime street,manchester piccadilly,Monday,anytime
5 days,london st pancras,birmingham new street,Saturday,advance
0 days,liverpool lime street,manchester piccadilly,Monday,anytime
0 days,manchester piccadilly,liverpool lime street,Monday,anytime
9 days,london kings cross,york,Wednesday,advance
1 days,london st pancras,birmingham new street,Tuesday,advance
0 days,birmingham new street,tamworth,Monday,anytime
2 days,london kings cross,york,Wednesday,advance
16 days,manchester piccadilly,liverpool lime street,Wednesday,advance
16 days,london paddington,reading,Wednesday,advance
17 days,london euston,birmingham new street,Thursday,advance
1 days,london st pancras,birmingham new street,Tuesday,advance
1 days,london euston,birmingham new street,Tuesday,advance
0 days,liverpool lime street,london euston,Monday,anytime
10 days,london kings cross,york,Thursday,advance
0 days,london st pancras,birmingham new street,Monday,anytime
0 days,birmingham new street,tamworth,Monday,anytime
0 days,manchester piccadilly,liverpool lime street,Monday,anytime
5 days,manchester piccadilly,liverpool lime street,Saturday,advance
1 days,london euston,birmingham new street,Tuesday,advance
0 days,london st pancras,birmingham new street,Monday,anytime
5 days,london euston,birmingham new street,Saturday,advance
0 days,birmingham new street,nuneaton,Monday,anytime
16 days,manchester piccadilly,liverpool lime street,Wednesday,advance
17 days,london euston,birmingham new street,Thursday,advance
4 days,manchester piccadilly,liverpool lime street,Friday,advance
8 days,london euston,birmingham new street,Tuesday,advance
9 days,london euston,birmingham new street,Wednesday,advance
16 days,london euston,birmingham new street,Wednesday,advance
10 days,manchester piccadilly,liverpool lime street,Thursday,advance
6 days,london euston,birmingham new street,Sunday,advance
15 days,london euston,birmingham new street,Tuesday,advance
1 days,london st pancras,leicester,Tuesday,advance
1 days,london euston,birmingham new street,Tuesday,advance
17 days,birmingham new street,manchester piccadilly,Thursday,advance
1 days,manchester piccadilly,london euston,Tuesday,advance
11 days,london euston,birmingham new street,Friday,advance
1 days,manchester piccadilly,london euston,Tuesday,advance
0 days,london st pancras,leicester,Monday,anytime
0 days,london kings cross,york,Monday,off-peak
0 days,london st pancras,leicester,Monday,anytime
0 days,london st pancras,leicester,Monday,anytime
0 days,manchester piccadilly,liverpool lime street,Monday,anytime
0 days,london st pancras,leicester,Monday,anytime
1 days,liverpool lime street,manchester piccadilly,Tuesday,advance
1 days,london st pancras,birmingham new street,Tuesday,advance
11 days,london kings cross,york,Friday,advance
1 days,london kings cross,york,Tuesday,advance
1 days,liverpool lime street,manchester piccadilly,Tuesday,advance
7 days,liverpool lime street,manchester piccadilly,Monday,advance
0 days,oxford,bristol temple meads,Monday,off-peak
16 days,london euston,birmingham new street,Wednesday,advance
0 days,manchester piccadilly,sheffield,Monday,off-peak
1 days,reading,oxford,Tuesday,advance
0 days,birmingham new street,liverpool lime street,Monday,off-peak
11 days,london st pancras,leicester,Friday,advance
1 days,manchester piccadilly,liverpool lime street,Tuesday,advance
8 days,london st pancras,leicester,Tuesday,advance
7 days,london st pancras,leicester,Monday,advance
7 days,manchester piccadilly,liverpool lime street,Monday,advance
9 days,london euston,birmingham new street,Wednesday,advance
6 days,london euston,birmingham new street,Sunday,advance
10 days,manchester piccadilly,liverpool lime street,Thursday,advance
1 days,manchester piccadilly,liverpool lime street,Tuesday,advance
4 days,manchester piccadilly,liverpool lime street,Friday,advance
8 days,london euston,birmingham new street,Tuesday,advance
14 days,reading,liverpool lime street,Monday,advance
9 days,reading,liverpool lime street,Wednesday,advance
13 days,london st pancras,birmingham new street,Sunday,advance
9 days,birmingham new street,coventry,Wednesday,advance
1 days,london st pancras,birmingham new street,Tuesday,advance
15 days,london st pancras,birmingham new street,Tuesday,advance
7 days,liverpool lime street,crewe,Monday,advance
1 days,liverpool lime street,crewe,Tuesday,advance
16 days,manchester piccadilly,liverpool lime street,Wednesday,advance
17 days,birmingham new street,coventry,Thursday,advance
12 days,birmingham new street,nuneaton,Saturday,advance
9 days,london st pancras,birmingham new street,Wednesday,advance
7 days,london kings cross,york,Monday,advance
6 days,birmingham new street,tamworth,Sunday,advance
12 days,london st pancras,birmingham new street,Saturday,advance
1 days,birmingham new street,nuneaton,Tuesday,advance
9 days,birmingham new street,tamworth,Wednesday,advance
7 days,london kings cross,york,Monday,advance
5 days,reading,didcot,Saturday,advance
8 days,london kings cross,york,Tuesday,advance
1 days,london st pancras,birmingham new street,Tuesday,advance
7 days,birmingham new street,stafford,Monday,advance
1 days,london paddington,reading,Tuesday,advance
14 days,manchester piccadilly,liverpool lime street,Monday,advance
8 days,liverpool lime street,leeds,Tuesday,advance
0 days,london st pancras,birmingham new street,Monday,off-peak
14 days,london st pancras,birmingham new street,Monday,advance
0 days,london euston,birmingham new street,Monday,off-peak
0 days,liverpool lime street,leeds,Monday,off-peak
0 days,london euston,birmingham new street,Monday,off-peak
14 days,london euston,birmingham new street,Monday,advance
6 days,london paddington,reading,Sunday,advance
1 days,manchester piccadilly,liverpool lime street,Tuesday,advance
1 days,london euston,birmingham new street,Tuesday,advance
7 days,london paddington,reading,Monday,advance
6 days,london paddington,reading,Sunday,advance
14 days,london paddington,reading,Monday,advance
16 days,london kings cross,liverpool lime street,Wednesday,advance
17 days,london paddington,reading,Thursday,advance
11 days,liverpool lime street,manchester piccadilly,Friday,advance
2 days,london euston,birmingham new street,Wednesday,advance
16 days,london euston,birmingham new street,Wednesday,advance
1 days,london euston,birmingham new street,Tuesday,advance
1 days,london paddington,reading,Tuesday,advance
1 days,london kings cross,york,Tuesday,advance
7 days,london paddington,reading,Monday,advance
1 days,london euston,birmingham new street,Tuesday,advance
1 days,london euston,birmingham new street,Tuesday,advance
2 days,london paddington,reading,Wednesday,advance
8 days,london kings cross,york,Tuesday,advance
13 days,london euston,manchester piccadilly,Sunday,advance
2 days,london kings cross,york,Wednesday,advance
9 days,london kings cross,york,Wednesday,advance
6 days,london kings cross,york,Sunday,advance
4 days,liverpool lime street,manchester piccadilly,Saturday,advance
14 days,manchester piccadilly,leeds,Tuesday,advance
13 days,manchester piccadilly,leeds,Monday,advance
0 days,oxford,bristol temple meads,Tuesday,off-peak
0 days,london kings cross,liverpool lime street,Tuesday,off-peak
14 days,london kings cross,edinburgh waverley,Tuesday,advance
13 days,london kings cross,edinburgh waverley,Monday,advance
8 days,london kings cross,edinburgh waverley,Wednesday,advance
7 days,liverpool lime street,manchester piccadilly,Tuesday,advance
1 days,london euston,birmingham new street,Wednesday,advance
0 days,york,durham,Tuesday,off-peak
1 days,york,durham,Wednesday,advance
16 days,manchester piccadilly,liverpool lime street,Thursday,advance
13 days,liverpool lime street,manchester piccadilly,Monday,advance
1 days,manchester piccadilly,london euston,Wednesday,advance
1 days,london euston,birmingham new street,Wednesday,advance
0 days,london kings cross,york,Tuesday,off-peak
9 days,london euston,birmingham new street,Thursday,advance
1 days,london kings cross,york,Wednesday,advance
0 days,liverpool lime street,manchester piccadilly,Tuesday,off-peak
0 days,liverpool lime street,manchester piccadilly,Tuesday,off-peak
6 days,liverpool lime street,manchester piccadilly,Monday,advance
16 days,liverpool lime street,manchester piccadilly,Thursday,advance
1 days,liverpool lime street,manchester piccadilly,Wednesday,advance
4 days,london kings cross,liverpool lime street,Saturday,advance
13 days,london kings cross,york,Monday,advance
1 days,london st pancras,birmingham new street,Wednesday,advance
12 days,manchester piccadilly,liverpool lime street,Sunday,advance
14 days,london st pancras,birmingham new street,Tuesday,advance
14 days,london paddington,reading,Tuesday,advance
1 days,london paddington,reading,Wednesday,advance
5 days,london euston,birmingham new street,Sunday,advance
1 days,liverpool lime street,manchester piccadilly,Wednesday,advance
15 days,liverpool lime street,manchester piccadilly,Wednesday,advance
0 days,london st pancras,birmingham new street,Tuesday,off-peak
3 days,manchester piccadilly,liverpool lime street,Friday,advance
1 days,manchester piccadilly,liverpool lime street,Wednesday,advance
1 days,london euston,manchester piccadilly,Wednesday,advance
0 days,manchester piccadilly,london euston,Tuesday,off-peak
0 days,liverpool lime street,manchester piccadilly,Tuesday,anytime
1 days,london kings cross,york,Wednesday,advance
0 days,london kings cross,york,Tuesday,anytime
8 days,liverpool lime street,manchester piccadilly,Wednesday,advance
0 days,london kings cross,york,Tuesday,anytime
0 days,london euston,birmingham new street,Tuesday,anytime
0 days,london euston,birmingham new street,Tuesday,anytime
9 days,london kings cross,york,Thursday,advance
10 days,liverpool lime street,manchester piccadilly,Friday,advance
1 days,london euston,birmingham new street,Wednesday,advance
0 days,birmingham new street,london st pancras,Tuesday,anytime
14 days,london euston,birmingham new street,Tuesday,advance
0 days,london kings cross,york,Tuesday,anytime
15 days,birmingham new street,london st pancras,Wednesday,advance
0 days,london kings cross,york,Tuesday,anytime
0 days,liverpool lime street,london euston,Tuesday,anytime
0 days,liverpool lime street,london euston,Tuesday,anytime
0 days,liverpool lime street,london euston,Tuesday,anytime
0 days,liverpool lime street,london euston,Tuesday,anytime
0 days,liverpool lime street,london euston,Tuesday,anytime
7 days,liverpool lime street,sheffield,Tuesday,advance
7 days,london st pancras,birmingham new street,Tuesday,advance
14 days,london paddington,reading,Tuesday,advance
0 days,london paddington,reading,Tuesday,anytime
0 days,london kings cross,york,Tuesday,anytime
0 days,manchester piccadilly,liverpool lime street,Tuesday,anytime
0 days,london paddington,reading,Tuesday,anytime
0 days,london paddington,oxford,Tuesday,anytime
0 days,london paddington,oxford,Tuesday,anytime
4 days,london euston,birmingham new street,Saturday,advance
0 days,london kings cross,york,Tuesday,anytime
1 days,liverpool lime street,manchester piccadilly,Wednesday,advance
10 days,london paddington,reading,Friday,advance
6 days,manchester piccadilly,liverpool lime street,Monday,advance
12 days,manchester piccadilly,liverpool lime street,Sunday,advance
0 days,manchester piccadilly,leeds,Tuesday,off-peak
9 days,london paddington,reading,Thursday,advance
16 days,london kings cross,york,Thursday,advance
11 days,london kings cross,york,Saturday,advance
15 days,manchester piccadilly,liverpool lime street,Wednesday,advance
4 days,london euston,manchester piccadilly,Saturday,advance
4 days,london euston,birmingham new street,Saturday,advance
1 days,london paddington,reading,Wednesday,advance
11 days,london euston,manchester piccadilly,Saturday,advance
12 days,london euston,birmingham new street,Sunday,advance
2 days,london st pancras,birmingham new street,Thursday,advance
2 days,birmingham new street,london st pancras,Thursday,advance
8 days,birmingham new street,london st pancras,Wednesday,advance
4 days,york,doncaster,Saturday,advance
6 days,birmingham new street,stafford,Monday,advance
13 days,manchester piccadilly,liverpool lime street,Monday,advance
4 days,york,doncaster,Saturday,advance
14 days,birmingham new street,london st pancras,Tuesday,advance
6 days,birmingham new street,london st pancras,Monday,advance
1 days,birmingham new street,london st pancras,Wednesday,advance
14 days,london paddington,reading,Tuesday,advance
16 days,london paddington,oxford,Thursday,advance
2 days,london paddington,reading,Thursday,advance
15 days,london st pancras,birmingham new street,Wednesday,advance
2 days,london st pancras,birmingham new street,Thursday,advance
10 days,london paddington,oxford,Friday,advance
1 days,london paddington,reading,Wednesday,advance
16 days,london kings cross,york,Thursday,advance
10 days,london st pancras,birmingham new street,Friday,advance
14 days,london paddington,oxford,Tuesday,advance
11 days,london paddington,oxford,Saturday,advance
1 days,manchester piccadilly,liverpool lime street,Wednesday,advance
7 days,london euston,birmingham new street,Tuesday,advance
7 days,london euston,birmingham new street,Tuesday,advance
10 days,york,doncaster,Friday,advance
0 days,london euston,birmingham new street,Tuesday,off-peak
3 days,reading,swindon,Friday,advance
2 days,york,doncaster,Thursday,advance
1 days,york,peterborough,Wednesday,advance
1 days,london kings cross,york,Wednesday,advance
11 days,london euston,birmingham new street,Saturday,advance
16 days,london euston,birmingham new street,Thursday,advance
1 days,london kings cross,york,Wednesday,advance
4 days,manchester piccadilly,liverpool lime street,Saturday,advance
11 days,liverpool lime street,london euston,Saturday,advance
5 days,london euston,manchester piccadilly,Sunday,advance
0 days,oxford,bristol temple meads,Tuesday,off-peak
10 days,london st pancras,birmingham new street,Friday,advance
0 days,oxford,bristol temple meads,Tuesday,off-peak
16 days,liverpool lime street,london euston,Thursday,advance
3 days,liverpool lime street,london euston,Friday,advance
1 days,london paddington,reading,Wednesday,advance
1 days,london st pancras,birmingham new street,Wednesday,advance
1 days,manchester piccadilly,liverpool lime street,Wednesday,advance
16 days,york,leeds,Thursday,advance
1 days,london euston,birmingham new street,Wednesday,advance
8 days,london euston,birmingham new street,Wednesday,advance
0 days,london kings cross,york,Tuesday,off-peak
11 days,manchester piccadilly,liverpool lime street,Saturday,advance
1 days,london paddington,reading,Wednesday,advance
1 days,london euston,birmingham new street,Wednesday,advance
0 days,london st pancras,birmingham new street,Tuesday,off-peak
7 days,manchester piccadilly,liverpool lime street,Tuesday,advance
14 days,london paddington,reading,Tuesday,advance
1 days,london kings cross,york,Wednesday,advance
1 days,london paddington,reading,Wednesday,advance
3 days,manchester piccadilly,liverpool lime street,Friday,advance
12 days,liverpool lime street,manchester piccadilly,Sunday,advance
0 days,birmingham new street,manchester piccadilly,Tuesday,off-peak
15 days,manchester piccadilly,liverpool lime street,Wednesday,advance
10 days,london kings cross,york,Friday,advance
0 days,manchester piccadilly,liverpool lime street,Tuesday,off-peak
1 days,london euston,birmingham new street,Wednesday,advance
0 days,reading,london paddington,Tuesday,off-peak
1 days,birmingham new street,manchester piccadilly,Wednesday,advance
11 days,liverpool lime street,manchester piccadilly,Saturday,advance
0 days,london paddington,reading,Tuesday,off-peak
12 days,manchester piccadilly,sheffield,Sunday,advance
1 days,london st pancras,birmingham new street,Wednesday,advance
11 days,london st pancras,birmingham new street,Saturday,advance
1 days,manchester piccadilly,liverpool lime street,Wednesday,advance
6 days,york,edinburgh,Monday,advance
0 days,london paddington,reading,Tuesday,off-peak
8 days,london st pancras,birmingham new street,Wednesday,advance
1 days,liverpool lime street,manchester piccadilly,Wednesday,advance
3 days,manchester piccadilly,liverpool lime street,Friday,advance
1 days,london st pancras,birmingham new street,Wednesday,advance
1 days,london kings cross,york,Wednesday,advance
8 days,birmingham new street,london st pancras,Wednesday,advance
0 days,london paddington,reading,Tuesday,off-peak
0 days,london st pancras,birmingham new street,Tuesday,off-peak
1 days,london st pancras,birmingham new street,Wednesday,advance
7 days,london st pancras,birmingham new street,Tuesday,advance
0 days,london st pancras,birmingham new street,Tuesday,off-peak
0 days,london euston,birmingham new street,Tuesday,off-peak
0 days,london paddington,reading,Tuesday,off-peak
1 days,london euston,birmingham new street,Wednesday,advance
1 days,london paddington,reading,Wednesday,advance
10 days,london paddington,reading,Friday,advance
16 days,london paddington,reading,Thursday,advance
1 days,manchester piccadilly,liverpool lime street,Wednesday,advance
1 days,york,edinburgh,Wednesday,advance
0 days,london euston,birmingham new street,Tuesday,anytime
11 days,manchester piccadilly,liverpool lime street,Saturday,advance
1 days,london kings cross,york,Wednesday,advance
2 days,london euston,birmingham new street,Thursday,advance
0 days,london euston,birmingham new street,Tuesday,anytime
0 days,london euston,birmingham new street,Tuesday,anytime
0 days,london kings cross,york,Tuesday,anytime
0 days,manchester piccadilly,liverpool lime street,Tuesday,anytime
1 days,manchester piccadilly,liverpool lime street,Wednesday,advance
0 days,london euston,birmingham new street,Tuesday,anytime
1 days,london euston,birmingham new street,Wednesday,advance
1 days,london euston,birmingham new street,Wednesday,advance
1 days,manchester piccadilly,liverpool lime street,Wednesday,advance
0 days,manchester piccadilly,liverpool lime street,Tuesday,anytime
12 days,liverpool lime street,manchester piccadilly,Sunday,advance
0 days,liverpool lime street,leeds,Tuesday,anytime
15 days,reading,london paddington,Wednesday,advance
9 days,manchester piccadilly,liverpool lime street,Thursday,advance
1 days,manchester piccadilly,liverpool lime street,Wednesday,advance
12 days,liverpool lime street,manchester piccadilly,Sunday,advance
0 days,manchester piccadilly,liverpool lime street,Tuesday,anytime
0 days,london kings cross,york,Tuesday,anytime
0 days,london kings cross,york,Tuesday,anytime
16 days,london paddington,reading,Thursday,advance
8 days,london paddington,liverpool lime street,Wednesday,advance
0 days,london paddington,reading,Tuesday,anytime
0 days,london euston,birmingham new street,Tuesday,anytime
1 days,manchester piccadilly,liverpool lime street,Wednesday,advance
9 days,london euston,birmingham new street,Thursday,advance
4 days,london euston,birmingham new street,Saturday,advance
0 days,london euston,birmingham new street,Tuesday,anytime
1 days,manchester piccadilly,london euston,Wednesday,advance
0 days,london euston,birmingham new street,Tuesday,anytime
0 days,manchester piccadilly,liverpool lime street,Tuesday,anytime
16 days,york,edinburgh,Thursday,advance
0 days,london st pancras,birmingham new street,Tuesday,anytime
6 days,manchester piccadilly,liverpool lime street,Monday,advance
11 days,liverpool lime street,manchester piccadilly,Saturday,advance
0 days,london euston,birmingham new street,Tuesday,anytime
6 days,london euston,birmingham new street,Monday,advance
0 days,reading,liverpool lime street,Tuesday,anytime
9 days,london paddington,reading,Thursday,advance
0 days,liverpool lime street,london euston,Tuesday,anytime
4 days,reading,london paddington,Saturday,advance
0 days,london euston,manchester piccadilly,Tuesday,anytime
0 days,london st pancras,birmingham new street,Tuesday,anytime
1 days,london paddington,reading,Wednesday,advance
0 days,liverpool lime street,london euston,Tuesday,anytime
0 days,london st pancras,birmingham new street,Tuesday,anytime
0 days,london st pancras,birmingham new street,Tuesday,anytime
0 days,london st pancras,birmingham new street,Tuesday,anytime
16 days,london euston,birmingham new street,Thursday,advance
0 days,london st pancras,birmingham new street,Tuesday,anytime
0 days,birmingham new street,tamworth,Tuesday,anytime
0 days,london st pancras,birmingham new street,Tuesday,anytime
1 days,london euston,birmingham new street,Wednesday,advance
0 days,london st pancras,birmingham new street,Tuesday,anytime
0 days,birmingham new street,coventry,Tuesday,anytime
4 days,london euston,birmingham new street,Saturday,advance
1 days,london euston,birmingham new street,Wednesday,advance
1 days,london euston,birmingham new street,Wednesday,advance
1 days,london euston,birmingham new street,Wednesday,advance
8 days,london kings cross,york,Wednesday,advance
1 days,manchester piccadilly,liverpool lime street,Wednesday,advance
7 days,london euston,birmingham new street,Tuesday,advance
5 days,london euston,birmingham new street,Sunday,advance
8 days,manchester piccadilly,liverpool lime street,Wednesday,advance
1 days,london euston,birmingham new street,Wednesday,advance
1 days,london kings cross,york,Wednesday,advance
6 days,birmingham new street,manchester piccadilly,Monday,advance
15 days,manchester piccadilly,liverpool lime street,Wednesday,advance
1 days,liverpool lime street,london euston,Wednesday,advance
0 days,london st pancras,leicester,Tuesday,anytime
13 days,liverpool lime street,london euston,Monday,advance
0 days,london st pancras,leicester,Tuesday,anytime
7 days,london st pancras,birmingham new street,Tuesday,advance
14 days,london kings cross,york,Tuesday,advance
0 days,london kings cross,york,Tuesday,off-peak
13 days,liverpool lime street,london euston,Monday,advance
0 days,oxford,bristol temple meads,Tuesday,off-peak
15 days,liverpool lime street,manchester piccadilly,Wednesday,advance
3 days,liverpool lime street,manchester piccadilly,Friday,advance
0 days,london euston,birmingham new street,Tuesday,off-peak
3 days,london kings cross,york,Friday,advance
0 days,london st pancras,birmingham new street,Tuesday,off-peak
2 days,london st pancras,birmingham new street,Thursday,advance
1 days,london st pancras,leicester,Wednesday,advance
12 days,london st pancras,birmingham new street,Sunday,advance
9 days,london st pancras,leicester,Thursday,advance
1 days,london st pancras,leicester,Wednesday,advance
5 days,manchester piccadilly,liverpool lime street,Sunday,advance
9 days,london kings cross,york,Thursday,advance
1 days,manchester piccadilly,liverpool lime street,Wednesday,advance
14 days,london kings cross,york,Tuesday,advance
11 days,london st pancras,birmingham new street,Saturday,advance
1 days,london paddington,reading,Wednesday,advance
1 days,london st pancras,birmingham new street,Wednesday,advance
1 days,london st pancras,birmingham new street,Wednesday,advance
10 days,birmingham new street,nuneaton,Friday,advance
4 days,london paddington,reading,Saturday,advance
1 days,london paddington,reading,Wednesday,advance
14 days,birmingham new street,tamworth,Tuesday,advance
10 days,london kings cross,york,Friday,advance
8 days,birmingham new street,tamworth,Wednesday,advance
3 days,birmingham new street,london euston,Friday,advance
2 days,birmingham new street,stafford,Thursday,advance
13 days,london st pancras,birmingham new street,Monday,advance
1 days,london euston,manchester piccadilly,Wednesday,advance
2 days,london st pancras,birmingham new street,Thursday,advance
8 days,birmingham new street,stafford,Wednesday,advance
9 days,birmingham new street,stafford,Thursday,advance
4 days,birmingham new street,nuneaton,Saturday,advance
13 days,birmingham new street,stafford,Monday,advance
1 days,liverpool lime street,leeds,Wednesday,advance
2 days,london kings cross,york,Thursday,advance
0 days,london euston,manchester piccadilly,Tuesday,off-peak
1 days,manchester piccadilly,liverpool lime street,Wednesday,advance
10 days,liverpool lime street,manchester piccadilly,Friday,advance
16 days,london kings cross,york,Thursday,advance
15 days,london paddington,reading,Wednesday,advance
17 days,london kings cross,liverpool lime street,Friday,advance
7 days,london paddington,reading,Tuesday,advance
10 days,london paddington,reading,Friday,advance
14 days,birmingham new street,edinburgh,Tuesday,advance
2 days,manchester piccadilly,liverpool lime street,Thursday,advance
6 days,london paddington,reading,Monday,advance
1 days,london euston,birmingham new street,Wednesday,advance
4 days,london euston,birmingham new street,Saturday,advance
4 days,london kings cross,york,Saturday,advance
1 days,liverpool lime street,manchester piccadilly,Wednesday,advance
3 days,london euston,birmingham new street,Friday,advance
3 days,london euston,birmingham new street,Friday,advance
3 days,liverpool lime street,manchester piccadilly,Friday,advance
1 days,london euston,birmingham new street,Wednesday,advance
1 days,london st pancras,birmingham new street,Wednesday,advance
1 days,london paddington,reading,Wednesday,advance
2 days,london euston,manchester piccadilly,Thursday,advance
1 days,london kings cross,york,Wednesday,advance
7 days,london euston,manchester piccadilly,Tuesday,advance
4 days,london euston,oxford,Sunday,advance
0 days,london st pancras,birmingham new street,Wednesday,off-peak
8 days,liverpool lime street,manchester piccadilly,Thursday,advance
13 days,london kings cross,edinburgh waverley,Tuesday,advance
7 days,london paddington,reading,Wednesday,advance
0 days,liverpool lime street,manchester piccadilly,Wednesday,off-peak
4 days,london euston,birmingham new street,Sunday,advance
0 days,liverpool lime street,manchester piccadilly,Wednesday,off-peak
2 days,york,durham,Friday,advance
12 days,london paddington,reading,Monday,advance
0 days,london kings cross,york,Wednesday,off-peak
0 days,london paddington,reading,Wednesday,off-peak
0 days,birmingham new street,london euston,Wednesday,off-peak
1 days,york,durham,Thursday,advance
8 days,liverpool lime street,manchester piccadilly,Thursday,advance
4 days,manchester piccadilly,liverpool lime street,Sunday,advance
1 days,liverpool lime street,manchester piccadilly,Thursday,advance
1 days,birmingham new street,london st pancras,Thursday,advance
14 days,birmingham new street,london st pancras,Wednesday,advance
8 days,london kings cross,york,Thursday,advance
0 days,manchester piccadilly,liverpool lime street,Wednesday,off-peak
1 days,liverpool lime street,manchester piccadilly,Thursday,advance
14 days,london kings cross,york,Wednesday,advance
2 days,liverpool lime street,manchester piccadilly,Friday,advance
3 days,london kings cross,york,Saturday,advance
0 days,manchester piccadilly,liverpool lime street,Wednesday,off-peak
1 days,london paddington,reading,Thursday,advance
0 days,london st pancras,birmingham new street,Wednesday,off-peak
14 days,liverpool lime street,manchester piccadilly,Wednesday,advance
0 days,london paddington,reading,Wednesday,off-peak
0 days,london kings cross,york,Wednesday,off-peak
0 days,liverpool lime street,manchester piccadilly,Wednesday,off-peak
6 days,london st pancras,birmingham new street,Tuesday,advance
7 days,london st pancras,birmingham new street,Wednesday,advance
0 days,london kings cross,york,Wednesday,off-peak
6 days,manchester piccadilly,nottingham,Tuesday,advance
9 days,liverpool lime street,manchester piccadilly,Friday,advance
5 days,london euston,birmingham new street,Monday,advance
1 days,liverpool lime street,manchester piccadilly,Thursday,advance
1 days,london euston,birmingham new street,Thursday,advance
0 days,manchester piccadilly,liverpool lime street,Wednesday,off-peak
0 days,liverpool lime street,london euston,Wednesday,off-peak
14 days,liverpool lime street,manchester piccadilly,Wednesday,advance
1 days,london paddington,reading,Thursday,advance
0 days,manchester piccadilly,liverpool lime street,Wednesday,anytime
0 days,birmingham new street,london st pancras,Wednesday,anytime
0 days,birmingham new street,london st pancras,Wednesday,anytime
1 days,manchester piccadilly,london euston,Thursday,advance
0 days,london euston,manchester piccadilly,Wednesday,anytime
0 days,london euston,manchester piccadilly,Wednesday,anytime
10 days,manchester piccadilly,london euston,Saturday,advance
0 days,manchester piccadilly,liverpool lime street,Wednesday,anytime
10 days,liverpool lime street,manchester piccadilly,Saturday,advance
11 days,london euston,birmingham new street,Sunday,advance
14 days,london kings cross,york,Wednesday,advance
1 days,london euston,birmingham new street,Thursday,advance
0 days,london paddington,reading,Wednesday,anytime
1 days,london euston,birmingham new street,Thursday,advance
10 days,liverpool lime street,manchester piccadilly,Saturday,advance
0 days,liverpool lime street,manchester piccadilly,Wednesday,anytime
12 days,liverpool lime street,manchester piccadilly,Monday,advance
1 days,london st pancras,birmingham new street,Thursday,advance
4 days,london paddington,reading,Sunday,advance
10 days,liverpool lime street,manchester piccadilly,Saturday,advance
0 days,london euston,birmingham new street,Wednesday,anytime
0 days,liverpool lime street,london euston,Wednesday,anytime
0 days,liverpool lime street,london euston,Wednesday,anytime
0 days,liverpool lime street,london euston,Wednesday,anytime
0 days,london euston,manchester piccadilly,Wednesday,anytime
0 days,birmingham new street,liverpool lime street,Wednesday,anytime
0 days,reading,oxford,Wednesday,anytime
0 days,oxford,bristol temple meads,Wednesday,anytime
0 days,london kings cross,liverpool lime street,Wednesday,anytime
12 days,manchester piccadilly,liverpool lime street,Monday,advance
0 days,manchester piccadilly,liverpool lime street,Wednesday,anytime
0 days,london paddington,reading,Wednesday,anytime
4 days,manchester piccadilly,liverpool lime street,Sunday,advance
0 days,london paddington,oxford,Wednesday,anytime
0 days,london paddington,reading,Wednesday,anytime
0 days,london kings cross,york,Wednesday,anytime
3 days,manchester piccadilly,liverpool lime street,Saturday,advance
0 days,manchester piccadilly,nottingham,Wednesday,off-peak
15 days,oxford,bristol temple meads,Thursday,advance
1 days,london kings cross,york,Thursday,advance
1 days,manchester piccadilly,liverpool lime street,Thursday,advance
14 days,london paddington,reading,Wednesday,advance
1 days,london paddington,reading,Thursday,advance
10 days,liverpool lime street,crewe,Saturday,advance
1 days,london paddington,reading,Thursday,advance
5 days,london paddington,reading,Monday,advance
2 days,london paddington,reading,Friday,advance
0 days,london paddington,reading,Wednesday,off-peak
1 days,london kings cross,york,Thursday,advance
1 days,london st pancras,birmingham new street,Thursday,advance
1 days,reading,london paddington,Thursday,advance
1 days,london euston,birmingham new street,Thursday,advance
1 days,birmingham new street,nuneaton,Thursday,advance
3 days,london st pancras,birmingham new street,Saturday,advance
1 days,manchester piccadilly,liverpool lime street,Thursday,advance
11 days,london euston,birmingham new street,Sunday,advance
2 days,london st pancras,wolverhampton,Friday,advance
8 days,birmingham new street,london st pancras,Thursday,advance
9 days,london st pancras,birmingham new street,Friday,advance
9 days,birmingham new street,london st pancras,Friday,advance
4 days,london euston,birmingham new street,Sunday,advance
13 days,london paddington,oxford,Tuesday,advance
7 days,london paddington,oxford,Wednesday,advance
11 days,london paddington,reading,Sunday,advance
2 days,london paddington,reading,Friday,advance
6 days,manchester piccadilly,liverpool lime street,Tuesday,advance
14 days,liverpool lime street,manchester piccadilly,Wednesday,advance
8 days,london st pancras,birmingham new street,Thursday,advance
6 days,london paddington,oxford,Tuesday,advance
7 days,london kings cross,york,Wednesday,advance
4 days,london paddington,reading,Sunday,advance
2 days,london euston,birmingham new street,Friday,advance
12 days,london kings cross,york,Monday,advance
1 days,london kings cross,york,Thursday,advance
14 days,reading,swindon,Wednesday,advance
4 days,york,peterborough,Sunday,advance
10 days,london euston,birmingham new street,Saturday,advance
14 days,london kings cross,york,Wednesday,advance
5 days,york,doncaster,Monday,advance
8 days,london paddington,reading,Thursday,advance
8 days,liverpool lime street,manchester piccadilly,Thursday,advance
1 days,london kings cross,york,Thursday,advance
8 days,manchester piccadilly,london paddington,Thursday,advance
14 days,birmingham new street,london st pancras,Wednesday,advance
4 days,liverpool lime street,london euston,Sunday,advance
1 days,liverpool lime street,london euston,Thursday,advance
0 days,london st pancras,birmingham new street,Wednesday,off-peak
3 days,liverpool lime street,london euston,Saturday,advance
11 days,manchester piccadilly,london euston,Sunday,advance
9 days,reading,oxford,Friday,advance
8 days,liverpool lime street,london euston,Thursday,advance
11 days,london euston,manchester piccadilly,Sunday,advance
8 days,manchester piccadilly,sheffield,Thursday,advance
1 days,liverpool lime street,manchester piccadilly,Thursday,advance
3 days,manchester piccadilly,leeds,Saturday,advance
9 days,liverpool lime street,london st pancras,Friday,advance
1 days,london euston,birmingham new street,Thursday,advance
2 days,london kings cross,york,Friday,advance
15 days,london paddington,reading,Thursday,advance
0 days,london st pancras,birmingham new street,Wednesday,off-peak
2 days,manchester piccadilly,nottingham,Friday,advance
0 days,manchester piccadilly,liverpool lime street,Wednesday,off-peak
0 days,birmingham new street,manchester piccadilly,Wednesday,off-peak
1 days,manchester piccadilly,liverpool lime street,Thursday,advance
0 days,london paddington,reading,Wednesday,off-peak
0 days,london euston,manchester piccadilly,Wednesday,off-peak
1 days,london kings cross,york,Thursday,advance
0 days,london euston,birmingham new street,Wednesday,off-peak
11 days,london paddington,reading,Sunday,advance
10 days,london euston,birmingham new street,Saturday,advance
1 days,birmingham new street,manchester piccadilly,Thursday,advance
11 days,liverpool lime street,manchester piccadilly,Sunday,advance
5 days,manchester piccadilly,sheffield,Monday,advance
1 days,liverpool lime street,manchester piccadilly,Thursday,advance
2 days,london kings cross,york,Friday,advance
1 days,london st pancras,birmingham new street,Thursday,advance
0 days,manchester piccadilly,liverpool lime street,Wednesday,off-peak
10 days,liverpool lime street,manchester piccadilly,Saturday,advance
0 days,london st pancras,birmingham new street,Wednesday,off-peak
0 days,london paddington,reading,Wednesday,off-peak
15 days,london st pancras,birmingham new street,Thursday,advance
0 days,london paddington,reading,Wednesday,off-peak
0 days,london kings cross,york,Wednesday,off-peak
1 days,london kings cross,york,Thursday,advance
3 days,london st pancras,birmingham new street,Saturday,advance
7 days,manchester piccadilly,liverpool lime street,Wednesday,advance
2 days,london st pancras,birmingham new street,Friday,advance
3 days,london st pancras,birmingham new street,Saturday,advance
4 days,manchester piccadilly,liverpool lime street,Sunday,advance
0 days,london st pancras,birmingham new street,Wednesday,off-peak
11 days,london st pancras,birmingham new street,Sunday,advance
6 days,london paddington,reading,Tuesday,advance
1 days,york,edinburgh,Thursday,advance
11 days,london paddington,reading,Sunday,advance
0 days,london euston,birmingham new street,Wednesday,anytime
0 days,london euston,birmingham new street,Wednesday,anytime
0 days,manchester piccadilly,liverpool lime street,Wednesday,anytime
8 days,london euston,birmingham new street,Thursday,advance
12 days,manchester piccadilly,liverpool lime street,Monday,advance
0 days,london st pancras,leicester,Wednesday,anytime
0 days,manchester piccadilly,liverpool lime street,Wednesday,anytime
0 days,manchester piccadilly,liverpool lime street,Wednesday,anytime
1 days,london st pancras,birmingham new street,Thursday,advance
6 days,liverpool lime street,sheffield,Tuesday,advance
0 days,london paddington,reading,Wednesday,anytime
14 days,london st pancras,birmingham new street,Wednesday,advance
0 days,london kings cross,york,Wednesday,anytime
2 days,liverpool lime street,manchester piccadilly,Friday,advance
0 days,liverpool lime street,london euston,Wednesday,anytime
12 days,london paddington,reading,Monday,advance
9 days,london paddington,reading,Friday,advance
0 days,liverpool lime street,london euston,Wednesday,anytime
0 days,reading,london paddington,Wednesday,anytime
11 days,manchester piccadilly,liverpool lime street,Sunday,advance
0 days,london paddington,reading,Wednesday,anytime
0 days,liverpool lime street,manchester piccadilly,Wednesday,anytime
10 days,london paddington,reading,Saturday,advance
0 days,manchester piccadilly,liverpool lime street,Wednesday,anytime
0 days,manchester piccadilly,liverpool lime street,Wednesday,anytime
15 days,birmingham new street,reading,Thursday,advance
0 days,london st pancras,birmingham new street,Wednesday,anytime
14 days,manchester piccadilly,liverpool lime street,Wednesday,advance
1 days,london kings cross,york,Thursday,advance
0 days,manchester piccadilly,liverpool lime street,Wednesday,anytime
4 days,london paddington,reading,Sunday,advance
1 days,london euston,birmingham new street,Thursday,advance
6 days,london paddington,reading,Tuesday,advance
8 days,london paddington,reading,Thursday,advance
0 days,liverpool lime street,manchester piccadilly,Wednesday,anytime
0 days,reading,didcot,Wednesday,anytime
1 days,london euston,birmingham new street,Thursday,advance
1 days,london euston,birmingham new street,Thursday,advance
0 days,london st pancras,birmingham new street,Wednesday,anytime
0 days,birmingham new street,nuneaton,Wednesday,anytime
0 days,london st pancras,wolverhampton,Wednesday,anytime
10 days,london euston,birmingham new street,Saturday,advance
0 days,birmingham new street,wolverhampton,Wednesday,anytime
0 days,london euston,manchester piccadilly,Wednesday,anytime
6 days,london paddington,reading,Tuesday,advance
7 days,london euston,birmingham new street,Wednesday,advance
12 days,london euston,birmingham new street,Monday,advance
5 days,london euston,birmingham new street,Monday,advance
4 days,london euston,birmingham new street,Sunday,advance
8 days,london paddington,reading,Thursday,advance
1 days,london euston,birmingham new street,Thursday,advance
4 days,london euston,birmingham new street,Sunday,advance
1 days,london euston,birmingham new street,Thursday,advance
14 days,london euston,birmingham new street,Wednesday,advance
10 days,liverpool lime street,manchester piccadilly,Saturday,advance
1 days,london euston,birmingham new street,Thursday,advance
3 days,birmingham new street,manchester piccadilly,Saturday,advance
14 days,manchester piccadilly,liverpool lime street,Wednesday,advance
7 days,london paddington,reading,Wednesday,advance
8 days,birmingham new street,manchester piccadilly,Thursday,advance
4 days,manchester piccadilly,liverpool lime street,Sunday,advance
12 days,london euston,birmingham new street,Monday,advance
14 days,birmingham new street,manchester piccadilly,Wednesday,advance
7 days,london kings cross,york,Wednesday,advance
7 days,liverpool lime street,london euston,Wednesday,advance
0 days,manchester piccadilly,liverpool lime street,Wednesday,anytime
0 days,liverpool lime street,manchester piccadilly,Wednesday,off-peak
0 days,liverpool lime street,manchester piccadilly,Wednesday,off-peak
1 days,manchester piccadilly,liverpool lime street,Thursday,advance
11 days,london kings cross,york,Sunday,advance
0 days,liverpool lime street,manchester piccadilly,Wednesday,off-peak
1 days,london paddington,reading,Thursday,advance
1 days,london euston,birmingham new street,Thursday,advance
1 days,london euston,manchester piccadilly,Thursday,advance
7 days,london euston,birmingham new street,Wednesday,advance
0 days,manchester piccadilly,liverpool lime street,Wednesday,off-peak
5 days,london euston,birmingham new street,Monday,advance
1 days,london paddington,reading,Thursday,advance
11 days,london kings cross,york,Sunday,advance
1 days,london st pancras,birmingham new street,Thursday,advance
4 days,liverpool lime street,manchester piccadilly,Sunday,advance
1 days,london st pancras,leicester,Thursday,advance
7 days,london euston,birmingham new street,Wednesday,advance
0 days,london euston,birmingham new street,Wednesday,off-peak
9 days,manchester piccadilly,liverpool lime street,Friday,advance
15 days,london st pancras,leicester,Thursday,advance
5 days,manchester piccadilly,liverpool lime street,Monday,advance
4 days,london st pancras,leicester,Sunday,advance
5 days,manchester piccadilly,liverpool lime street,Monday,advance
13 days,london euston,birmingham new street,Tuesday,advance
4 days,london euston,birmingham new street,Sunday,advance
1 days,birmingham new street,tamworth,Thursday,advance
7 days,london st pancras,birmingham new street,Wednesday,advance
12 days,manchester piccadilly,liverpool lime street,Monday,advance
1 days,manchester piccadilly,liverpool lime street,Thursday,advance
12 days,manchester piccadilly,liverpool lime street,Monday,advance
1 days,manchester piccadilly,liverpool lime street,Thursday,advance
0 days,london kings cross,york,Wednesday,off-peak
0 days,manchester piccadilly,leeds,Wednesday,off-peak
4 days,liverpool lime street,manchester piccadilly,Sunday,advance
8 days,london euston,birmingham new street,Thursday,advance
0 days,london euston,birmingham new street,Wednesday,off-peak
13 days,london st pancras,birmingham new street,Tuesday,advance
11 days,london paddington,reading,Sunday,advance
13 days,birmingham new street,nuneaton,Tuesday,advance
7 days,london st pancras,birmingham new street,Wednesday,advance
1 days,london st pancras,birmingham new street,Thursday,advance
1 days,london euston,manchester piccadilly,Thursday,advance
14 days,london st pancras,birmingham new street,Wednesday,advance
1 days,birmingham new street,nuneaton,Thursday,advance
7 days,london paddington,reading,Wednesday,advance
1 days,london st pancras,birmingham new street,Thursday,advance
13 days,london st pancras,birmingham new street,Tuesday,advance
1 days,london st pancras,birmingham new street,Thursday,advance
3 days,london st pancras,birmingham new street,Saturday,advance
6 days,london st pancras,birmingham new street,Tuesday,advance
8 days,birmingham new street,wolverhampton,Thursday,advance
3 days,manchester piccadilly,liverpool lime street,Saturday,advance
1 days,london st pancras,birmingham new street,Thursday,advance
1 days,london st pancras,birmingham new street,Thursday,advance
0 days,liverpool lime street,manchester piccadilly,Wednesday,off-peak
10 days,london st pancras,birmingham new street,Saturday,advance
1 days,london kings cross,york,Thursday,advance
3 days,birmingham new street,stafford,Saturday,advance
5 days,london st pancras,birmingham new street,Monday,advance
0 days,london euston,birmingham new street,Wednesday,off-peak
5 days,manchester piccadilly,liverpool lime street,Monday,advance
0 days,london euston,manchester piccadilly,Wednesday,off-peak
13 days,london euston,birmingham new street,Tuesday,advance
1 days,london paddington,reading,Thursday,advance
11 days,manchester piccadilly,liverpool lime street,Sunday,advance
6 days,london st pancras,birmingham new street,Tuesday,advance
7 days,london paddington,reading,Wednesday,advance
1 days,london euston,birmingham new street,Thursday,advance
1 days,birmingham new street,liverpool lime street,Thursday,advance
3 days,london euston,birmingham new street,Saturday,advance
1 days,manchester piccadilly,liverpool lime street,Thursday,advance
1 days,london paddington,reading,Thursday,advance
6 days,london kings cross,york,Tuesday,advance
1 days,liverpool lime street,manchester piccadilly,Thursday,advance
1 days,liverpool lime street,manchester piccadilly,Thursday,advance
12 days,london euston,birmingham new street,Monday,advance
1 days,london kings cross,york,Thursday,advance
8 days,london paddington,reading,Thursday,advance
3 days,london kings cross,york,Saturday,advance
12 days,london euston,manchester piccadilly,Monday,advance
1 days,london kings cross,york,Thursday,advance
12 days,london euston,manchester piccadilly,Monday,advance
10 days,london euston,birmingham new street,Saturday,advance
0 days,york,durham,Thursday,off-peak
0 days,london st pancras,birmingham new street,Thursday,off-peak
7 days,london paddington,reading,Thursday,advance
0 days,manchester piccadilly,liverpool lime street,Thursday,off-peak
6 days,york,durham,Wednesday,advance
12 days,london kings cross,york,Tuesday,advance
1 days,liverpool lime street,manchester piccadilly,Friday,advance
7 days,manchester piccadilly,liverpool lime street,Thursday,advance
1 days,liverpool lime street,manchester piccadilly,Friday,advance
9 days,manchester piccadilly,liverpool lime street,Saturday,advance
3 days,manchester piccadilly,london euston,Sunday,advance
0 days,manchester piccadilly,liverpool lime street,Thursday,off-peak
1 days,london paddington,reading,Friday,advance
1 days,liverpool lime street,manchester piccadilly,Friday,advance
2 days,manchester piccadilly,liverpool lime street,Saturday,advance
0 days,london st pancras,birmingham new street,Thursday,off-peak
0 days,london paddington,reading,Thursday,anytime
0 days,york,doncaster,Thursday,anytime
0 days,manchester piccadilly,liverpool lime street,Thursday,anytime
0 days,london kings cross,york,Thursday,anytime
8 days,london euston,birmingham new street,Friday,advance
5 days,london kings cross,york,Tuesday,advance
0 days,london paddington,reading,Thursday,anytime
1 days,london paddington,reading,Friday,advance
7 days,manchester piccadilly,liverpool lime street,Thursday,advance
9 days,liverpool lime street,manchester piccadilly,Saturday,advance
2 days,london st pancras,birmingham new street,Saturday,advance
4 days,birmingham new street,london st pancras,Monday,advance
1 days,manchester piccadilly,london paddington,Friday,advance
0 days,london kings cross,york,Thursday,anytime
2 days,london kings cross,york,Saturday,advance
1 days,london st pancras,birmingham new street,Friday,advance
0 days,liverpool lime street,manchester piccadilly,Thursday,anytime
0 days,london euston,birmingham new street,Thursday,anytime
0 days,liverpool lime street,london euston,Thursday,anytime
1 days,liverpool lime street,london euston,Friday,advance
0 days,liverpool lime street,london euston,Thursday,anytime
0 days,birmingham new street,london euston,Thursday,anytime
0 days,liverpool lime street,london euston,Thursday,anytime
0 days,london paddington,reading,Thursday,anytime
0 days,london st pancras,birmingham new street,Thursday,anytime
13 days,london euston,birmingham new street,Wednesday,advance
0 days,london paddington,oxford,Thursday,anytime
0 days,london kings cross,york,Thursday,anytime
0 days,london paddington,oxford,Thursday,anytime
3 days,liverpool lime street,manchester piccadilly,Sunday,advance
5 days,manchester piccadilly,liverpool lime street,Tuesday,advance
0 days,london euston,birmingham new street,Thursday,off-peak
12 days,london kings cross,york,Tuesday,advance
3 days,manchester piccadilly,liverpool lime street,Sunday,advance
0 days,london kings cross,edinburgh waverley,Thursday,anytime
14 days,london kings cross,york,Thursday,advance
11 days,london kings cross,york,Monday,advance
5 days,york,peterborough,Tuesday,advance
5 days,birmingham new street,london st pancras,Tuesday,advance
7 days,london st pancras,wolverhampton,Thursday,advance
5 days,manchester piccadilly,liverpool lime street,Tuesday,advance
14 days,birmingham new street,london st pancras,Thursday,advance
1 days,york,doncaster,Friday,advance
11 days,london kings cross,york,Monday,advance
11 days,liverpool lime street,manchester piccadilly,Monday,advance
8 days,liverpool lime street,manchester piccadilly,Friday,advance
1 days,london paddington,reading,Friday,advance
10 days,london paddington,reading,Sunday,advance
12 days,london st pancras,birmingham new street,Tuesday,advance
0 days,liverpool lime street,manchester piccadilly,Thursday,off-peak
3 days,manchester piccadilly,liverpool lime street,Sunday,advance
1 days,london euston,birmingham new street,Friday,advance
2 days,liverpool lime street,crewe,Saturday,advance
1 days,london kings cross,york,Friday,advance
3 days,reading,swindon,Sunday,advance
3 days,london kings cross,york,Sunday,advance
9 days,liverpool lime street,manchester piccadilly,Saturday,advance
1 days,reading,swindon,Friday,advance
1 days,york,doncaster,Friday,advance
11 days,london paddington,london waterloo,Monday,advance
2 days,manchester piccadilly,liverpool lime street,Saturday,advance
1 days,london paddington,reading,Friday,advance
0 days,manchester piccadilly,york,Thursday,off-peak
1 days,london kings cross,york,Friday,advance
0 days,london st pancras,birmingham new street,Thursday,off-peak
1 days,liverpool lime street,london euston,Friday,advance
0 days,manchester piccadilly,sheffield,Thursday,off-peak
13 days,liverpool lime street,london euston,Wednesday,advance
12 days,liverpool lime street,london euston,Tuesday,advance
8 days,york,leeds,Friday,advance
1 days,liverpool lime street,london st pancras,Friday,advance
0 days,london paddington,reading,Thursday,off-peak
1 days,london paddington,reading,Friday,advance
7 days,london paddington,reading,Thursday,advance
4 days,liverpool lime street,manchester piccadilly,Monday,advance
9 days,london paddington,reading,Saturday,advance
0 days,manchester piccadilly,london st pancras,Thursday,off-peak
1 days,london paddington,reading,Friday,advance
1 days,manchester piccadilly,liverpool lime street,Friday,advance
12 days,manchester piccadilly,liverpool lime street,Tuesday,advance
6 days,manchester piccadilly,liverpool lime street,Wednesday,advance
11 days,london kings cross,york,Monday,advance
0 days,london euston,birmingham new street,Thursday,off-peak
11 days,london kings cross,york,Monday,advance
5 days,london euston,birmingham new street,Tuesday,advance
1 days,birmingham new street,manchester piccadilly,Friday,advance
10 days,london kings cross,york,Sunday,advance
1 days,london st pancras,birmingham new street,Friday,advance
1 days,london euston,birmingham new street,Friday,advance
4 days,york,edinburgh,Monday,advance
0 days,london paddington,reading,Thursday,off-peak
0 days,london paddington,reading,Thursday,off-peak
7 days,london st pancras,birmingham new street,Thursday,advance
3 days,london kings cross,york,Sunday,advance
0 days,london kings cross,york,Thursday,off-peak
0 days,london euston,birmingham new street,Thursday,off-peak
1 days,london kings cross,york,Friday,advance
1 days,london kings cross,york,Friday,advance
0 days,london euston,birmingham new street,Thursday,off-peak
0 days,manchester piccadilly,liverpool lime street,Thursday,off-peak
11 days,london euston,birmingham new street,Monday,advance
1 days,london euston,birmingham new street,Friday,advance
0 days,london paddington,reading,Thursday,off-peak
1 days,london st pancras,birmingham new street,Friday,advance
10 days,london st pancras,birmingham new street,Sunday,advance
1 days,manchester piccadilly,london st pancras,Friday,advance
2 days,manchester piccadilly,liverpool lime street,Saturday,advance
1 days,london st pancras,birmingham new street,Friday,advance
5 days,london st pancras,birmingham new street,Tuesday,advance
0 days,london euston,birmingham new street,Thursday,off-peak
1 days,york,edinburgh waverley,Friday,advance
13 days,london kings cross,york,Wednesday,advance
14 days,london euston,birmingham new street,Thursday,advance
1 days,london euston,birmingham new street,Friday,advance
0 days,london euston,birmingham new street,Thursday,anytime
0 days,london kings cross,york,Thursday,anytime
1 days,manchester piccadilly,liverpool lime street,Friday,advance
0 days,london kings cross,york,Thursday,anytime
0 days,london paddington,reading,Thursday,anytime
0 days,birmingham new street,manchester piccadilly,Thursday,anytime
8 days,london euston,birmingham new street,Friday,advance
0 days,manchester piccadilly,liverpool lime street,Thursday,anytime
0 days,birmingham new street,manchester piccadilly,Thursday,anytime
0 days,birmingham new street,manchester piccadilly,Thursday,anytime
0 days,birmingham new street,london euston,Thursday,off-peak
1 days,manchester piccadilly,sheffield,Friday,advance
8 days,manchester piccadilly,liverpool lime street,Friday,advance
1 days,manchester piccadilly,liverpool lime street,Friday,advance
0 days,birmingham new street,stafford,Thursday,anytime
1 days,york,edinburgh,Friday,advance
0 days,london kings cross,york,Thursday,anytime
11 days,york,edinburgh,Monday,advance
7 days,liverpool lime street,manchester piccadilly,Thursday,advance
0 days,liverpool lime street,manchester piccadilly,Thursday,anytime
7 days,london paddington,reading,Thursday,advance
0 days,liverpool lime street,manchester piccadilly,Thursday,anytime
0 days,london kings cross,york,Thursday,anytime
6 days,manchester piccadilly,liverpool lime street,Wednesday,advance
1 days,london paddington,reading,Friday,advance
14 days,london paddington,reading,Thursday,advance
1 days,london kings cross,york,Friday,advance
2 days,london st pancras,birmingham new street,Saturday,advance
0 days,london st pancras,birmingham new street,Thursday,anytime
0 days,manchester piccadilly,liverpool lime street,Thursday,anytime
0 days,manchester piccadilly,warrington,Thursday,anytime
0 days,london euston,birmingham new street,Thursday,anytime
1 days,manchester piccadilly,liverpool lime street,Friday,advance
4 days,manchester piccadilly,liverpool lime street,Monday,advance
2 days,london paddington,reading,Saturday,advance
4 days,london paddington,reading,Monday,advance
4 days,london euston,birmingham new street,Monday,advance
7 days,london paddington,reading,Thursday,advance
0 days,manchester piccadilly,london euston,Thursday,anytime
4 days,london euston,birmingham new street,Monday,advance
1 days,london euston,birmingham new street,Friday,advance
3 days,london euston,birmingham new street,Sunday,advance
0 days,birmingham new street,tamworth,Thursday,anytime
1 days,london euston,birmingham new street,Friday,advance
7 days,manchester piccadilly,liverpool lime street,Thursday,advance
0 days,london paddington,reading,Thursday,anytime
8 days,london euston,birmingham new street,Friday,advance
1 days,london kings cross,york,Friday,advance
1 days,london euston,birmingham new street,Friday,advance
14 days,london euston,birmingham new street,Thursday,advance
4 days,manchester piccadilly,liverpool lime street,Monday,advance
7 days,london euston,birmingham new street,Thursday,advance
13 days,london euston,birmingham new street,Wednesday,advance
10 days,london euston,birmingham new street,Sunday,advance
2 days,london euston,birmingham new street,Saturday,advance
1 days,london euston,birmingham new street,Friday,advance
9 days,london kings cross,york,Saturday,advance
8 days,london euston,birmingham new street,Friday,advance
3 days,manchester piccadilly,liverpool lime street,Sunday,advance
1 days,london st pancras,leicester,Friday,advance
4 days,birmingham new street,manchester piccadilly,Monday,advance
4 days,manchester piccadilly,liverpool lime street,Monday,advance
0 days,manchester piccadilly,liverpool lime street,Thursday,anytime
0 days,manchester piccadilly,liverpool lime street,Thursday,anytime
0 days,london st pancras,leicester,Thursday,anytime
0 days,london euston,birmingham new street,Thursday,off-peak
13 days,london paddington,reading,Wednesday,advance
14 days,manchester piccadilly,liverpool lime street,Thursday,advance
13 days,london euston,birmingham new street,Wednesday,advance
1 days,london kings cross,york,Friday,advance
4 days,london euston,birmingham new street,Monday,advance
0 days,london euston,birmingham new street,Thursday,off-peak
1 days,manchester piccadilly,liverpool lime street,Friday,advance
6 days,london st pancras,birmingham new street,Wednesday,advance
6 days,manchester piccadilly,liverpool lime street,Wednesday,advance
1 days,manchester piccadilly,liverpool lime street,Friday,advance
11 days,london st pancras,birmingham new street,Monday,advance
2 days,manchester piccadilly,liverpool lime street,Saturday,advance
11 days,manchester piccadilly,liverpool lime street,Monday,advance
14 days,manchester piccadilly,liverpool lime street,Thursday,advance
10 days,london euston,birmingham new street,Sunday,advance
5 days,london euston,birmingham new street,Tuesday,advance
1 days,manchester piccadilly,liverpool lime street,Friday,advance
3 days,birmingham new street,liverpool lime street,Sunday,advance
3 days,liverpool lime street,crewe,Sunday,advance
2 days,birmingham new street,nuneaton,Saturday,advance
7 days,birmingham new street,tamworth,Thursday,advance
10 days,london paddington,reading,Sunday,advance
5 days,london euston,manchester piccadilly,Tuesday,advance
1 days,birmingham new street,stafford,Friday,advance
1 days,london st pancras,birmingham new street,Friday,advance
1 days,london st pancras,birmingham new street,Friday,advance
1 days,london paddington,reading,Friday,advance
4 days,london kings cross,york,Monday,advance
3 days,liverpool lime street,crewe,Sunday,advance
1 days,london kings cross,york,Friday,advance
1 days,birmingham new street,wolverhampton,Friday,advance
1 days,london st pancras,birmingham new street,Friday,advance
1 days,london kings cross,york,Friday,advance
0 days,london euston,birmingham new street,Thursday,off-peak
6 days,birmingham new street,coventry,Wednesday,advance
14 days,london kings cross,york,Thursday,advance
9 days,london st pancras,birmingham new street,Saturday,advance
0 days,liverpool lime street,manchester piccadilly,Thursday,off-peak
1 days,manchester piccadilly,liverpool lime street,Friday,advance
8 days,london paddington,reading,Friday,advance
2 days,london euston,manchester piccadilly,Saturday,advance
7 days,london paddington,reading,Thursday,advance
3 days,london st pancras,birmingham new street,Sunday,advance
6 days,birmingham new street,liverpool lime street,Wednesday,advance
11 days,london st pancras,birmingham new street,Monday,advance
1 days,liverpool lime street,manchester piccadilly,Friday,advance
1 days,liverpool lime street,manchester piccadilly,Friday,advance
9 days,london paddington,reading,Saturday,advance
7 days,liverpool lime street,manchester piccadilly,Thursday,advance
8 days,london paddington,reading,Friday,advance
3 days,liverpool lime street,manchester piccadilly,Sunday,advance
14 days,london paddington,reading,Thursday,advance
1 days,liverpool lime street,manchester piccadilly,Friday,advance
13 days,london paddington,reading,Wednesday,advance
1 days,london euston,manchester piccadilly,Friday,advance
9 days,manchester piccadilly,leeds,Sunday,advance
10 days,london paddington,reading,Monday,advance
0 days,liverpool lime street,manchester piccadilly,Friday,off-peak
0 days,manchester piccadilly,nottingham,Friday,off-peak
0 days,manchester piccadilly,nottingham,Friday,off-peak
12 days,london kings cross,edinburgh waverley,Wednesday,advance
0 days,liverpool lime street,manchester piccadilly,Friday,off-peak
8 days,london kings cross,york,Saturday,advance
0 days,reading,london paddington,Friday,off-peak
0 days,london euston,birmingham new street,Friday,off-peak
1 days,manchester piccadilly,liverpool lime street,Saturday,advance
12 days,liverpool lime street,manchester piccadilly,Wednesday,advance
13 days,liverpool lime street,manchester piccadilly,Thursday,advance
0 days,manchester piccadilly,london euston,Friday,off-peak
0 days,london kings cross,york,Friday,off-peak
1 days,liverpool lime street,manchester piccadilly,Saturday,advance
1 days,liverpool lime street,manchester piccadilly,Saturday,advance
1 days,london st pancras,birmingham new street,Saturday,advance
0 days,liverpool lime street,manchester piccadilly,Friday,off-peak
4 days,london kings cross,liverpool lime street,Tuesday,advance
6 days,london st pancras,birmingham new street,Thursday,advance
9 days,london st pancras,birmingham new street,Sunday,advance
1 days,london kings cross,york,Saturday,advance
11 days,liverpool lime street,manchester piccadilly,Tuesday,advance
10 days,manchester piccadilly,nottingham,Monday,advance
0 days,london euston,birmingham new street,Friday,off-peak
11 days,london euston,birmingham new street,Tuesday,advance
4 days,manchester piccadilly,liverpool lime street,Tuesday,advance
0 days,london euston,manchester piccadilly,Friday,off-peak
0 days,london paddington,reading,Friday,off-peak
0 days,manchester piccadilly,liverpool lime street,Friday,anytime
1 days,london paddington,reading,Saturday,advance
0 days,manchester piccadilly,liverpool lime street,Friday,anytime
0 days,york,doncaster,Friday,anytime
9 days,liverpool lime street,manchester piccadilly,Sunday,advance
0 days,london paddington,reading,Friday,anytime
1 days,manchester piccadilly,london euston,Saturday,advance
1 days,london euston,birmingham new street,Saturday,advance
2 days,liverpool lime street,manchester piccadilly,Sunday,advance
1 days,london euston,birmingham new street,Saturday,advance
0 days,birmingham new street,london st pancras,Friday,anytime
1 days,manchester piccadilly,liverpool lime street,Saturday,advance
0 days,london kings cross,york,Friday,anytime
0 days,liverpool lime street,manchester piccadilly,Friday,anytime
11 days,liverpool lime street,manchester piccadilly,Tuesday,advance
0 days,london euston,birmingham new street,Friday,anytime
0 days,manchester piccadilly,liverpool lime street,Friday,anytime
0 days,london euston,manchester piccadilly,Friday,anytime
0 days,london euston,manchester piccadilly,Friday,anytime
0 days,liverpool lime street,london euston,Friday,anytime
0 days,london euston,birmingham new street,Friday,anytime
0 days,london paddington,reading,Friday,anytime
0 days,london paddington,reading,Friday,anytime
0 days,london paddington,oxford,Friday,anytime
0 days,london paddington,oxford,Friday,anytime
1 days,manchester piccadilly,liverpool lime street,Saturday,advance
7 days,london st pancras,birmingham new street,Friday,advance
0 days,london paddington,reading,Friday,off-peak
0 days,liverpool lime street,manchester piccadilly,Friday,off-peak
1 days,manchester piccadilly,liverpool lime street,Saturday,advance
12 days,manchester piccadilly,liverpool lime street,Wednesday,advance
1 days,manchester piccadilly,liverpool lime street,Saturday,advance
4 days,liverpool lime street,manchester piccadilly,Tuesday,advance
0 days,london paddington,reading,Friday,off-peak
2 days,london paddington,reading,Sunday,advance
8 days,manchester piccadilly,liverpool lime street,Saturday,advance
1 days,london kings cross,york,Saturday,advance
12 days,london kings cross,york,Wednesday,advance
13 days,manchester piccadilly,liverpool lime street,Thursday,advance
10 days,london paddington,reading,Monday,advance
5 days,london euston,manchester piccadilly,Wednesday,advance
1 days,birmingham new street,london st pancras,Saturday,advance
9 days,birmingham new street,london st pancras,Sunday,advance
11 days,london euston,birmingham new street,Tuesday,advance
6 days,london kings cross,york,Thursday,advance
2 days,york,doncaster,Sunday,advance
5 days,london kings cross,york,Wednesday,advance
12 days,birmingham new street,london st pancras,Wednesday,advance
9 days,london st pancras,birmingham new street,Sunday,advance
6 days,london euston,birmingham new street,Thursday,advance
1 days,london paddington,reading,Saturday,advance
12 days,london paddington,oxford,Wednesday,advance
12 days,london st pancras,birmingham new street,Wednesday,advance
11 days,london paddington,oxford,Tuesday,advance
3 days,london paddington,oxford,Monday,advance
1 days,london paddington,oxford,Saturday,advance
5 days,london paddington,oxford,Wednesday,advance
12 days,london paddington,reading,Wednesday,advance
12 days,london paddington,reading,Wednesday,advance
8 days,london paddington,reading,Saturday,advance
12 days,london paddington,oxford,Wednesday,advance
0 days,liverpool lime street,birmingham new street,Friday,off-peak
11 days,birmingham new street,london st pancras,Tuesday,advance
5 days,london kings cross,york,Wednesday,advance
1 days,york,peterborough,Saturday,advance
4 days,reading,swindon,Tuesday,advance
12 days,liverpool lime street,manchester piccadilly,Wednesday,advance
8 days,london st pancras,birmingham new street,Saturday,advance
3 days,london kings cross,york,Monday,advance
0 days,manchester piccadilly,liverpool lime street,Friday,off-peak
1 days,york,peterborough,Saturday,advance
9 days,york,doncaster,Sunday,advance
0 days,liverpool lime street,manchester piccadilly,Friday,off-peak
1 days,birmingham new street,london st pancras,Saturday,advance
10 days,liverpool lime street,london euston,Monday,advance
9 days,liverpool lime street,london euston,Sunday,advance
13 days,liverpool lime street,london euston,Thursday,advance
7 days,liverpool lime street,london euston,Friday,advance
12 days,london paddington,reading,Wednesday,advance
5 days,liverpool lime street,london euston,Wednesday,advance
12 days,liverpool lime street,london euston,Wednesday,advance
1 days,london st pancras,birmingham new street,Saturday,advance
0 days,london st pancras,birmingham new street,Friday,off-peak
1 days,manchester piccadilly,liverpool lime street,Saturday,advance
11 days,london euston,birmingham new street,Tuesday,advance
7 days,london st pancras,birmingham new street,Friday,advance
0 days,manchester piccadilly,liverpool lime street,Friday,off-peak
9 days,manchester piccadilly,liverpool lime street,Sunday,advance
13 days,london paddington,reading,Thursday,advance
1 days,london kings cross,york,Saturday,advance
8 days,london kings cross,york,Saturday,advance
2 days,london paddington,reading,Sunday,advance
1 days,london paddington,reading,Saturday,advance
0 days,manchester piccadilly,leeds,Friday,off-peak
7 days,manchester piccadilly,liverpool lime street,Friday,advance
4 days,manchester piccadilly,liverpool lime street,Tuesday,advance
5 days,manchester piccadilly,liverpool lime street,Wednesday,advance
1 days,manchester piccadilly,liverpool lime street,Saturday,advance
11 days,london kings cross,liverpool lime street,Tuesday,advance
7 days,london st pancras,birmingham new street,Friday,advance
0 days,london kings cross,york,Friday,off-peak
1 days,liverpool lime street,manchester piccadilly,Saturday,advance
12 days,manchester piccadilly,liverpool lime street,Wednesday,advance
1 days,london paddington,reading,Saturday,advance
6 days,birmingham new street,manchester piccadilly,Thursday,advance
11 days,london euston,birmingham new street,Tuesday,advance
1 days,manchester piccadilly,liverpool lime street,Saturday,advance
1 days,london st pancras,birmingham new street,Saturday,advance
6 days,liverpool lime street,manchester piccadilly,Thursday,advance
1 days,london paddington,liverpool lime street,Saturday,advance
6 days,liverpool lime street,manchester piccadilly,Thursday,advance
0 days,london st pancras,birmingham new street,Friday,off-peak
0 days,manchester piccadilly,liverpool lime street,Friday,off-peak
9 days,london paddington,reading,Sunday,advance
0 days,manchester piccadilly,liverpool lime street,Friday,anytime
8 days,london kings cross,york,Saturday,advance
0 days,london euston,birmingham new street,Friday,anytime
0 days,london kings cross,york,Friday,anytime
0 days,london euston,birmingham new street,Friday,anytime
1 days,london kings cross,york,Saturday,advance
11 days,manchester piccadilly,liverpool lime street,Tuesday,advance
4 days,manchester piccadilly,liverpool lime street,Tuesday,advance
2 days,liverpool lime street,manchester piccadilly,Sunday,advance
1 days,manchester piccadilly,liverpool lime street,Saturday,advance
2 days,london kings cross,york,Sunday,advance
0 days,london kings cross,york,Friday,anytime
6 days,london paddington,reading,Thursday,advance
0 days,london st pancras,birmingham new street,Friday,anytime
0 days,birmingham new street,london st pancras,Friday,anytime
0 days,manchester piccadilly,liverpool lime street,Friday,anytime
1 days,london paddington,manchester piccadilly,Saturday,advance
0 days,london st pancras,birmingham new street,Friday,anytime
3 days,london kings cross,york,Monday,advance
0 days,london euston,birmingham new street,Friday,anytime
0 days,liverpool lime street,manchester piccadilly,Friday,anytime
1 days,london st pancras,birmingham new street,Saturday,advance
1 days,london st pancras,birmingham new street,Saturday,advance
1 days,london st pancras,birmingham new street,Saturday,advance
1 days,london euston,birmingham new street,Saturday,advance
3 days,london paddington,reading,Monday,advance
1 days,london paddington,reading,Saturday,advance
9 days,manchester piccadilly,liverpool lime street,Sunday,advance
1 days,london st pancras,birmingham new street,Saturday,advance
6 days,london euston,birmingham new street,Thursday,advance
6 days,london euston,birmingham new street,Thursday,advance
0 days,london st pancras,birmingham new street,Friday,anytime
1 days,manchester piccadilly,liverpool lime street,Saturday,advance
2 days,london kings cross,york,Sunday,advance
9 days,london euston,birmingham new street,Sunday,advance
9 days,london euston,birmingham new street,Sunday,advance
13 days,london euston,birmingham new street,Thursday,advance
13 days,manchester piccadilly,liverpool lime street,Thursday,advance
11 days,london euston,birmingham new street,Tuesday,advance
6 days,manchester piccadilly,liverpool lime street,Thursday,advance
7 days,london st pancras,leicester,Friday,advance
5 days,london paddington,reading,Wednesday,advance
7 days,manchester piccadilly,london euston,Friday,advance
7 days,liverpool lime street,london euston,Friday,advance
1 days,manchester piccadilly,liverpool lime street,Saturday,advance
7 days,manchester piccadilly,london euston,Friday,advance
0 days,manchester piccadilly,liverpool lime street,Friday,anytime
1 days,liverpool lime street,london euston,Saturday,advance
6 days,manchester piccadilly,liverpool lime street,Thursday,advance
0 days,manchester piccadilly,liverpool lime street,Friday,off-peak
5 days,london kings cross,york,Wednesday,advance
13 days,liverpool lime street,manchester piccadilly,Thursday,advance
0 days,london st pancras,birmingham new street,Friday,off-peak
1 days,manchester piccadilly,liverpool lime street,Saturday,advance
8 days,manchester piccadilly,liverpool lime street,Saturday,advance
5 days,london st pancras,leicester,Wednesday,advance
0 days,london euston,birmingham new street,Friday,off-peak
4 days,london euston,birmingham new street,Tuesday,advance
12 days,london st pancras,leicester,Wednesday,advance
8 days,london euston,manchester piccadilly,Saturday,advance
6 days,manchester piccadilly,liverpool lime street,Thursday,advance
5 days,manchester piccadilly,liverpool lime street,Wednesday,advance
5 days,manchester piccadilly,liverpool lime street,Wednesday,advance
1 days,liverpool lime street,manchester piccadilly,Saturday,advance
5 days,liverpool lime street,manchester piccadilly,Wednesday,advance
10 days,birmingham new street,tamworth,Monday,advance
11 days,birmingham new street,nuneaton,Tuesday,advance
5 days,london st pancras,birmingham new street,Wednesday,advance
1 days,liverpool lime street,crewe,Saturday,advance
1 days,birmingham new street,tamworth,Saturday,advance
1 days,london st pancras,birmingham new street,Saturday,advance
11 days,london st pancras,birmingham new street,Tuesday,advance
11 days,london kings cross,york,Tuesday,advance
2 days,london st pancras,birmingham new street,Sunday,advance
7 days,london st pancras,birmingham new street,Friday,advance
1 days,manchester piccadilly,liverpool lime street,Saturday,advance
1 days,reading,didcot,Saturday,advance
8 days,liverpool lime street,crewe,Saturday,advance
12 days,london kings cross,york,Wednesday,advance
1 days,london paddington,reading,Saturday,advance
9 days,london kings cross,york,Sunday,advance
1 days,london kings cross,york,Saturday,advance
1 days,london kings cross,york,Saturday,advance
3 days,london st pancras,birmingham new street,Monday,advance
3 days,london kings cross,york,Monday,advance
0 days,london st pancras,birmingham new street,Friday,off-peak
2 days,london kings cross,york,Sunday,advance
0 days,london euston,manchester piccadilly,Friday,off-peak
2 days,manchester piccadilly,liverpool lime street,Sunday,advance
4 days,manchester piccadilly,liverpool lime street,Tuesday,advance
3 days,london euston,birmingham new street,Monday,advance
1 days,manchester piccadilly,london euston,Saturday,advance
1 days,london kings cross,york,Saturday,advance
1 days,liverpool lime street,manchester piccadilly,Saturday,advance
13 days,london paddington,reading,Thursday,advance
12 days,manchester piccadilly,leeds,Wednesday,advance
5 days,london euston,birmingham new street,Wednesday,advance
2 days,london paddington,reading,Sunday,advance
1 days,london kings cross,york,Saturday,advance
9 days,london kings cross,york,Sunday,advance
11 days,london kings cross,york,Tuesday,advance
4 days,london euston,manchester piccadilly,Wednesday,advance
2 days,london paddington,reading,Monday,advance
0 days,manchester piccadilly,nottingham,Saturday,off-peak
1 days,london paddington,reading,Sunday,advance
0 days,london paddington,reading,Saturday,off-peak
8 days,london paddington,reading,Sunday,advance
1 days,london paddington,reading,Sunday,advance
0 days,reading,london paddington,Saturday,off-peak
0 days,london paddington,reading,Saturday,off-peak
1 days,york,durham,Sunday,advance
1 days,london kings cross,york,Sunday,advance
2 days,liverpool lime street,manchester piccadilly,Monday,advance
0 days,london euston,birmingham new street,Saturday,off-peak
0 days,london st pancras,birmingham new street,Saturday,off-peak
0 days,birmingham new street,london st pancras,Saturday,off-peak
0 days,london paddington,reading,Saturday,off-peak
1 days,london kings cross,liverpool lime street,Sunday,advance
1 days,york,durham,Sunday,advance
6 days,london kings cross,york,Friday,advance
5 days,london kings cross,liverpool lime street,Thursday,advance
1 days,london paddington,reading,Sunday,advance
4 days,liverpool lime street,manchester piccadilly,Wednesday,advance
1 days,london paddington,reading,Sunday,advance
1 days,london euston,birmingham new street,Sunday,advance
11 days,london euston,birmingham new street,Wednesday,advance
1 days,liverpool lime street,manchester piccadilly,Sunday,advance
0 days,london kings cross,york,Saturday,off-peak
0 days,london paddington,reading,Saturday,off-peak
0 days,manchester piccadilly,liverpool lime street,Saturday,off-peak
12 days,liverpool lime street,manchester piccadilly,Thursday,advance
0 days,london euston,birmingham new street,Saturday,off-peak
0 days,london st pancras,birmingham new street,Saturday,off-peak
0 days,london paddington,reading,Saturday,off-peak
0 days,london euston,birmingham new street,Saturday,off-peak
0 days,manchester piccadilly,liverpool lime street,Saturday,off-peak
2 days,london st pancras,birmingham new street,Monday,advance
0 days,london kings cross,york,Saturday,off-peak
10 days,london st pancras,birmingham new street,Tuesday,advance
9 days,birmingham new street,london st pancras,Monday,advance
0 days,york,peterborough,Saturday,off-peak
0 days,liverpool lime street,london euston,Saturday,off-peak
0 days,liverpool lime street,london euston,Saturday,off-peak
0 days,manchester piccadilly,london euston,Saturday,off-peak
0 days,london kings cross,liverpool lime street,Saturday,off-peak
0 days,london paddington,reading,Saturday,off-peak
0 days,london paddington,reading,Saturday,off-peak
0 days,london paddington,oxford,Saturday,off-peak
0 days,london paddington,reading,Saturday,off-peak
0 days,liverpool lime street,manchester piccadilly,Saturday,off-peak
1 days,london paddington,reading,Sunday,advance
1 days,york,peterborough,Sunday,advance
10 days,london kings cross,york,Tuesday,advance
8 days,manchester piccadilly,liverpool lime street,Sunday,advance
0 days,manchester piccadilly,liverpool lime street,Saturday,off-peak
4 days,london euston,manchester piccadilly,Wednesday,advance
10 days,birmingham new street,london st pancras,Tuesday,advance
7 days,birmingham new street,london st pancras,Saturday,advance
5 days,london euston,birmingham new street,Thursday,advance
1 days,york,doncaster,Sunday,advance
5 days,london euston,birmingham new street,Thursday,advance
3 days,london euston,birmingham new street,Tuesday,advance
9 days,birmingham new street,stafford,Monday,advance
7 days,london paddington,oxford,Saturday,advance
1 days,liverpool lime street,manchester piccadilly,Sunday,advance
1 days,london paddington,reading,Sunday,advance
8 days,london kings cross,york,Sunday,advance
1 days,london kings cross,york,Sunday,advance
4 days,london kings cross,york,Wednesday,advance
9 days,london paddington,oxford,Monday,advance
2 days,london kings cross,york,Monday,advance
1 days,london kings cross,york,Sunday,advance
2 days,liverpool lime street,manchester piccadilly,Monday,advance
0 days,manchester piccadilly,liverpool lime street,Saturday,off-peak
0 days,london kings cross,york,Saturday,off-peak
1 days,london paddington,london waterloo,Sunday,advance
1 days,bristol temple meads,cardiff central,Sunday,advance
1 days,london kings cross,york,Sunday,advance
0 days,london euston,birmingham new street,Saturday,off-peak
1 days,london kings cross,york,Sunday,advance
5 days,liverpool lime street,london euston,Thursday,advance
3 days,london euston,birmingham new street,Tuesday,advance
1 days,reading,oxford,Sunday,advance
0 days,manchester piccadilly,york,Saturday,off-peak
2 days,liverpool lime street,london euston,Monday,advance
0 days,manchester piccadilly,liverpool lime street,Saturday,off-peak
1 days,london paddington,reading,Sunday,advance
1 days,oxford,bristol temple meads,Sunday,advance
7 days,liverpool lime street,manchester piccadilly,Saturday,advance
10 days,liverpool lime street,london st pancras,Tuesday,advance
0 days,london st pancras,birmingham new street,Saturday,off-peak
10 days,london paddington,reading,Tuesday,advance
0 days,london paddington,reading,Saturday,off-peak
11 days,london paddington,reading,Wednesday,advance
12 days,london euston,birmingham new street,Thursday,advance
0 days,manchester piccadilly,leeds,Saturday,off-peak
6 days,manchester piccadilly,liverpool lime street,Friday,advance
0 days,liverpool lime street,manchester piccadilly,Saturday,off-peak
5 days,london kings cross,york,Thursday,advance
3 days,london kings cross,york,Tuesday,advance
0 days,manchester piccadilly,liverpool lime street,Saturday,off-peak
1 days,liverpool lime street,manchester piccadilly,Sunday,advance
0 days,birmingham new street,london st pancras,Saturday,off-peak
0 days,liverpool lime street,manchester piccadilly,Saturday,off-peak
0 days,reading,london paddington,Saturday,off-peak
0 days,london euston,birmingham new street,Saturday,off-peak
0 days,manchester piccadilly,liverpool lime street,Saturday,off-peak
8 days,manchester piccadilly,liverpool lime street,Sunday,advance
3 days,manchester piccadilly,liverpool lime street,Tuesday,advance
4 days,liverpool lime street,manchester piccadilly,Wednesday,advance
7 days,london st pancras,birmingham new street,Saturday,advance
0 days,manchester piccadilly,liverpool lime street,Saturday,off-peak
1 days,reading,london paddington,Sunday,advance
0 days,york,edinburgh,Saturday,off-peak
0 days,london euston,birmingham new street,Saturday,off-peak
0 days,london paddington,reading,Saturday,off-peak
9 days,london st pancras,birmingham new street,Monday,advance
1 days,liverpool lime street,manchester piccadilly,Sunday,advance
9 days,london st pancras,birmingham new street,Monday,advance
3 days,london kings cross,york,Tuesday,advance
2 days,london euston,birmingham new street,Monday,advance
0 days,london paddington,reading,Saturday,off-peak
0 days,london kings cross,york,Saturday,off-peak
1 days,london paddington,reading,Sunday,advance
0 days,london euston,birmingham new street,Saturday,off-peak
0 days,london euston,birmingham new street,Saturday,off-peak
12 days,manchester piccadilly,liverpool lime street,Thursday,advance
5 days,manchester piccadilly,liverpool lime street,Thursday,advance
3 days,manchester piccadilly,liverpool lime street,Tuesday,advance
0 days,manchester piccadilly,liverpool lime street,Saturday,off-peak
0 days,manchester piccadilly,liverpool lime street,Saturday,off-peak
8 days,manchester piccadilly,liverpool lime street,Sunday,advance
2 days,manchester piccadilly,liverpool lime street,Monday,advance
1 days,reading,london paddington,Sunday,advance
1 days,manchester piccadilly,liverpool lime street,Sunday,advance
8 days,manchester piccadilly,liverpool lime street,Sunday,advance
10 days,manchester piccadilly,liverpool lime street,Tuesday,advance
0 days,london kings cross,york,Saturday,off-peak
1 days,liverpool lime street,sheffield,Sunday,advance
0 days,london kings cross,york,Saturday,off-peak
1 days,london kings cross,york,Sunday,advance
0 days,london kings cross,york,Saturday,off-peak
0 days,london euston,birmingham new street,Saturday,off-peak
0 days,london euston,birmingham new street,Saturday,off-peak
13 days,manchester piccadilly,london euston,Friday,advance
1 days,manchester piccadilly,london euston,Sunday,advance
3 days,london euston,birmingham new street,Tuesday,advance
6 days,manchester piccadilly,liverpool lime street,Friday,advance
10 days,london euston,birmingham new street,Tuesday,advance
2 days,london euston,birmingham new street,Monday,advance
1 days,manchester piccadilly,liverpool lime street,Sunday,advance
11 days,london paddington,reading,Wednesday,advance
0 days,london st pancras,birmingham new street,Saturday,off-peak
0 days,london st pancras,birmingham new street,Saturday,off-peak
10 days,manchester piccadilly,liverpool lime street,Tuesday,advance
0 days,london st pancras,birmingham new street,Saturday,off-peak
6 days,london euston,birmingham new street,Friday,advance
1 days,manchester piccadilly,liverpool lime street,Sunday,advance
1 days,london euston,birmingham new street,Sunday,advance
0 days,london st pancras,birmingham new street,Saturday,off-peak
8 days,manchester piccadilly,liverpool lime street,Sunday,advance
7 days,london kings cross,york,Saturday,advance
5 days,london euston,birmingham new street,Thursday,advance
2 days,london euston,birmingham new street,Monday,advance
10 days,london euston,birmingham new street,Tuesday,advance
1 days,manchester piccadilly,liverpool lime street,Sunday,advance
10 days,london euston,birmingham new street,Tuesday,advance
1 days,manchester piccadilly,liverpool lime street,Sunday,advance
3 days,manchester piccadilly,liverpool lime street,Tuesday,advance
3 days,birmingham new street,manchester piccadilly,Tuesday,advance
1 days,london kings cross,york,Sunday,advance
4 days,london euston,birmingham new street,Wednesday,advance
2 days,liverpool lime street,london euston,Monday,advance
11 days,liverpool lime street,leeds,Wednesday,advance
0 days,london st pancras,leicester,Saturday,off-peak
0 days,london st pancras,leicester,Saturday,off-peak
5 days,london kings cross,york,Thursday,advance
0 days,london paddington,reading,Saturday,off-peak
3 days,london st pancras,birmingham new street,Tuesday,advance
0 days,london paddington,reading,Saturday,off-peak
6 days,reading,oxford,Friday,advance
0 days,birmingham new street,liverpool lime street,Saturday,off-peak
4 days,london st pancras,leicester,Wednesday,advance
8 days,london euston,birmingham new street,Sunday,advance
10 days,manchester piccadilly,liverpool lime street,Tuesday,advance
1 days,manchester piccadilly,liverpool lime street,Sunday,advance
8 days,london st pancras,leicester,Sunday,advance
3 days,manchester piccadilly,liverpool lime street,Tuesday,advance
10 days,birmingham new street,tamworth,Tuesday,advance
2 days,london euston,birmingham new street,Monday,advance
11 days,manchester piccadilly,liverpool lime street,Wednesday,advance
7 days,manchester piccadilly,warrington,Saturday,advance
3 days,london st pancras,birmingham new street,Tuesday,advance
1 days,london st pancras,birmingham new street,Sunday,advance
9 days,reading,liverpool lime street,Monday,advance
12 days,liverpool lime street,manchester piccadilly,Thursday,advance
11 days,london paddington,reading,Wednesday,advance
11 days,liverpool lime street,manchester piccadilly,Wednesday,advance
12 days,birmingham new street,nuneaton,Thursday,advance
2 days,birmingham new street,tamworth,Monday,advance
4 days,london st pancras,birmingham new street,Wednesday,advance
10 days,birmingham new street,stafford,Tuesday,advance
3 days,manchester piccadilly,liverpool lime street,Tuesday,advance
1 days,london st pancras,birmingham new street,Sunday,advance
4 days,london st pancras,birmingham new street,Wednesday,advance
2 days,manchester piccadilly,liverpool lime street,Monday,advance
9 days,manchester piccadilly,liverpool lime street,Monday,advance
1 days,birmingham new street,stafford,Sunday,advance
0 days,london st pancras,birmingham new street,Saturday,off-peak
6 days,london kings cross,york,Friday,advance
10 days,london st pancras,birmingham new street,Tuesday,advance
1 days,manchester piccadilly,liverpool lime street,Sunday,advance
8 days,london kings cross,york,Sunday,advance
1 days,london paddington,reading,Sunday,advance
1 days,manchester piccadilly,liverpool lime street,Sunday,advance
8 days,london euston,birmingham new street,Sunday,advance
1 days,london st pancras,birmingham new street,Sunday,advance
5 days,london euston,birmingham new street,Thursday,advance
8 days,london paddington,reading,Sunday,advance
3 days,london paddington,reading,Tuesday,advance
7 days,london paddington,reading,Saturday,advance
1 days,london euston,birmingham new street,Sunday,advance
1 days,london euston,birmingham new street,Sunday,advance
6 days,london euston,birmingham new street,Friday,advance
11 days,london euston,manchester piccadilly,Wednesday,advance
6 days,london kings cross,york,Friday,advance
0 days,liverpool lime street,manchester piccadilly,Sunday,off-peak
0 days,liverpool lime street,manchester piccadilly,Sunday,off-peak
8 days,liverpool lime street,manchester piccadilly,Monday,advance
0 days,liverpool lime street,manchester piccadilly,Sunday,off-peak
0 days,manchester piccadilly,london paddington,Sunday,off-peak
4 days,london kings cross,edinburgh waverley,Thursday,advance
1 days,london paddington,reading,Monday,advance
8 days,london euston,birmingham new street,Monday,advance
0 days,york,durham,Sunday,off-peak
5 days,london euston,york,Friday,advance
1 days,york,durham,Monday,advance
1 days,liverpool lime street,manchester piccadilly,Monday,advance
0 days,york,durham,Sunday,off-peak
0 days,manchester piccadilly,liverpool lime street,Sunday,off-peak
0 days,liverpool lime street,manchester piccadilly,Sunday,off-peak
4 days,london st pancras,birmingham new street,Thursday,advance
7 days,manchester piccadilly,london paddington,Sunday,advance
2 days,london st pancras,birmingham new street,Tuesday,advance
11 days,london st pancras,birmingham new street,Thursday,advance
0 days,london euston,manchester piccadilly,Sunday,off-peak
7 days,manchester piccadilly,nottingham,Sunday,advance
1 days,liverpool lime street,manchester piccadilly,Monday,advance
0 days,london kings cross,york,Sunday,off-peak
3 days,liverpool lime street,manchester piccadilly,Wednesday,advance
0 days,manchester piccadilly,liverpool lime street,Sunday,off-peak
0 days,manchester piccadilly,liverpool lime street,Sunday,off-peak
0 days,london kings cross,york,Sunday,off-peak
0 days,london paddington,reading,Sunday,off-peak
0 days,york,doncaster,Sunday,off-peak
0 days,london st pancras,birmingham new street,Sunday,off-peak
8 days,manchester piccadilly,sheffield,Monday,advance
7 days,london kings cross,york,Sunday,advance
6 days,london euston,birmingham new street,Saturday,advance
1 days,london euston,birmingham new street,Monday,advance
11 days,manchester piccadilly,london paddington,Thursday,advance
0 days,london paddington,london waterloo,Sunday,off-peak
6 days,birmingham new street,london st pancras,Saturday,advance
0 days,london kings cross,york,Sunday,off-peak
3 days,london kings cross,york,Wednesday,advance
0 days,london st pancras,birmingham new street,Sunday,off-peak
0 days,london euston,manchester piccadilly,Sunday,off-peak
0 days,london euston,manchester piccadilly,Sunday,off-peak
4 days,london kings cross,york,Thursday,advance
2 days,london st pancras,birmingham new street,Tuesday,advance
0 days,london paddington,reading,Sunday,off-peak
0 days,london paddington,reading,Sunday,off-peak
0 days,london paddington,reading,Sunday,off-peak
0 days,manchester piccadilly,liverpool lime street,Sunday,off-peak
0 days,london paddington,oxford,Sunday,off-peak
0 days,london paddington,reading,Sunday,off-peak
0 days,london paddington,oxford,Sunday,off-peak
0 days,london paddington,oxford,Sunday,off-peak
0 days,london paddington,reading,Sunday,off-peak
2 days,manchester piccadilly,liverpool lime street,Tuesday,advance
0 days,manchester piccadilly,liverpool lime street,Sunday,off-peak
4 days,liverpool lime street,manchester piccadilly,Thursday,advance
0 days,london kings cross,edinburgh waverley,Sunday,off-peak
9 days,manchester piccadilly,liverpool lime street,Tuesday,advance
1 days,london kings cross,york,Monday,advance
7 days,liverpool lime street,manchester piccadilly,Sunday,advance
9 days,reading,oxford,Tuesday,advance
1 days,london paddington,reading,Monday,advance
1 days,london kings cross,york,Monday,advance
1 days,manchester piccadilly,liverpool lime street,Monday,advance
9 days,liverpool lime street,crewe,Tuesday,advance
1 days,manchester piccadilly,liverpool lime street,Monday,advance
8 days,london kings cross,york,Monday,advance
5 days,york,peterborough,Friday,advance
1 days,birmingham new street,london st pancras,Monday,advance
8 days,london euston,birmingham new street,Monday,advance
3 days,york,doncaster,Wednesday,advance
3 days,birmingham new street,london st pancras,Wednesday,advance
1 days,london euston,birmingham new street,Monday,advance
7 days,london paddington,reading,Sunday,advance
9 days,london paddington,oxford,Tuesday,advance
1 days,london paddington,oxford,Monday,advance
11 days,london paddington,oxford,Thursday,advance
1 days,london paddington,reading,Monday,advance
1 days,london paddington,reading,Monday,advance
10 days,oxford,bristol temple meads,Wednesday,advance
5 days,manchester piccadilly,liverpool lime street,Friday,advance
1 days,manchester piccadilly,liverpool lime street,Monday,advance
1 days,london euston,birmingham new street,Monday,advance
8 days,reading,swindon,Monday,advance
0 days,london euston,birmingham new street,Sunday,off-peak
0 days,london st pancras,birmingham new street,Sunday,off-peak
1 days,liverpool lime street,london euston,Monday,advance
0 days,london st pancras,birmingham new street,Sunday,off-peak
2 days,liverpool lime street,london euston,Tuesday,advance
7 days,london euston,manchester piccadilly,Sunday,advance
3 days,liverpool lime street,london euston,Wednesday,advance
4 days,liverpool lime street,london euston,Thursday,advance
1 days,liverpool lime street,london euston,Monday,advance
1 days,london st pancras,birmingham new street,Monday,advance
2 days,manchester piccadilly,liverpool lime street,Tuesday,advance
2 days,london euston,birmingham new street,Tuesday,advance
0 days,london st pancras,birmingham new street,Sunday,off-peak
10 days,london paddington,reading,Wednesday,advance
4 days,london kings cross,york,Thursday,advance
0 days,birmingham new street,manchester piccadilly,Sunday,off-peak
2 days,london st pancras,birmingham new street,Tuesday,advance
5 days,london paddington,reading,Friday,advance
7 days,london euston,birmingham new street,Sunday,advance
1 days,liverpool lime street,manchester piccadilly,Monday,advance
0 days,london st pancras,birmingham new street,Sunday,off-peak
0 days,london paddington,reading,Sunday,off-peak
3 days,london st pancras,birmingham new street,Wednesday,advance
5 days,york,edinburgh,Friday,advance
11 days,manchester piccadilly,liverpool lime street,Thursday,advance
1 days,london kings cross,york,Monday,advance
3 days,manchester piccadilly,liverpool lime street,Wednesday,advance
9 days,liverpool lime street,manchester piccadilly,Tuesday,advance
8 days,birmingham new street,liverpool lime street,Monday,advance
11 days,manchester piccadilly,sheffield,Thursday,advance
0 days,manchester piccadilly,liverpool lime street,Sunday,off-peak
1 days,london kings cross,york,Monday,advance
6 days,liverpool lime street,manchester piccadilly,Saturday,advance
0 days,london st pancras,birmingham new street,Sunday,off-peak
0 days,london euston,birmingham new street,Sunday,off-peak
0 days,london euston,birmingham new street,Sunday,off-peak
1 days,london kings cross,york,Monday,advance
1 days,london euston,birmingham new street,Monday,advance
7 days,liverpool lime street,manchester piccadilly,Sunday,advance
2 days,manchester piccadilly,liverpool lime street,Tuesday,advance
3 days,london euston,birmingham new street,Wednesday,advance
0 days,london euston,birmingham new street,Sunday,off-peak
1 days,manchester piccadilly,liverpool lime street,Monday,advance
0 days,manchester piccadilly,liverpool lime street,Sunday,off-peak
5 days,liverpool lime street,manchester piccadilly,Friday,advance
11 days,liverpool lime street,manchester piccadilly,Thursday,advance
0 days,london kings cross,york,Sunday,off-peak
5 days,liverpool lime street,sheffield,Friday,advance
0 days,reading,swindon,Sunday,off-peak
1 days,liverpool lime street,manchester piccadilly,Monday,advance
1 days,london paddington,reading,Monday,advance
1 days,manchester piccadilly,liverpool lime street,Monday,advance
5 days,manchester piccadilly,liverpool lime street,Friday,advance
1 days,edinburgh waverley,london kings cross,Monday,advance
0 days,london euston,birmingham new street,Sunday,off-peak
0 days,manchester piccadilly,liverpool lime street,Sunday,off-peak
5 days,manchester piccadilly,liverpool lime street,Friday,advance
0 days,manchester piccadilly,liverpool lime street,Sunday,off-peak
0 days,london kings cross,york,Sunday,off-peak
10 days,london euston,birmingham new street,Wednesday,advance
6 days,london euston,birmingham new street,Saturday,advance
0 days,manchester piccadilly,liverpool lime street,Sunday,off-peak
0 days,london st pancras,birmingham new street,Sunday,off-peak
10 days,london euston,birmingham new street,Wednesday,advance
0 days,london st pancras,birmingham new street,Sunday,off-peak
0 days,london euston,manchester piccadilly,Sunday,off-peak
2 days,london euston,birmingham new street,Tuesday,advance
6 days,manchester piccadilly,liverpool lime street,Saturday,advance
1 days,london euston,birmingham new street,Monday,advance
9 days,london euston,birmingham new street,Tuesday,advance
9 days,london euston,birmingham new street,Tuesday,advance
3 days,london paddington,reading,Wednesday,advance
9 days,birmingham new street,manchester piccadilly,Tuesday,advance
0 days,manchester piccadilly,liverpool lime street,Sunday,off-peak
2 days,liverpool lime street,manchester piccadilly,Tuesday,advance
1 days,london euston,birmingham new street,Monday,advance
2 days,liverpool lime street,london euston,Tuesday,advance
1 days,birmingham new street,london euston,Monday,advance
8 days,london euston,birmingham new street,Monday,advance
9 days,london st pancras,birmingham new street,Tuesday,advance
0 days,london euston,manchester piccadilly,Sunday,off-peak
3 days,london kings cross,york,Wednesday,advance
1 days,london kings cross,york,Monday,advance
2 days,liverpool lime street,london euston,Tuesday,advance
1 days,london st pancras,birmingham new street,Monday,advance
7 days,manchester piccadilly,liverpool lime street,Sunday,advance
1 days,manchester piccadilly,liverpool lime street,Monday,advance
5 days,manchester piccadilly,liverpool lime street,Friday,advance
6 days,manchester piccadilly,liverpool lime street,Saturday,advance
1 days,london st pancras,birmingham new street,Monday,advance
0 days,london paddington,reading,Sunday,off-peak
0 days,liverpool lime street,manchester piccadilly,Sunday,off-peak
0 days,london paddington,reading,Sunday,off-peak
11 days,liverpool lime street,manchester piccadilly,Thursday,advance
0 days,london paddington,reading,Sunday,off-peak
0 days,london paddington,reading,Sunday,off-peak
1 days,london paddington,reading,Monday,advance
9 days,london st pancras,birmingham new street,Tuesday,advance
3 days,birmingham new street,nuneaton,Wednesday,advance
1 days,london st pancras,birmingham new street,Monday,advance
1 days,london kings cross,york,Monday,advance
4 days,london st pancras,birmingham new street,Thursday,advance
6 days,london kings cross,york,Saturday,advance
7 days,london st pancras,birmingham new street,Sunday,advance
9 days,london kings cross,york,Tuesday,advance
11 days,birmingham new street,stafford,Thursday,advance
1 days,london paddington,reading,Monday,advance
1 days,london st pancras,birmingham new street,Monday,advance
3 days,birmingham new street,stafford,Wednesday,advance
2 days,london st pancras,birmingham new street,Tuesday,advance
5 days,london kings cross,york,Friday,advance
0 days,liverpool lime street,leeds,Sunday,off-peak
0 days,london euston,manchester piccadilly,Sunday,off-peak
2 days,london kings cross,york,Tuesday,advance
8 days,london paddington,reading,Monday,advance
1 days,london paddington,reading,Monday,advance
1 days,london st pancras,birmingham new street,Monday,advance
6 days,london euston,birmingham new street,Saturday,advance
1 days,london euston,birmingham new street,Monday,advance
5 days,london euston,birmingham new street,Friday,advance
9 days,london euston,birmingham new street,Tuesday,advance
1 days,liverpool lime street,manchester piccadilly,Monday,advance
1 days,london kings cross,york,Monday,advance
1 days,london euston,birmingham new street,Monday,advance
1 days,london kings cross,york,Monday,advance
2 days,london euston,birmingham new street,Tuesday,advance
10 days,london euston,birmingham new street,Thursday,advance
0 days,york,durham,Monday,off-peak
0 days,london st pancras,birmingham new street,Monday,off-peak
8 days,london kings cross,edinburgh waverley,Tuesday,advance
0 days,london kings cross,york,Monday,off-peak
10 days,london kings cross,edinburgh waverley,Thursday,advance
0 days,manchester piccadilly,nottingham,Monday,off-peak
1 days,london kings cross,york,Tuesday,advance
3 days,london euston,birmingham new street,Thursday,advance
0 days,london kings cross,york,Monday,off-peak
1 days,birmingham new street,london euston,Tuesday,advance
8 days,manchester piccadilly,liverpool lime street,Tuesday,advance
0 days,london paddington,reading,Monday,off-peak
1 days,london kings cross,york,Tuesday,advance
7 days,liverpool lime street,manchester piccadilly,Monday,advance
4 days,liverpool lime street,leeds,Friday,advance
0 days,london kings cross,liverpool lime street,Monday,off-peak
8 days,london st pancras,birmingham new street,Tuesday,advance
1 days,london euston,birmingham new street,Tuesday,advance
0 days,london paddington,reading,Monday,off-peak
2 days,manchester piccadilly,liverpool lime street,Wednesday,advance
0 days,manchester piccadilly,liverpool lime street,Monday,off-peak
1 days,liverpool lime street,london paddington,Tuesday,advance
0 days,london euston,birmingham new street,Monday,anytime
0 days,london euston,manchester piccadilly,Monday,anytime
7 days,london kings cross,york,Monday,advance
0 days,liverpool lime street,manchester piccadilly,Monday,anytime
1 days,london euston,birmingham new street,Tuesday,advance
0 days,london kings cross,york,Monday,anytime
8 days,london paddington,reading,Tuesday,advance
10 days,birmingham new street,london st pancras,Thursday,advance
1 days,birmingham new street,london st pancras,Tuesday,advance
10 days,london kings cross,york,Thursday,advance
1 days,liverpool lime street,sheffield,Tuesday,advance
0 days,london paddington,reading,Monday,anytime
10 days,london st pancras,birmingham new street,Thursday,advance
0 days,london euston,birmingham new street,Monday,anytime
0 days,london paddington,oxford,Monday,anytime
0 days,london paddington,reading,Monday,off-peak
1 days,liverpool lime street,manchester piccadilly,Tuesday,advance
0 days,manchester piccadilly,nottingham,Monday,off-peak
3 days,manchester piccadilly,liverpool lime street,Thursday,advance
8 days,london kings cross,york,Tuesday,advance
8 days,reading,didcot,Tuesday,advance
8 days,london kings cross,york,Tuesday,advance
8 days,manchester piccadilly,liverpool lime street,Tuesday,advance
7 days,birmingham new street,london paddington,Monday,advance
3 days,birmingham new street,london st pancras,Thursday,advance
4 days,birmingham new street,london st pancras,Friday,advance
9 days,birmingham new street,london kings cross,Wednesday,advance
3 days,london euston,manchester piccadilly,Thursday,advance
2 days,london kings cross,york,Wednesday,advance
9 days,london paddington,reading,Wednesday,advance
4 days,london paddington,reading,Friday,advance
2 days,london paddington,reading,Wednesday,advance
1 days,london paddington,oxford,Tuesday,advance
6 days,london paddington,oxford,Sunday,advance
6 days,london paddington,reading,Sunday,advance
1 days,london st pancras,birmingham new street,Tuesday,advance
6 days,york,peterborough,Sunday,advance
7 days,london kings cross,york,Monday,advance
0 days,manchester piccadilly,sheffield,Monday,off-peak
9 days,oxford,bristol temple meads,Wednesday,advance
1 days,liverpool lime street,london euston,Tuesday,advance
6 days,reading,birmingham new street,Sunday,advance
7 days,manchester piccadilly,london euston,Monday,advance
3 days,oxford,bristol temple meads,Thursday,advance
8 days,london euston,manchester piccadilly,Tuesday,advance
1 days,liverpool lime street,manchester piccadilly,Tuesday,advance
1 days,london paddington,reading,Tuesday,advance
8 days,manchester piccadilly,leeds,Tuesday,advance
5 days,london st pancras,birmingham new street,Saturday,advance
0 days,london kings cross,york,Monday,off-peak
10 days,manchester piccadilly,liverpool lime street,Thursday,advance
10 days,manchester piccadilly,liverpool lime street,Thursday,advance
1 days,manchester piccadilly,liverpool lime street,Tuesday,advance
0 days,london paddington,reading,Monday,off-peak
1 days,london paddington,reading,Tuesday,advance
9 days,birmingham new street,manchester piccadilly,Wednesday,advance
1 days,london kings cross,york,Tuesday,advance
1 days,liverpool lime street,manchester piccadilly,Tuesday,advance
8 days,london euston,birmingham new street,Tuesday,advance
0 days,manchester piccadilly,liverpool lime street,Monday,off-peak
1 days,manchester piccadilly,sheffield,Tuesday,advance
5 days,manchester piccadilly,liverpool lime street,Saturday,advance
6 days,london kings cross,york,Sunday,advance
1 days,manchester piccadilly,liverpool lime street,Tuesday,advance
2 days,london st pancras,birmingham new street,Wednesday,advance
4 days,london kings cross,york,Friday,advance
3 days,london st pancras,birmingham new street,Thursday,advance
3 days,london st pancras,birmingham new street,Thursday,advance
0 days,london st pancras,birmingham new street,Monday,off-peak
6 days,manchester piccadilly,london st pancras,Sunday,advance
0 days,london st pancras,birmingham new street,Monday,off-peak
0 days,london euston,birmingham new street,Monday,anytime
0 days,london euston,birmingham new street,Monday,anytime
2 days,london kings cross,york,Wednesday,advance
0 days,manchester piccadilly,liverpool lime street,Monday,anytime
0 days,london euston,birmingham new street,Monday,anytime
4 days,manchester piccadilly,liverpool lime street,Friday,advance
0 days,london euston,birmingham new street,Monday,anytime
0 days,london euston,birmingham new street,Monday,anytime
0 days,manchester piccadilly,liverpool lime street,Monday,anytime
3 days,london euston,birmingham new street,Thursday,advance
0 days,manchester piccadilly,liverpool lime street,Monday,anytime
1 days,london st pancras,birmingham new street,Tuesday,advance
7 days,manchester piccadilly,liverpool lime street,Monday,advance
0 days,london euston,birmingham new street,Monday,anytime
1 days,manchester piccadilly,liverpool lime street,Tuesday,advance
7 days,manchester piccadilly,liverpool lime street,Monday,advance
6 days,manchester piccadilly,liverpool lime street,Sunday,advance
1 days,manchester piccadilly,london paddington,Tuesday,advance
6 days,london paddington,reading,Sunday,advance
10 days,london st pancras,birmingham new street,Thursday,advance
0 days,birmingham new street,london st pancras,Monday,anytime
6 days,london st pancras,birmingham new street,Sunday,advance
0 days,london euston,birmingham new street,Monday,anytime
0 days,london euston,birmingham new street,Monday,anytime
1 days,manchester piccadilly,liverpool lime street,Tuesday,advance
7 days,manchester piccadilly,liverpool lime street,Monday,advance
6 days,london st pancras,birmingham new street,Sunday,advance
1 days,london euston,birmingham new street,Tuesday,advance
0 days,birmingham new street,nuneaton,Monday,anytime
0 days,london st pancras,birmingham new street,Monday,anytime
0 days,london st pancras,wolverhampton,Monday,anytime
0 days,birmingham new street,tamworth,Monday,anytime
0 days,london st pancras,birmingham new street,Monday,anytime
2 days,london euston,birmingham new street,Wednesday,advance
0 days,london st pancras,birmingham new street,Monday,off-peak
8 days,london euston,birmingham new street,Tuesday,advance
1 days,london euston,birmingham new street,Tuesday,advance
1 days,birmingham new street,manchester piccadilly,Tuesday,advance
1 days,london euston,birmingham new street,Tuesday,advance
1 days,birmingham new street,manchester piccadilly,Tuesday,advance
1 days,birmingham new street,manchester piccadilly,Tuesday,advance
10 days,manchester piccadilly,liverpool lime street,Thursday,advance
2 days,london euston,birmingham new street,Wednesday,advance
1 days,manchester piccadilly,london euston,Tuesday,advance
0 days,london st pancras,leicester,Monday,anytime
0 days,manchester piccadilly,liverpool lime street,Monday,anytime
7 days,manchester piccadilly,liverpool lime street,Monday,advance
4 days,london euston,birmingham new street,Friday,advance
1 days,liverpool lime street,manchester piccadilly,Tuesday,advance
3 days,london kings cross,york,Thursday,advance
2 days,london kings cross,york,Wednesday,advance
3 days,london kings cross,york,Thursday,advance
0 days,london euston,manchester piccadilly,Monday,off-peak
4 days,london st pancras,birmingham new street,Friday,advance
0 days,london euston,birmingham new street,Monday,off-peak
3 days,london st pancras,birmingham new street,Thursday,advance
1 days,manchester piccadilly,liverpool lime street,Tuesday,advance
1 days,london euston,birmingham new street,Tuesday,advance
6 days,london euston,birmingham new street,Sunday,advance
5 days,london euston,birmingham new street,Saturday,advance
8 days,london st pancras,birmingham new street,Tuesday,advance
3 days,birmingham new street,york,Thursday,advance
5 days,birmingham new street,liverpool lime street,Saturday,advance
9 days,liverpool lime street,crewe,Wednesday,advance
3 days,manchester piccadilly,liverpool lime street,Thursday,advance
4 days,london paddington,reading,Friday,advance
8 days,london kings cross,york,Tuesday,advance
1 days,birmingham new street,nuneaton,Tuesday,advance
6 days,london kings cross,york,Sunday,advance
4 days,london st pancras,birmingham new street,Friday,advance
7 days,london st pancras,birmingham new street,Monday,advance
6 days,birmingham new street,tamworth,Sunday,advance
1 days,london st pancras,birmingham new street,Tuesday,advance
4 days,birmingham new street,stafford,Friday,advance
9 days,london euston,birmingham new street,Wednesday,advance
0 days,liverpool lime street,manchester piccadilly,Monday,off-peak
9 days,london st pancras,birmingham new street,Wednesday,advance
4 days,london kings cross,york,Friday,advance
6 days,london euston,birmingham new street,Sunday,advance
1 days,manchester piccadilly,sheffield,Tuesday,advance
1 days,manchester piccadilly,london euston,Tuesday,advance
1 days,liverpool lime street,manchester piccadilly,Tuesday,advance
9 days,manchester piccadilly,london euston,Wednesday,advance
10 days,london euston,manchester piccadilly,Thursday,advance
6 days,london euston,oxford,Monday,advance
7 days,manchester piccadilly,liverpool lime street,Tuesday,advance
7 days,liverpool lime street,manchester piccadilly,Tuesday,advance
1 days,liverpool lime street,manchester piccadilly,Wednesday,advance
0 days,london kings cross,york,Tuesday,off-peak
5 days,london kings cross,york,Sunday,advance
7 days,london st pancras,birmingham new street,Tuesday,advance
0 days,london paddington,reading,Tuesday,off-peak
1 days,liverpool lime street,manchester piccadilly,Wednesday,advance
1 days,manchester piccadilly,liverpool lime street,Wednesday,advance
2 days,liverpool lime street,manchester piccadilly,Thursday,advance
0 days,manchester piccadilly,liverpool lime street,Tuesday,anytime
0 days,manchester piccadilly,liverpool lime street,Tuesday,anytime
0 days,london paddington,reading,Tuesday,anytime
0 days,london kings cross,york,Tuesday,anytime
0 days,birmingham new street,london paddington,Tuesday,anytime
8 days,york,durham,Wednesday,advance
1 days,manchester piccadilly,liverpool lime street,Wednesday,advance
0 days,birmingham new street,london st pancras,Tuesday,anytime
0 days,london st pancras,birmingham new street,Tuesday,anytime
1 days,london euston,birmingham new street,Wednesday,advance
1 days,manchester piccadilly,liverpool lime street,Wednesday,advance
8 days,liverpool lime street,manchester piccadilly,Wednesday,advance
0 days,liverpool lime street,manchester piccadilly,Tuesday,anytime
11 days,london paddington,reading,Saturday,advance
2 days,london st pancras,birmingham new street,Thursday,advance
1 days,manchester piccadilly,liverpool lime street,Wednesday,advance
0 days,manchester piccadilly,london euston,Tuesday,anytime
0 days,liverpool lime street,london euston,Tuesday,anytime
0 days,manchester piccadilly,london euston,Tuesday,anytime
0 days,reading,birmingham new street,Tuesday,anytime
8 days,london kings cross,york,Wednesday,advance
0 days,manchester piccadilly,liverpool lime street,Tuesday,anytime
0 days,london kings cross,york,Tuesday,anytime
1 days,manchester piccadilly,liverpool lime street,Wednesday,advance
0 days,london paddington,oxford,Tuesday,anytime
0 days,london paddington,oxford,Tuesday,anytime
1 days,liverpool lime street,manchester piccadilly,Wednesday,advance
0 days,london paddington,oxford,Tuesday,anytime
4 days,london paddington,reading,Saturday,advance
0 days,liverpool lime street,manchester piccadilly,Tuesday,off-peak
3 days,manchester piccadilly,liverpool lime street,Friday,advance
7 days,manchester piccadilly,liverpool lime street,Tuesday,advance
9 days,london paddington,reading,Thursday,advance
5 days,york,doncaster,Sunday,advance
1 days,manchester piccadilly,liverpool lime street,Wednesday,advance
5 days,birmingham new street,london st pancras,Sunday,advance
9 days,birmingham new street,london st pancras,Thursday,advance
5 days,london st pancras,wolverhampton,Sunday,advance
5 days,london euston,birmingham new street,Sunday,advance
3 days,london euston,birmingham new street,Friday,advance
2 days,london paddington,oxford,Thursday,advance
1 days,london paddington,reading,Wednesday,advance
1 days,london paddington,oxford,Wednesday,advance
3 days,london paddington,oxford,Friday,advance
3 days,london paddington,reading,Friday,advance
3 days,london paddington,reading,Friday,advance
1 days,london paddington,reading,Wednesday,advance
4 days,london paddington,reading,Saturday,advance
2 days,liverpool lime street,manchester piccadilly,Thursday,advance
1 days,manchester piccadilly,liverpool lime street,Wednesday,advance
2 days,london euston,birmingham new street,Thursday,advance
1 days,york,peterborough,Wednesday,advance
1 days,liverpool lime street,london euston,Wednesday,advance
9 days,liverpool lime street,london euston,Thursday,advance
2 days,oxford,bristol temple meads,Thursday,advance
1 days,liverpool lime street,london euston,Wednesday,advance
6 days,london kings cross,york,Monday,advance
3 days,manchester piccadilly,sheffield,Friday,advance
0 days,london euston,birmingham new street,Tuesday,off-peak
8 days,london paddington,reading,Wednesday,advance
4 days,birmingham new street,london st pancras,Saturday,advance
1 days,manchester piccadilly,liverpool lime street,Wednesday,advance
1 days,liverpool lime street,manchester piccadilly,Wednesday,advance
9 days,london euston,birmingham new street,Thursday,advance
8 days,london paddington,reading,Wednesday,advance
0 days,london st pancras,birmingham new street,Tuesday,off-peak
0 days,liverpool lime street,manchester piccadilly,Tuesday,off-peak
0 days,york,edinburgh waverley,Tuesday,off-peak
1 days,manchester piccadilly,liverpool lime street,Wednesday,advance
0 days,manchester piccadilly,liverpool lime street,Tuesday,off-peak
0 days,manchester piccadilly,sheffield,Tuesday,off-peak
1 days,manchester piccadilly,liverpool lime street,Wednesday,advance
0 days,london paddington,reading,Tuesday,off-peak
0 days,london paddington,reading,Tuesday,off-peak
1 days,london st pancras,birmingham new street,Wednesday,advance
0 days,london euston,birmingham new street,Tuesday,anytime
1 days,london euston,birmingham new street,Wednesday,advance
6 days,manchester piccadilly,liverpool lime street,Monday,advance
0 days,london euston,birmingham new street,Tuesday,anytime
1 days,london euston,birmingham new street,Wednesday,advance
1 days,manchester piccadilly,liverpool lime street,Wednesday,advance
1 days,manchester piccadilly,liverpool lime street,Wednesday,advance
1 days,manchester piccadilly,liverpool lime street,Wednesday,advance
0 days,london kings cross,york,Tuesday,anytime
8 days,london paddington,reading,Wednesday,advance
3 days,london paddington,reading,Friday,advance
7 days,london paddington,manchester piccadilly,Tuesday,advance
11 days,london paddington,reading,Saturday,advance
1 days,manchester piccadilly,london euston,Wednesday,advance
0 days,london st pancras,birmingham new street,Tuesday,anytime
1 days,manchester piccadilly,liverpool lime street,Wednesday,advance
7 days,manchester piccadilly,liverpool lime street,Tuesday,advance
1 days,london paddington,reading,Wednesday,advance
4 days,london st pancras,birmingham new street,Saturday,advance
1 days,london euston,birmingham new street,Wednesday,advance
0 days,london paddington,reading,Tuesday,anytime
1 days,manchester piccadilly,liverpool lime street,Wednesday,advance
0 days,london st pancras,birmingham new street,Tuesday,anytime
1 days,manchester piccadilly,liverpool lime street,Wednesday,advance
5 days,london euston,birmingham new street,Sunday,advance
2 days,london st pancras,birmingham new street,Thursday,advance
5 days,manchester piccadilly,liverpool lime street,Sunday,advance
3 days,london kings cross,york,Friday,advance
6 days,manchester piccadilly,liverpool lime street,Monday,advance
9 days,london st pancras,leicester,Thursday,advance
1 days,london euston,birmingham new street,Wednesday,advance
1 days,manchester piccadilly,liverpool lime street,Wednesday,advance
0 days,london st pancras,leicester,Tuesday,anytime
5 days,manchester piccadilly,liverpool lime street,Sunday,advance
1 days,london euston,birmingham new street,Wednesday,advance
0 days,london paddington,reading,Tuesday,off-peak
8 days,london paddington,reading,Wednesday,advance
1 days,liverpool lime street,manchester piccadilly,Wednesday,advance
0 days,manchester piccadilly,liverpool lime street,Tuesday,off-peak
9 days,london kings cross,york,Thursday,advance
0 days,manchester piccadilly,liverpool lime street,Tuesday,off-peak
7 days,liverpool lime street,manchester piccadilly,Tuesday,advance
1 days,manchester piccadilly,liverpool lime street,Wednesday,advance
3 days,london st pancras,leicester,Friday,advance
4 days,london st pancras,birmingham new street,Saturday,advance
8 days,manchester piccadilly,liverpool lime street,Wednesday,advance
1 days,london st pancras,leicester,Wednesday,advance
3 days,manchester piccadilly,liverpool lime street,Friday,advance
5 days,london st pancras,birmingham new street,Sunday,advance
6 days,birmingham new street,tamworth,Monday,advance
1 days,birmingham new street,tamworth,Wednesday,advance
4 days,london euston,manchester piccadilly,Saturday,advance
1 days,birmingham new street,nuneaton,Wednesday,advance
5 days,london st pancras,birmingham new street,Sunday,advance
1 days,birmingham new street,tamworth,Wednesday,advance
1 days,london kings cross,york,Wednesday,advance
7 days,manchester piccadilly,liverpool lime street,Tuesday,advance
1 days,london paddington,reading,Wednesday,advance
6 days,london st pancras,birmingham new street,Monday,advance
1 days,london st pancras,birmingham new street,Wednesday,advance
8 days,london st pancras,birmingham new street,Wednesday,advance
1 days,york,edinburgh,Wednesday,advance
0 days,london euston,manchester piccadilly,Tuesday,off-peak
8 days,manchester piccadilly,liverpool lime street,Wednesday,advance
9 days,manchester piccadilly,liverpool lime street,Thursday,advance
1 days,london kings cross,york,Wednesday,advance
1 days,london st pancras,birmingham new street,Wednesday,advance
1 days,birmingham new street,london euston,Wednesday,advance
1 days,london euston,manchester piccadilly,Wednesday,advance
6 days,london euston,manchester piccadilly,Monday,advance
9 days,london euston,birmingham new street,Thursday,advance
5 days,london euston,birmingham new street,Sunday,advance
1 days,london euston,birmingham new street,Wednesday,advance
1 days,london paddington,reading,Wednesday,advance
1 days,london paddington,reading,Wednesday,advance
4 days,birmingham new street,liverpool lime street,Saturday,advance
1 days,birmingham new street,liverpool lime street,Wednesday,advance
1 days,london paddington,reading,Wednesday,advance
1 days,manchester piccadilly,london euston,Thursday,advance
4 days,london euston,birmingham new street,Sunday,advance
0 days,london kings cross,york,Wednesday,off-peak
0 days,london euston,birmingham new street,Wednesday,off-peak
0 days,york,durham,Wednesday,off-peak
5 days,york,durham,Monday,advance
1 days,manchester piccadilly,liverpool lime street,Thursday,advance
4 days,birmingham new street,london st pancras,Sunday,advance
0 days,london kings cross,york,Wednesday,off-peak
1 days,york,durham,Thursday,advance
1 days,liverpool lime street,manchester piccadilly,Thursday,advance
1 days,manchester piccadilly,liverpool lime street,Thursday,advance
8 days,liverpool lime street,manchester piccadilly,Thursday,advance
0 days,london paddington,reading,Wednesday,anytime
0 days,london paddington,reading,Wednesday,anytime
0 days,manchester piccadilly,liverpool lime street,Wednesday,anytime
0 days,york,doncaster,Wednesday,anytime
0 days,york,doncaster,Wednesday,anytime
7 days,york,durham,Wednesday,advance
0 days,york,doncaster,Wednesday,anytime
0 days,london kings cross,york,Wednesday,anytime
0 days,london euston,birmingham new street,Wednesday,anytime
2 days,london euston,birmingham new street,Friday,advance
0 days,liverpool lime street,manchester piccadilly,Wednesday,anytime
0 days,london euston,birmingham new street,Wednesday,anytime
1 days,london st pancras,birmingham new street,Thursday,advance
1 days,manchester piccadilly,liverpool lime street,Thursday,advance
0 days,liverpool lime street,london euston,Wednesday,anytime
0 days,london paddington,reading,Wednesday,anytime
0 days,london paddington,reading,Wednesday,anytime
0 days,london paddington,reading,Wednesday,anytime
0 days,manchester piccadilly,liverpool lime street,Wednesday,anytime
0 days,london paddington,reading,Wednesday,anytime
0 days,london kings cross,york,Wednesday,off-peak
0 days,london euston,birmingham new street,Wednesday,off-peak
0 days,london kings cross,edinburgh waverley,Wednesday,anytime
4 days,manchester piccadilly,liverpool lime street,Sunday,advance
5 days,london paddington,reading,Monday,advance
4 days,london paddington,reading,Sunday,advance
8 days,london kings cross,york,Thursday,advance
8 days,birmingham new street,london st pancras,Thursday,advance
7 days,london euston,birmingham new street,Wednesday,advance
4 days,york,doncaster,Sunday,advance
3 days,birmingham new street,london st pancras,Saturday,advance
1 days,london paddington,oxford,Thursday,advance
5 days,london paddington,reading,Monday,advance
2 days,london paddington,reading,Friday,advance
4 days,london paddington,oxford,Sunday,advance
6 days,london paddington,reading,Tuesday,advance
6 days,london euston,birmingham new street,Tuesday,advance
1 days,reading,swindon,Thursday,advance
4 days,london kings cross,york,Sunday,advance
1 days,liverpool lime street,london euston,Thursday,advance
1 days,manchester piccadilly,london euston,Thursday,advance
4 days,liverpool lime street,london euston,Sunday,advance
2 days,liverpool lime street,london euston,Friday,advance
0 days,london euston,birmingham new street,Wednesday,off-peak
0 days,liverpool lime street,manchester piccadilly,Wednesday,off-peak
0 days,liverpool lime street,manchester piccadilly,Wednesday,off-peak
8 days,london paddington,reading,Thursday,advance
7 days,london kings cross,york,Wednesday,advance
0 days,liverpool lime street,manchester piccadilly,Wednesday,off-peak
0 days,london paddington,reading,Wednesday,off-peak
0 days,london euston,birmingham new street,Wednesday,off-peak
6 days,birmingham new street,manchester piccadilly,Tuesday,advance
0 days,london euston,birmingham new street,Wednesday,off-peak
7 days,liverpool lime street,manchester piccadilly,Wednesday,advance
0 days,london paddington,manchester piccadilly,Wednesday,off-peak
6 days,london kings cross,york,Tuesday,advance
1 days,london st pancras,birmingham new street,Thursday,advance
1 days,london st pancras,birmingham new street,Thursday,advance
0 days,manchester piccadilly,liverpool lime street,Wednesday,off-peak
0 days,manchester piccadilly,liverpool lime street,Wednesday,anytime
0 days,london st pancras,birmingham new street,Wednesday,anytime
0 days,london euston,birmingham new street,Wednesday,anytime
8 days,manchester piccadilly,liverpool lime street,Thursday,advance
7 days,manchester piccadilly,liverpool lime street,Wednesday,advance
7 days,london paddington,reading,Wednesday,advance
2 days,manchester piccadilly,liverpool lime street,Friday,advance
1 days,london paddington,reading,Thursday,advance
1 days,manchester piccadilly,sheffield,Thursday,advance
0 days,london kings cross,york,Wednesday,anytime
3 days,london paddington,liverpool lime street,Saturday,advance
5 days,london paddington,reading,Monday,advance
8 days,edinburgh waverley,london kings cross,Thursday,advance
0 days,manchester piccadilly,liverpool lime street,Wednesday,anytime
5 days,manchester piccadilly,london euston,Monday,advance
2 days,london st pancras,birmingham new street,Friday,advance
1 days,london kings cross,york,Thursday,advance
7 days,london st pancras,birmingham new street,Wednesday,advance
0 days,london st pancras,birmingham new street,Wednesday,anytime
0 days,london st pancras,birmingham new street,Wednesday,anytime
0 days,london euston,manchester piccadilly,Wednesday,anytime
0 days,birmingham new street,nuneaton,Wednesday,anytime
0 days,liverpool lime street,crewe,Wednesday,anytime
6 days,manchester piccadilly,liverpool lime street,Tuesday,advance
6 days,london euston,birmingham new street,Tuesday,advance
6 days,manchester piccadilly,liverpool lime street,Tuesday,advance
1 days,birmingham new street,manchester piccadilly,Thursday,advance
5 days,liverpool lime street,manchester piccadilly,Monday,advance
1 days,manchester piccadilly,london euston,Thursday,advance
8 days,manchester piccadilly,liverpool lime street,Thursday,advance
1 days,manchester piccadilly,liverpool lime street,Thursday,advance
1 days,london paddington,reading,Thursday,advance
3 days,london kings cross,york,Saturday,advance
5 days,london st pancras,birmingham new street,Monday,advance
6 days,london st pancras,leicester,Tuesday,advance
2 days,london kings cross,york,Friday,advance
1 days,london paddington,reading,Thursday,advance
1 days,london st pancras,leicester,Thursday,advance
1 days,birmingham new street,tamworth,Thursday,advance
0 days,birmingham new street,liverpool lime street,Wednesday,off-peak
0 days,london paddington,reading,Wednesday,off-peak
1 days,birmingham new street,tamworth,Thursday,advance
1 days,manchester piccadilly,liverpool lime street,Thursday,advance
5 days,manchester piccadilly,liverpool lime street,Monday,advance
4 days,liverpool lime street,crewe,Sunday,advance
5 days,birmingham new street,wolverhampton,Monday,advance
1 days,london kings cross,york,Thursday,advance
4 days,liverpool lime street,crewe,Sunday,advance
1 days,london kings cross,york,Thursday,advance
2 days,london paddington,reading,Friday,advance
3 days,london kings cross,york,Saturday,advance
7 days,london kings cross,york,Wednesday,advance
7 days,london kings cross,york,Wednesday,advance
0 days,london st pancras,birmingham new street,Wednesday,off-peak
0 days,london euston,manchester piccadilly,Wednesday,off-peak
6 days,liverpool lime street,manchester piccadilly,Tuesday,advance
0 days,london kings cross,york,Wednesday,off-peak
6 days,london euston,birmingham new street,Tuesday,advance
6 days,london euston,birmingham new street,Tuesday,advance
1 days,liverpool lime street,manchester piccadilly,Thursday,advance
1 days,manchester piccadilly,liverpool lime street,Thursday,advance
1 days,london euston,birmingham new street,Thursday,advance
1 days,london kings cross,york,Thursday,advance
1 days,london euston,birmingham new street,Thursday,advance
1 days,london euston,birmingham new street,Friday,advance
7 days,london euston,birmingham new street,Thursday,advance
1 days,london paddington,reading,Friday,advance
0 days,liverpool lime street,london euston,Thursday,off-peak
0 days,manchester piccadilly,nottingham,Thursday,off-peak
0 days,london kings cross,york,Thursday,off-peak
0 days,london kings cross,york,Thursday,off-peak
0 days,london paddington,reading,Thursday,off-peak
7 days,manchester piccadilly,liverpool lime street,Thursday,advance
1 days,manchester piccadilly,liverpool lime street,Friday,advance
3 days,birmingham new street,london st pancras,Sunday,advance
3 days,liverpool lime street,manchester piccadilly,Sunday,advance
1 days,manchester piccadilly,liverpool lime street,Friday,advance
0 days,london st pancras,birmingham new street,Thursday,off-peak
2 days,york,durham,Saturday,advance
2 days,london st pancras,birmingham new street,Saturday,advance
1 days,london paddington,reading,Friday,advance
1 days,manchester piccadilly,nottingham,Friday,advance
1 days,london paddington,reading,Friday,advance
0 days,london kings cross,york,Thursday,off-peak
1 days,liverpool lime street,manchester piccadilly,Friday,advance
0 days,manchester piccadilly,liverpool lime street,Thursday,anytime
0 days,london st pancras,birmingham new street,Thursday,anytime
0 days,birmingham new street,london st pancras,Thursday,anytime
0 days,birmingham new street,london st pancras,Thursday,anytime
7 days,liverpool lime street,manchester piccadilly,Thursday,advance
0 days,reading,swindon,Thursday,anytime
1 days,liverpool lime street,manchester piccadilly,Friday,advance
0 days,london kings cross,york,Thursday,anytime
5 days,london st pancras,birmingham new street,Tuesday,advance
6 days,london kings cross,york,Wednesday,advance
0 days,liverpool lime street,london euston,Thursday,anytime
0 days,liverpool lime street,london euston,Thursday,anytime
1 days,london kings cross,liverpool lime street,Friday,advance
0 days,liverpool lime street,london euston,Thursday,anytime
0 days,liverpool lime street,london euston,Thursday,anytime
0 days,london paddington,reading,Thursday,anytime
5 days,london st pancras,birmingham new street,Tuesday,advance
0 days,london kings cross,york,Thursday,anytime
7 days,manchester piccadilly,liverpool lime street,Thursday,advance
1 days,london euston,birmingham new street,Friday,advance
2 days,liverpool lime street,manchester piccadilly,Saturday,advance
5 days,reading,oxford,Tuesday,advance
7 days,london paddington,reading,Thursday,advance
2 days,london kings cross,york,Saturday,advance
4 days,london paddington,reading,Monday,advance
5 days,london paddington,reading,Tuesday,advance
7 days,london kings cross,york,Thursday,advance
1 days,manchester piccadilly,liverpool lime street,Friday,advance
6 days,london paddington,reading,Wednesday,advance
2 days,york,doncaster,Saturday,advance
1 days,london st pancras,wolverhampton,Friday,advance
1 days,london euston,birmingham new street,Friday,advance
3 days,manchester piccadilly,liverpool lime street,Sunday,advance
5 days,london st pancras,birmingham new street,Tuesday,advance
1 days,london paddington,reading,Friday,advance
1 days,liverpool lime street,manchester piccadilly,Friday,advance
7 days,london paddington,oxford,Thursday,advance
0 days,liverpool lime street,manchester piccadilly,Thursday,off-peak
0 days,liverpool lime street,manchester piccadilly,Thursday,off-peak
7 days,liverpool lime street,crewe,Thursday,advance
2 days,london kings cross,york,Saturday,advance
5 days,birmingham new street,london euston,Tuesday,advance
4 days,liverpool lime street,london euston,Monday,advance
5 days,liverpool lime street,london euston,Tuesday,advance
0 days,london euston,birmingham new street,Thursday,off-peak
7 days,york,leeds,Thursday,advance
3 days,london paddington,reading,Sunday,advance
0 days,london st pancras,birmingham new street,Thursday,off-peak
1 days,manchester piccadilly,liverpool lime street,Friday,advance
6 days,manchester piccadilly,liverpool lime street,Wednesday,advance
0 days,london st pancras,birmingham new street,Thursday,off-peak
1 days,manchester piccadilly,liverpool lime street,Friday,advance
0 days,london kings cross,york,Thursday,off-peak
0 days,london paddington,reading,Thursday,off-peak
7 days,liverpool lime street,london st pancras,Thursday,advance
0 days,liverpool lime street,manchester piccadilly,Thursday,off-peak
0 days,manchester piccadilly,liverpool lime street,Thursday,off-peak
2 days,liverpool lime street,manchester piccadilly,Saturday,advance
8 days,london st pancras,birmingham new street,Friday,advance
3 days,london st pancras,birmingham new street,Sunday,advance
3 days,london st pancras,birmingham new street,Sunday,advance
4 days,london st pancras,birmingham new street,Monday,advance
1 days,liverpool lime street,manchester piccadilly,Friday,advance
0 days,manchester piccadilly,liverpool lime street,Thursday,off-peak
0 days,york,peterborough,Thursday,anytime
0 days,manchester piccadilly,liverpool lime street,Thursday,anytime
6 days,london kings cross,york,Wednesday,advance
0 days,london euston,birmingham new street,Thursday,anytime
1 days,manchester piccadilly,liverpool lime street,Friday,advance
1 days,london st pancras,birmingham new street,Friday,advance
3 days,birmingham new street,london st pancras,Sunday,advance
0 days,manchester piccadilly,liverpool lime street,Thursday,anytime
1 days,manchester piccadilly,liverpool lime street,Friday,advance
1 days,london paddington,reading,Friday,advance
4 days,manchester piccadilly,liverpool lime street,Monday,advance
0 days,reading,oxford,Thursday,anytime
5 days,london paddington,reading,Tuesday,advance
0 days,london euston,birmingham new street,Thursday,anytime
1 days,london st pancras,birmingham new street,Friday,advance
3 days,manchester piccadilly,liverpool lime street,Sunday,advance
7 days,london kings cross,york,Thursday,advance
7 days,manchester piccadilly,liverpool lime street,Thursday,advance
7 days,london paddington,reading,Thursday,advance
4 days,london kings cross,york,Monday,advance
3 days,london kings cross,york,Sunday,advance
0 days,birmingham new street,liverpool lime street,Thursday,anytime
0 days,birmingham new street,york,Thursday,anytime
7 days,london st pancras,birmingham new street,Thursday,advance
7 days,london euston,birmingham new street,Thursday,advance
0 days,birmingham new street,tamworth,Thursday,anytime
1 days,london euston,birmingham new street,Friday,advance
5 days,london euston,birmingham new street,Tuesday,advance
3 days,manchester piccadilly,liverpool lime street,Sunday,advance
1 days,manchester piccadilly,liverpool lime street,Friday,advance
4 days,london kings cross,york,Monday,advance
6 days,london kings cross,york,Wednesday,advance
1 days,london paddington,reading,Friday,advance
2 days,manchester piccadilly,liverpool lime street,Saturday,advance
0 days,london st pancras,birmingham new street,Thursday,off-peak
0 days,liverpool lime street,manchester piccadilly,Thursday,off-peak
1 days,manchester piccadilly,liverpool lime street,Friday,advance
5 days,london st pancras,leicester,Tuesday,advance
3 days,london st pancras,leicester,Sunday,advance
1 days,manchester piccadilly,liverpool lime street,Friday,advance
1 days,london euston,birmingham new street,Friday,advance
6 days,manchester piccadilly,liverpool lime street,Wednesday,advance
7 days,london st pancras,birmingham new street,Thursday,advance
6 days,london st pancras,birmingham new street,Wednesday,advance
1 days,manchester piccadilly,liverpool lime street,Friday,advance
5 days,birmingham new street,nuneaton,Tuesday,advance
4 days,birmingham new street,nuneaton,Monday,advance
1 days,london paddington,reading,Friday,advance
1 days,london st pancras,birmingham new street,Friday,advance
3 days,london kings cross,york,Sunday,advance
1 days,manchester piccadilly,liverpool lime street,Friday,advance
7 days,london paddington,reading,Thursday,advance
1 days,manchester piccadilly,sheffield,Friday,advance
1 days,birmingham new street,edinburgh,Friday,advance
4 days,london euston,birmingham new street,Monday,advance
6 days,london paddington,reading,Wednesday,advance
2 days,london kings cross,york,Saturday,advance
1 days,london st pancras,birmingham new street,Friday,advance
7 days,london euston,birmingham new street,Thursday,advance
1 days,manchester piccadilly,liverpool lime street,Friday,advance
5 days,london euston,manchester piccadilly,Tuesday,advance
1 days,london kings cross,york,Friday,advance
5 days,london euston,manchester piccadilly,Tuesday,advance
5 days,york,edinburgh,Wednesday,advance
1 days,london euston,birmingham new street,Saturday,advance
6 days,london st pancras,birmingham new street,Thursday,advance
0 days,liverpool lime street,london paddington,Friday,off-peak
1 days,liverpool lime street,manchester piccadilly,Saturday,advance
4 days,liverpool lime street,manchester piccadilly,Tuesday,advance
1 days,liverpool lime street,manchester piccadilly,Saturday,advance
0 days,manchester piccadilly,london euston,Friday,off-peak
1 days,london st pancras,birmingham new street,Saturday,advance
0 days,london kings cross,york,Friday,off-peak
0 days,liverpool lime street,manchester piccadilly,Friday,off-peak
0 days,london euston,birmingham new street,Friday,off-peak
3 days,liverpool lime street,manchester piccadilly,Monday,advance
4 days,manchester piccadilly,liverpool lime street,Tuesday,advance
6 days,liverpool lime street,manchester piccadilly,Thursday,advance
3 days,manchester piccadilly,liverpool lime street,Monday,advance
1 days,london kings cross,york,Saturday,advance
2 days,london kings cross,york,Sunday,advance
3 days,liverpool lime street,manchester piccadilly,Monday,advance
2 days,manchester piccadilly,liverpool lime street,Sunday,advance
0 days,manchester piccadilly,liverpool lime street,Friday,off-peak
0 days,birmingham new street,london st pancras,Friday,anytime
0 days,york,doncaster,Friday,anytime
2 days,london kings cross,york,Sunday,advance
1 days,manchester piccadilly,sheffield,Saturday,advance
0 days,london kings cross,york,Friday,off-peak
0 days,manchester piccadilly,liverpool lime street,Friday,anytime
1 days,london euston,birmingham new street,Saturday,advance
0 days,reading,oxford,Friday,anytime
5 days,manchester piccadilly,liverpool lime street,Wednesday,advance
0 days,london paddington,reading,Friday,off-peak
1 days,manchester piccadilly,liverpool lime street,Saturday,advance
1 days,london paddington,reading,Saturday,advance
4 days,london paddington,reading,Tuesday,advance
3 days,london st pancras,wolverhampton,Monday,advance
5 days,manchester piccadilly,liverpool lime street,Wednesday,advance
4 days,london paddington,oxford,Tuesday,advance
3 days,london paddington,reading,Monday,advance
2 days,london paddington,reading,Sunday,advance
1 days,london paddington,oxford,Saturday,advance
1 days,birmingham new street,london st pancras,Saturday,advance
0 days,london euston,birmingham new street,Friday,off-peak
5 days,york,doncaster,Wednesday,advance
4 days,bristol temple meads,cardiff central,Tuesday,advance
1 days,london euston,birmingham new street,Saturday,advance
1 days,reading,swindon,Saturday,advance
0 days,liverpool lime street,manchester piccadilly,Friday,off-peak
0 days,london euston,birmingham new street,Friday,off-peak
0 days,london st pancras,birmingham new street,Friday,off-peak
2 days,liverpool lime street,london euston,Sunday,advance
1 days,manchester piccadilly,london euston,Saturday,advance
3 days,london st pancras,birmingham new street,Monday,advance
1 days,london paddington,reading,Saturday,advance
0 days,london kings cross,york,Friday,off-peak
2 days,manchester piccadilly,liverpool lime street,Sunday,advance
0 days,birmingham new street,manchester piccadilly,Friday,off-peak
3 days,liverpool lime street,manchester piccadilly,Monday,advance
0 days,liverpool lime street,manchester piccadilly,Friday,off-peak
6 days,liverpool lime street,manchester piccadilly,Thursday,advance
1 days,liverpool lime street,manchester piccadilly,Saturday,advance
1 days,manchester piccadilly,liverpool lime street,Saturday,advance
4 days,manchester piccadilly,liverpool lime street,Tuesday,advance
1 days,london st pancras,birmingham new street,Saturday,advance
2 days,london st pancras,birmingham new street,Sunday,advance
0 days,liverpool lime street,manchester piccadilly,Friday,off-peak
0 days,london euston,birmingham new street,Friday,off-peak
0 days,london euston,birmingham new street,Friday,off-peak
1 days,london euston,birmingham new street,Saturday,advance
6 days,london kings cross,york,Thursday,advance
5 days,london euston,birmingham new street,Wednesday,advance
0 days,london euston,birmingham new street,Friday,anytime
2 days,london kings cross,york,Sunday,advance
0 days,london kings cross,york,Friday,anytime
5 days,manchester piccadilly,sheffield,Wednesday,advance
4 days,manchester piccadilly,liverpool lime street,Tuesday,advance
1 days,london paddington,reading,Saturday,advance
4 days,london euston,birmingham new street,Tuesday,advance
1 days,manchester piccadilly,liverpool lime street,Saturday,advance
5 days,london paddington,reading,Wednesday,advance
4 days,london st pancras,birmingham new street,Tuesday,advance
1 days,london st pancras,birmingham new street,Saturday,advance
0 days,london paddington,reading,Friday,anytime
0 days,london st pancras,birmingham new street,Friday,anytime
2 days,london euston,birmingham new street,Sunday,advance
4 days,london euston,birmingham new street,Tuesday,advance
3 days,london euston,birmingham new street,Monday,advance
3 days,manchester piccadilly,liverpool lime street,Monday,advance
5 days,manchester piccadilly,liverpool lime street,Wednesday,advance
1 days,manchester piccadilly,liverpool lime street,Saturday,advance
2 days,manchester piccadilly,liverpool lime street,Sunday,advance
0 days,manchester piccadilly,liverpool lime street,Friday,anytime
0 days,london euston,manchester piccadilly,Friday,off-peak
2 days,london kings cross,york,Sunday,advance
0 days,liverpool lime street,manchester piccadilly,Friday,off-peak
1 days,manchester piccadilly,liverpool lime street,Saturday,advance
0 days,london euston,birmingham new street,Friday,off-peak
1 days,birmingham new street,tamworth,Saturday,advance
1 days,birmingham new street,wolverhampton,Saturday,advance
3 days,birmingham new street,nuneaton,Monday,advance
2 days,london st pancras,wolverhampton,Sunday,advance
1 days,london kings cross,york,Saturday,advance
2 days,london st pancras,birmingham new street,Sunday,advance
3 days,birmingham new street,stafford,Monday,advance
1 days,london st pancras,birmingham new street,Saturday,advance
6 days,london euston,birmingham new street,Thursday,advance
1 days,manchester piccadilly,liverpool lime street,Saturday,advance
6 days,london st pancras,birmingham new street,Thursday,advance
1 days,liverpool lime street,manchester piccadilly,Saturday,advance
6 days,manchester piccadilly,sheffield,Thursday,advance
1 days,london euston,birmingham new street,Saturday,advance
3 days,manchester piccadilly,leeds,Monday,advance
3 days,london euston,birmingham new street,Monday,advance
2 days,london euston,birmingham new street,Sunday,advance
4 days,london euston,manchester piccadilly,Tuesday,advance
5 days,london kings cross,york,Wednesday,advance
1 days,london st pancras,birmingham new street,Sunday,advance
1 days,manchester piccadilly,liverpool lime street,Sunday,advance
0 days,london paddington,reading,Saturday,off-peak
4 days,liverpool lime street,manchester piccadilly,Wednesday,advance
0 days,liverpool lime street,manchester piccadilly,Saturday,off-peak
0 days,london st pancras,birmingham new street,Saturday,off-peak
2 days,liverpool lime street,manchester piccadilly,Monday,advance
5 days,liverpool lime street,manchester piccadilly,Thursday,advance
0 days,manchester piccadilly,liverpool lime street,Saturday,off-peak
0 days,london paddington,reading,Saturday,off-peak
1 days,liverpool lime street,manchester piccadilly,Sunday,advance
0 days,london st pancras,birmingham new street,Saturday,off-peak
0 days,london paddington,reading,Saturday,off-peak
4 days,liverpool lime street,manchester piccadilly,Wednesday,advance
0 days,london euston,manchester piccadilly,Saturday,off-peak
1 days,london euston,birmingham new street,Sunday,advance
0 days,york,peterborough,Saturday,off-peak
2 days,birmingham new street,london st pancras,Monday,advance
1 days,london paddington,reading,Sunday,advance
0 days,liverpool lime street,london euston,Saturday,off-peak
4 days,liverpool lime street,sheffield,Wednesday,advance
4 days,manchester piccadilly,liverpool lime street,Wednesday,advance
0 days,manchester piccadilly,london euston,Saturday,off-peak
0 days,london paddington,reading,Saturday,off-peak
0 days,london paddington,reading,Saturday,off-peak
0 days,london paddington,reading,Saturday,off-peak
3 days,london kings cross,york,Tuesday,advance
5 days,manchester piccadilly,liverpool lime street,Thursday,advance
5 days,birmingham new street,nuneaton,Thursday,advance
1 days,london st pancras,birmingham new street,Sunday,advance
4 days,york,doncaster,Wednesday,advance
7 days,london kings cross,york,Saturday,advance
1 days,london paddington,reading,Sunday,advance
2 days,london paddington,reading,Monday,advance
1 days,london kings cross,york,Sunday,advance
0 days,london st pancras,birmingham new street,Saturday,off-peak
1 days,london st pancras,birmingham new street,Sunday,advance
0 days,manchester piccadilly,liverpool lime street,Saturday,off-peak
3 days,liverpool lime street,london euston,Tuesday,advance
4 days,liverpool lime street,london euston,Wednesday,advance
1 days,manchester piccadilly,leeds,Sunday,advance
4 days,manchester piccadilly,liverpool lime street,Wednesday,advance
4 days,london paddington,reading,Wednesday,advance
1 days,london kings cross,york,Sunday,advance
1 days,london paddington,reading,Sunday,advance
1 days,london paddington,reading,Sunday,advance
1 days,manchester piccadilly,liverpool lime street,Sunday,advance
1 days,london kings cross,york,Sunday,advance
0 days,london euston,birmingham new street,Saturday,off-peak
2 days,liverpool lime street,manchester piccadilly,Monday,advance
5 days,reading,london paddington,Thursday,advance
1 days,london st pancras,birmingham new street,Sunday,advance
1 days,london kings cross,york,Sunday,advance
0 days,london st pancras,birmingham new street,Saturday,off-peak
0 days,london euston,birmingham new street,Saturday,off-peak
0 days,reading,london paddington,Saturday,off-peak
1 days,london paddington,reading,Sunday,advance
0 days,london euston,birmingham new street,Saturday,off-peak
0 days,london euston,birmingham new street,Saturday,off-peak
5 days,manchester piccadilly,liverpool lime street,Thursday,advance
5 days,london euston,birmingham new street,Thursday,advance
0 days,manchester piccadilly,liverpool lime street,Saturday,off-peak
3 days,liverpool lime street,manchester piccadilly,Tuesday,advance
2 days,london euston,birmingham new street,Monday,advance
1 days,london paddington,reading,Sunday,advance
0 days,london st pancras,birmingham new street,Saturday,off-peak
0 days,london st pancras,birmingham new street,Saturday,off-peak
0 days,london kings cross,york,Saturday,off-peak
1 days,london euston,birmingham new street,Sunday,advance
0 days,london st pancras,birmingham new street,Saturday,off-peak
2 days,london kings cross,york,Monday,advance
7 days,london euston,birmingham new street,Saturday,advance
3 days,manchester piccadilly,liverpool lime street,Tuesday,advance
2 days,london euston,birmingham new street,Monday,advance
1 days,manchester piccadilly,liverpool lime street,Sunday,advance
1 days,london kings cross,york,Sunday,advance
1 days,london st pancras,birmingham new street,Sunday,advance
4 days,manchester piccadilly,liverpool lime street,Wednesday,advance
1 days,london euston,birmingham new street,Sunday,advance
1 days,liverpool lime street,manchester piccadilly,Sunday,advance
1 days,birmingham new street,tamworth,Sunday,advance
2 days,birmingham new street,london euston,Monday,advance
2 days,london kings cross,york,Monday,advance
5 days,london euston,manchester piccadilly,Thursday,advance
5 days,manchester piccadilly,liverpool lime street,Thursday,advance
1 days,london st pancras,birmingham new street,Sunday,advance
2 days,london kings cross,york,Monday,advance
4 days,liverpool lime street,manchester piccadilly,Wednesday,advance
4 days,london kings cross,york,Wednesday,advance
5 days,london paddington,reading,Thursday,advance
1 days,london kings cross,york,Sunday,advance
1 days,london kings cross,york,Sunday,advance
1 days,london euston,manchester piccadilly,Sunday,advance
3 days,london euston,oxford,Wednesday,advance
0 days,manchester piccadilly,london paddington,Sunday,off-peak
3 days,london paddington,reading,Wednesday,advance
0 days,york,durham,Sunday,off-peak
0 days,york,durham,Sunday,off-peak
1 days,london st pancras,birmingham new street,Monday,advance
1 days,london st pancras,birmingham new street,Monday,advance
1 days,london kings cross,york,Monday,advance
2 days,manchester piccadilly,nottingham,Tuesday,advance
1 days,liverpool lime street,manchester piccadilly,Monday,advance
0 days,manchester piccadilly,liverpool lime street,Sunday,off-peak
4 days,london euston,birmingham new street,Thursday,advance
0 days,london st pancras,birmingham new street,Sunday,off-peak
0 days,london kings cross,york,Sunday,off-peak
0 days,manchester piccadilly,liverpool lime street,Sunday,off-peak
0 days,london st pancras,wolverhampton,Sunday,off-peak
0 days,birmingham new street,london st pancras,Sunday,off-peak
1 days,liverpool lime street,manchester piccadilly,Monday,advance
0 days,bristol temple meads,cardiff central,Sunday,off-peak
2 days,birmingham new street,london st pancras,Tuesday,advance
0 days,london st pancras,birmingham new street,Sunday,off-peak
0 days,london paddington,reading,Sunday,off-peak
0 days,london paddington,oxford,Sunday,off-peak
2 days,london kings cross,york,Tuesday,advance
3 days,york,peterborough,Wednesday,advance
1 days,london kings cross,york,Monday,advance
3 days,birmingham new street,london st pancras,Wednesday,advance
3 days,london euston,manchester piccadilly,Wednesday,advance
4 days,birmingham new street,london st pancras,Thursday,advance
4 days,london paddington,reading,Thursday,advance
3 days,london euston,birmingham new street,Wednesday,advance
1 days,birmingham new street,london st pancras,Monday,advance
2 days,liverpool lime street,london euston,Tuesday,advance
1 days,birmingham new street,liverpool lime street,Monday,advance
0 days,manchester piccadilly,liverpool lime street,Sunday,off-peak
1 days,manchester piccadilly,london euston,Monday,advance
2 days,reading,oxford,Tuesday,advance
1 days,manchester piccadilly,sheffield,Monday,advance
0 days,manchester piccadilly,liverpool lime street,Sunday,off-peak
1 days,liverpool lime street,manchester piccadilly,Monday,advance
1 days,manchester piccadilly,nottingham,Monday,advance
0 days,london kings cross,york,Sunday,off-peak
3 days,london euston,birmingham new street,Wednesday,advance
0 days,manchester piccadilly,sheffield,Sunday,off-peak
1 days,manchester piccadilly,liverpool lime street,Monday,advance
4 days,london euston,birmingham new street,Thursday,advance
4 days,london st pancras,birmingham new street,Thursday,advance
3 days,london st pancras,birmingham new street,Wednesday,advance
0 days,london paddington,reading,Sunday,off-peak
0 days,london euston,birmingham new street,Sunday,off-peak
0 days,london euston,birmingham new street,Sunday,off-peak
0 days,london euston,birmingham new street,Sunday,off-peak
4 days,london euston,birmingham new street,Thursday,advance
0 days,birmingham new street,stafford,Sunday,off-peak
2 days,london st pancras,birmingham new street,Tuesday,advance
0 days,london kings cross,york,Sunday,off-peak
0 days,london paddington,reading,Sunday,off-peak
1 days,london st pancras,birmingham new street,Monday,advance
0 days,london euston,birmingham new street,Sunday,off-peak
1 days,birmingham new street,london euston,Monday,advance
1 days,london st pancras,birmingham new street,Monday,advance
1 days,manchester piccadilly,liverpool lime street,Monday,advance
2 days,reading,london paddington,Tuesday,advance
2 days,london euston,birmingham new street,Tuesday,advance
0 days,london st pancras,birmingham new street,Sunday,off-peak
0 days,birmingham new street,coventry,Sunday,off-peak
1 days,london euston,birmingham new street,Monday,advance
1 days,london euston,birmingham new street,Monday,advance
2 days,london euston,birmingham new street,Tuesday,advance
0 days,manchester piccadilly,liverpool lime street,Sunday,off-peak
0 days,london st pancras,leicester,Sunday,off-peak
0 days,london kings cross,york,Sunday,off-peak
4 days,london kings cross,york,Thursday,advance
2 days,manchester piccadilly,liverpool lime street,Tuesday,advance
3 days,manchester piccadilly,liverpool lime street,Wednesday,advance
2 days,birmingham new street,nuneaton,Tuesday,advance
1 days,london st pancras,wolverhampton,Monday,advance
2 days,london paddington,reading,Tuesday,advance
4 days,london euston,manchester piccadilly,Thursday,advance
1 days,london st pancras,birmingham new street,Monday,advance
1 days,manchester piccadilly,leeds,Monday,advance
4 days,london euston,birmingham new street,Thursday,advance
5 days,liverpool lime street,manchester piccadilly,Saturday,advance
2 days,liverpool lime street,manchester piccadilly,Wednesday,advance
2 days,liverpool lime street,manchester piccadilly,Wednesday,advance
1 days,london kings cross,york,Tuesday,advance
0 days,manchester piccadilly,liverpool lime street,Monday,anytime
0 days,london euston,manchester piccadilly,Monday,anytime
1 days,manchester piccadilly,london euston,Tuesday,advance
0 days,london euston,manchester piccadilly,Monday,anytime
0 days,london kings cross,york,Monday,anytime
3 days,london st pancras,birmingham new street,Thursday,advance
0 days,york,peterborough,Monday,anytime
0 days,york,peterborough,Monday,anytime
2 days,liverpool lime street,manchester piccadilly,Wednesday,advance
1 days,london paddington,reading,Tuesday,advance
2 days,birmingham new street,london st pancras,Wednesday,advance
0 days,london paddington,reading,Monday,anytime
0 days,manchester piccadilly,leeds,Monday,off-peak
1 days,manchester piccadilly,liverpool lime street,Tuesday,advance
3 days,london kings cross,york,Thursday,advance
1 days,london euston,manchester piccadilly,Tuesday,advance
1 days,york,doncaster,Tuesday,advance
3 days,birmingham new street,nuneaton,Thursday,advance
3 days,london paddington,reading,Thursday,advance
1 days,london kings cross,york,Tuesday,advance
1 days,london paddington,reading,Tuesday,advance
1 days,london euston,birmingham new street,Tuesday,advance
0 days,manchester piccadilly,liverpool lime street,Monday,off-peak
2 days,london kings cross,york,Wednesday,advance
3 days,london st pancras,birmingham new street,Thursday,advance
2 days,liverpool lime street,manchester piccadilly,Wednesday,advance
1 days,liverpool lime street,manchester piccadilly,Tuesday,advance
2 days,london paddington,reading,Wednesday,advance
0 days,london kings cross,york,Monday,off-peak
0 days,manchester piccadilly,liverpool lime street,Monday,off-peak
0 days,london kings cross,york,Monday,off-peak
1 days,london kings cross,york,Tuesday,advance
0 days,manchester piccadilly,liverpool lime street,Monday,anytime
1 days,liverpool lime street,london euston,Tuesday,advance
2 days,london st pancras,birmingham new street,Wednesday,advance
0 days,manchester piccadilly,liverpool lime street,Monday,anytime
0 days,edinburgh waverley,london kings cross,Monday,off-peak
0 days,manchester piccadilly,liverpool lime street,Monday,anytime
0 days,london kings cross,york,Monday,anytime
0 days,london euston,birmingham new street,Monday,anytime
1 days,birmingham new street,reading,Tuesday,advance
3 days,london paddington,reading,Thursday,advance
2 days,london euston,birmingham new street,Wednesday,advance
1 days,london euston,birmingham new street,Tuesday,advance
0 days,birmingham new street,tamworth,Monday,anytime
3 days,manchester piccadilly,liverpool lime street,Thursday,advance
1 days,manchester piccadilly,liverpool lime street,Tuesday,advance
0 days,london kings cross,york,Monday,off-peak
2 days,manchester piccadilly,liverpool lime street,Wednesday,advance
2 days,manchester piccadilly,liverpool lime street,Wednesday,advance
2 days,london paddington,reading,Wednesday,advance
3 days,reading,birmingham new street,Thursday,advance
3 days,london paddington,reading,Thursday,advance
1 days,liverpool lime street,crewe,Tuesday,advance
1 days,london kings cross,york,Tuesday,advance
1 days,liverpool lime street,manchester piccadilly,Tuesday,advance
2 days,london paddington,reading,Wednesday,advance
0 days,york,durham,Tuesday,off-peak
0 days,liverpool lime street,manchester piccadilly,Tuesday,off-peak
0 days,london paddington,reading,Tuesday,anytime
0 days,london st pancras,wolverhampton,Tuesday,anytime
0 days,london kings cross,york,Tuesday,anytime
0 days,reading,oxford,Tuesday,anytime
0 days,liverpool lime street,london euston,Tuesday,anytime
0 days,london kings cross,edinburgh waverley,Tuesday,anytime
0 days,manchester piccadilly,leeds,Tuesday,off-peak
3 days,manchester piccadilly,liverpool lime street,Friday,advance
2 days,london kings cross,york,Thursday,advance
1 days,york,peterborough,Wednesday,advance
0 days,london euston,birmingham new street,Tuesday,off-peak
0 days,london st pancras,birmingham new street,Tuesday,off-peak
0 days,london kings cross,york,Tuesday,off-peak
1 days,london paddington,reading,Wednesday,advance
1 days,london euston,birmingham new street,Wednesday,advance
0 days,london paddington,reading,Tuesday,off-peak
1 days,london st pancras,birmingham new street,Wednesday,advance
2 days,london kings cross,york,Thursday,advance
0 days,london st pancras,birmingham new street,Tuesday,off-peak
1 days,london euston,birmingham new street,Wednesday,advance
0 days,london euston,birmingham new street,Tuesday,anytime
2 days,london kings cross,york,Thursday,advance
0 days,liverpool lime street,london euston,Tuesday,anytime
1 days,london euston,birmingham new street,Wednesday,advance
0 days,london st pancras,birmingham new street,Tuesday,anytime
0 days,london st pancras,birmingham new street,Tuesday,anytime
1 days,london kings cross,york,Wednesday,advance
1 days,london euston,birmingham new street,Wednesday,advance
1 days,liverpool lime street,manchester piccadilly,Wednesday,advance
2 days,london euston,birmingham new street,Thursday,advance
1 days,london st pancras,birmingham new street,Wednesday,advance
1 days,london kings cross,york,Wednesday,advance
0 days,manchester piccadilly,london paddington,Wednesday,off-peak
0 days,london kings cross,york,Wednesday,off-peak
0 days,birmingham new street,london st pancras,Wednesday,anytime
0 days,york,peterborough,Wednesday,anytime
0 days,liverpool lime street,manchester piccadilly,Wednesday,off-peak
0 days,london kings cross,edinburgh waverley,Wednesday,anytime
0 days,london st pancras,birmingham new street,Wednesday,off-peak
2 days,london paddington,oxford,Friday,advance
1 days,manchester piccadilly,liverpool lime street,Thursday,advance
1 days,london st pancras,birmingham new street,Thursday,advance
0 days,london st pancras,birmingham new street,Wednesday,off-peak
0 days,liverpool lime street,manchester piccadilly,Wednesday,off-peak
0 days,liverpool lime street,manchester piccadilly,Wednesday,off-peak
1 days,london euston,birmingham new street,Thursday,advance
0 days,manchester piccadilly,liverpool lime street,Wednesday,anytime
0 days,london paddington,reading,Wednesday,anytime
0 days,liverpool lime street,manchester piccadilly,Wednesday,anytime
0 days,london st pancras,birmingham new street,Wednesday,anytime
1 days,london euston,birmingham new street,Thursday,advance
1 days,london euston,birmingham new street,Thursday,advance
1 days,manchester piccadilly,london euston,Thursday,advance
2 days,manchester piccadilly,liverpool lime street,Friday,advance
1 days,york,durham,Friday,advance
1 days,york,durham,Friday,advance
1 days,liverpool lime street,manchester piccadilly,Friday,advance
1 days,london euston,birmingham new street,Friday,advance
1 days,liverpool lime street,manchester piccadilly,Friday,advance
1 days,liverpool lime street,manchester piccadilly,Friday,advance
0 days,london st pancras,birmingham new street,Thursday,anytime
0 days,birmingham new street,london st pancras,Thursday,anytime
0 days,birmingham new street,nuneaton,Thursday,anytime
0 days,liverpool lime street,manchester piccadilly,Thursday,anytime
1 days,manchester piccadilly,liverpool lime street,Friday,advance
1 days,liverpool lime street,sheffield,Friday,advance
1 days,london paddington,liverpool lime street,Friday,advance
0 days,manchester piccadilly,liverpool lime street,Thursday,anytime
1 days,manchester piccadilly,liverpool lime street,Friday,advance
1 days,london kings cross,york,Friday,advance
1 days,london kings cross,york,Friday,advance
1 days,manchester piccadilly,liverpool lime street,Friday,advance
1 days,london kings cross,york,Friday,advance
1 days,manchester piccadilly,liverpool lime street,Friday,advance
1 days,manchester piccadilly,liverpool lime street,Friday,advance
1 days,liverpool lime street,london euston,Friday,advance
0 days,liverpool lime street,manchester piccadilly,Thursday,off-peak
0 days,manchester piccadilly,leeds,Thursday,off-peak
1 days,london st pancras,birmingham new street,Friday,advance
1 days,manchester piccadilly,liverpool lime street,Friday,advance
1 days,london st pancras,birmingham new street,Friday,advance
1 days,london st pancras,birmingham new street,Friday,advance
1 days,london euston,birmingham new street,Friday,advance
0 days,york,edinburgh,Thursday,off-peak
1 days,london st pancras,birmingham new street,Friday,advance
0 days,london paddington,reading,Thursday,anytime
1 days,london euston,birmingham new street,Friday,advance
1 days,liverpool lime street,manchester piccadilly,Friday,advance
0 days,london euston,birmingham new street,Thursday,anytime
1 days,birmingham new street,liverpool lime street,Friday,advance
1 days,london euston,birmingham new street,Friday,advance
1 days,london euston,birmingham new street,Friday,advance
1 days,manchester piccadilly,liverpool lime street,Friday,advance
0 days,london paddington,reading,Thursday,off-peak
0 days,london paddington,reading,Thursday,off-peak
1 days,manchester piccadilly,liverpool lime street,Friday,advance
1 days,reading,liverpool lime street,Friday,advance
1 days,birmingham new street,tamworth,Friday,advance
1 days,birmingham new street,stafford,Friday,advance
1 days,birmingham new street,nuneaton,Friday,advance
1 days,birmingham new street,stafford,Friday,advance
0 days,london kings cross,york,Thursday,off-peak
0 days,london euston,birmingham new street,Friday,off-peak
1 days,london st pancras,birmingham new street,Saturday,advance
1 days,london kings cross,york,Saturday,advance
0 days,london euston,birmingham new street,Friday,off-peak
1 days,london kings cross,york,Saturday,advance
0 days,manchester piccadilly,liverpool lime street,Friday,anytime
0 days,london kings cross,york,Friday,anytime
0 days,london euston,manchester piccadilly,Friday,anytime
1 days,london kings cross,york,Saturday,advance
0 days,london euston,birmingham new street,Friday,anytime
0 days,london paddington,oxford,Friday,anytime
0 days,london paddington,oxford,Friday,anytime
0 days,london paddington,oxford,Friday,anytime
0 days,london kings cross,edinburgh waverley,Friday,anytime
1 days,birmingham new street,london st pancras,Saturday,advance
1 days,london kings cross,york,Saturday,advance
1 days,liverpool lime street,london euston,Saturday,advance
1 days,liverpool lime street,london euston,Saturday,advance
0 days,london st pancras,birmingham new street,Friday,off-peak
0 days,london euston,birmingham new street,Friday,off-peak
0 days,london euston,birmingham new street,Friday,off-peak
1 days,manchester piccadilly,liverpool lime street,Saturday,advance
1 days,london kings cross,york,Saturday,advance
1 days,london st pancras,birmingham new street,Saturday,advance
0 days,london kings cross,york,Friday,anytime
0 days,london euston,birmingham new street,Friday,anytime
0 days,london euston,birmingham new street,Friday,anytime
0 days,liverpool lime street,manchester piccadilly,Friday,anytime
0 days,manchester piccadilly,liverpool lime street,Friday,anytime
1 days,birmingham new street,london st pancras,Saturday,advance
0 days,london euston,birmingham new street,Friday,anytime
1 days,manchester piccadilly,liverpool lime street,Saturday,advance
0 days,liverpool lime street,manchester piccadilly,Friday,anytime
1 days,manchester piccadilly,sheffield,Saturday,advance
0 days,london kings cross,york,Friday,anytime
0 days,liverpool lime street,london euston,Friday,anytime
1 days,manchester piccadilly,liverpool lime street,Saturday,advance
0 days,london paddington,reading,Friday,anytime
0 days,liverpool lime street,crewe,Friday,anytime
1 days,london euston,birmingham new street,Saturday,advance
0 days,london euston,manchester piccadilly,Friday,off-peak
1 days,london st pancras,leicester,Saturday,advance
1 days,birmingham new street,tamworth,Saturday,advance
0 days,london euston,birmingham new street,Friday,off-peak
1 days,london kings cross,york,Saturday,advance
0 days,london kings cross,york,Friday,off-peak
0 days,london kings cross,york,Friday,off-peak
0 days,london kings cross,york,Friday,off-peak
1 days,liverpool lime street,manchester piccadilly,Saturday,advance
1 days,liverpool lime street,manchester piccadilly,Saturday,advance
1 days,liverpool lime street,manchester piccadilly,Saturday,advance
1 days,liverpool lime street,manchester piccadilly,Saturday,advance
1 days,london kings cross,york,Saturday,advance
1 days,liverpool lime street,manchester piccadilly,Saturday,advance
1 days,liverpool lime street,manchester piccadilly,Saturday,advance
1 days,liverpool lime street,manchester piccadilly,Saturday,advance
0 days,oxford,bristol temple meads,Saturday,off-peak
0 days,manchester piccadilly,liverpool lime street,Saturday,off-peak
0 days,london euston,birmingham new street,Saturday,off-peak
1 days,liverpool lime street,leeds,Sunday,advance
2 days,london kings cross,edinburgh waverley,Monday,advance
0 days,liverpool lime street,leeds,Saturday,off-peak
0 days,london euston,birmingham new street,Saturday,off-peak
0 days,liverpool lime street,manchester piccadilly,Saturday,off-peak
0 days,liverpool lime street,manchester piccadilly,Saturday,off-peak
1 days,york,durham,Sunday,advance
1 days,london kings cross,york,Sunday,advance
0 days,london paddington,reading,Saturday,off-peak
1 days,reading,london paddington,Sunday,advance
1 days,liverpool lime street,manchester piccadilly,Sunday,advance
1 days,birmingham new street,liverpool lime street,Sunday,advance
0 days,london kings cross,york,Saturday,off-peak
0 days,manchester piccadilly,london euston,Saturday,off-peak
0 days,london euston,birmingham new street,Saturday,off-peak
0 days,york,birmingham new street,Saturday,off-peak
1 days,london kings cross,york,Sunday,advance
0 days,london euston,birmingham new street,Saturday,off-peak
0 days,manchester piccadilly,liverpool lime street,Saturday,off-peak
0 days,london euston,birmingham new street,Saturday,off-peak
0 days,manchester piccadilly,liverpool lime street,Saturday,off-peak
0 days,liverpool lime street,manchester piccadilly,Saturday,off-peak
0 days,liverpool lime street,manchester piccadilly,Saturday,off-peak
0 days,london euston,birmingham new street,Saturday,off-peak
0 days,liverpool lime street,manchester piccadilly,Saturday,off-peak
1 days,london st pancras,birmingham new street,Sunday,advance
1 days,liverpool lime street,manchester piccadilly,Sunday,advance
0 days,liverpool lime street,manchester piccadilly,Saturday,off-peak
1 days,london kings cross,york,Sunday,advance
0 days,london euston,manchester piccadilly,Saturday,off-peak
1 days,london euston,birmingham new street,Sunday,advance
1 days,liverpool lime street,manchester piccadilly,Sunday,advance
1 days,liverpool lime street,manchester piccadilly,Sunday,advance
1 days,london euston,birmingham new street,Sunday,advance
1 days,london euston,birmingham new street,Sunday,advance
0 days,manchester piccadilly,liverpool lime street,Saturday,off-peak
1 days,manchester piccadilly,liverpool lime street,Sunday,advance
0 days,liverpool lime street,london euston,Saturday,off-peak
1 days,manchester piccadilly,liverpool lime street,Sunday,advance
1 days,liverpool lime street,manchester piccadilly,Sunday,advance
0 days,manchester piccadilly,liverpool lime street,Saturday,off-peak
0 days,london kings cross,york,Saturday,off-peak
0 days,manchester piccadilly,liverpool lime street,Saturday,off-peak
0 days,york,doncaster,Saturday,off-peak
0 days,london euston,birmingham new street,Saturday,off-peak
0 days,birmingham new street,london st pancras,Saturday,off-peak
0 days,london paddington,reading,Saturday,off-peak
0 days,london kings cross,york,Saturday,off-peak
0 days,london paddington,reading,Saturday,off-peak
1 days,manchester piccadilly,liverpool lime street,Sunday,advance
0 days,liverpool lime street,manchester piccadilly,Saturday,off-peak
0 days,reading,swindon,Saturday,off-peak
0 days,york,peterborough,Saturday,off-peak
1 days,london st pancras,birmingham new street,Sunday,advance
1 days,birmingham new street,london st pancras,Sunday,advance
0 days,london st pancras,birmingham new street,Saturday,off-peak
0 days,liverpool lime street,london euston,Saturday,off-peak
0 days,london euston,manchester piccadilly,Saturday,off-peak
1 days,manchester piccadilly,liverpool lime street,Sunday,advance
0 days,london euston,manchester piccadilly,Saturday,off-peak
0 days,liverpool lime street,london euston,Saturday,off-peak
0 days,liverpool lime street,london euston,Saturday,off-peak
1 days,london kings cross,york,Sunday,advance
0 days,liverpool lime street,london euston,Saturday,off-peak
0 days,london euston,manchester piccadilly,Saturday,off-peak
0 days,liverpool lime street,london euston,Saturday,off-peak
0 days,london st pancras,birmingham new street,Saturday,off-peak
0 days,london euston,manchester piccadilly,Saturday,off-peak
0 days,liverpool lime street,london euston,Saturday,off-peak
0 days,liverpool lime street,london euston,Saturday,off-peak
0 days,manchester piccadilly,liverpool lime street,Saturday,off-peak
0 days,london paddington,reading,Saturday,off-peak
0 days,london paddington,reading,Saturday,off-peak
0 days,london paddington,reading,Saturday,off-peak
0 days,london paddington,reading,Saturday,off-peak
0 days,manchester piccadilly,liverpool lime street,Saturday,off-peak
1 days,oxford,bristol temple meads,Sunday,advance
0 days,london kings cross,york,Saturday,off-peak
0 days,london kings cross,edinburgh waverley,Saturday,off-peak
0 days,london kings cross,edinburgh waverley,Saturday,off-peak
1 days,manchester piccadilly,liverpool lime street,Sunday,advance
1 days,london paddington,reading,Sunday,advance
0 days,london kings cross,edinburgh waverley,Saturday,off-peak
1 days,london kings cross,york,Sunday,advance
1 days,london paddington,reading,Sunday,advance
1 days,london euston,manchester piccadilly,Sunday,advance
1 days,birmingham new street,london st pancras,Sunday,advance
1 days,london st pancras,birmingham new street,Sunday,advance
1 days,london euston,birmingham new street,Sunday,advance
1 days,london st pancras,birmingham new street,Sunday,advance
1 days,london euston,birmingham new street,Sunday,advance
1 days,birmingham new street,london st pancras,Sunday,advance
1 days,london euston,manchester piccadilly,Sunday,advance
0 days,london kings cross,york,Saturday,off-peak
1 days,london paddington,oxford,Sunday,advance
1 days,liverpool lime street,manchester piccadilly,Sunday,advance
1 days,london paddington,reading,Sunday,advance
1 days,london paddington,oxford,Sunday,advance
1 days,london paddington,reading,Sunday,advance
1 days,london paddington,reading,Sunday,advance
1 days,london paddington,reading,Sunday,advance
1 days,london paddington,oxford,Sunday,advance
0 days,london euston,birmingham new street,Saturday,off-peak
1 days,london paddington,reading,Sunday,advance
1 days,london paddington,reading,Sunday,advance
0 days,london paddington,reading,Saturday,off-peak
1 days,london kings cross,york,Sunday,advance
1 days,liverpool lime street,manchester piccadilly,Sunday,advance
1 days,london kings cross,york,Sunday,advance
0 days,liverpool lime street,manchester piccadilly,Saturday,off-peak
1 days,london kings cross,york,Sunday,advance
1 days,liverpool lime street,crewe,Sunday,advance
1 days,london kings cross,york,Sunday,advance
0 days,liverpool lime street,manchester piccadilly,Saturday,off-peak
1 days,liverpool lime street,manchester piccadilly,Sunday,advance
0 days,manchester piccadilly,liverpool lime street,Saturday,off-peak
1 days,london euston,birmingham new street,Sunday,advance
1 days,liverpool lime street,london euston,Sunday,advance
1 days,london euston,birmingham new street,Sunday,advance
0 days,manchester piccadilly,liverpool lime street,Saturday,off-peak
1 days,liverpool lime street,london euston,Sunday,advance
1 days,liverpool lime street,london euston,Sunday,advance
1 days,liverpool lime street,london euston,Sunday,advance
1 days,reading,oxford,Sunday,advance
1 days,london euston,manchester piccadilly,Sunday,advance
0 days,manchester piccadilly,liverpool lime street,Saturday,off-peak
0 days,london st pancras,birmingham new street,Saturday,off-peak
1 days,manchester piccadilly,liverpool lime street,Sunday,advance
1 days,manchester piccadilly,london euston,Sunday,advance
1 days,london paddington,reading,Sunday,advance
0 days,london paddington,reading,Saturday,off-peak
1 days,london euston,birmingham new street,Sunday,advance
1 days,london paddington,reading,Sunday,advance
1 days,manchester piccadilly,leeds,Sunday,advance
0 days,london st pancras,birmingham new street,Saturday,off-peak
0 days,london st pancras,birmingham new street,Saturday,off-peak
1 days,manchester piccadilly,leeds,Sunday,advance
1 days,manchester piccadilly,liverpool lime street,Sunday,advance
0 days,liverpool lime street,manchester piccadilly,Saturday,off-peak
1 days,liverpool lime street,manchester piccadilly,Sunday,advance
1 days,manchester piccadilly,liverpool lime street,Sunday,advance
1 days,london paddington,reading,Sunday,advance
1 days,london kings cross,york,Sunday,advance
0 days,london kings cross,york,Saturday,off-peak
0 days,manchester piccadilly,liverpool lime street,Saturday,off-peak
0 days,london euston,birmingham new street,Saturday,off-peak
0 days,reading,london paddington,Saturday,off-peak
1 days,birmingham new street,manchester piccadilly,Sunday,advance
0 days,manchester piccadilly,liverpool lime street,Saturday,off-peak
1 days,liverpool lime street,manchester piccadilly,Sunday,advance
0 days,manchester piccadilly,liverpool lime street,Saturday,off-peak
0 days,london st pancras,birmingham new street,Saturday,off-peak
1 days,london st pancras,birmingham new street,Sunday,advance
0 days,london paddington,reading,Saturday,off-peak
0 days,london paddington,reading,Saturday,off-peak
0 days,london kings cross,york,Saturday,off-peak
1 days,london euston,birmingham new street,Sunday,advance
1 days,london paddington,reading,Sunday,advance
1 days,london st pancras,birmingham new street,Sunday,advance
1 days,london st pancras,birmingham new street,Sunday,advance
0 days,london euston,birmingham new street,Saturday,off-peak
0 days,london st pancras,birmingham new street,Saturday,off-peak
1 days,london paddington,reading,Sunday,advance
1 days,london euston,birmingham new street,Sunday,advance
0 days,london kings cross,york,Saturday,off-peak
0 days,london euston,birmingham new street,Saturday,off-peak
0 days,manchester piccadilly,liverpool lime street,Saturday,off-peak
1 days,london kings cross,york,Sunday,advance
0 days,london kings cross,york,Saturday,off-peak
0 days,london kings cross,york,Saturday,off-peak
0 days,birmingham new street,stafford,Saturday,off-peak
1 days,london paddington,reading,Sunday,advance
1 days,manchester piccadilly,liverpool lime street,Sunday,advance
0 days,london kings cross,york,Saturday,off-peak
0 days,birmingham new street,stafford,Saturday,off-peak
1 days,manchester piccadilly,london paddington,Sunday,advance
1 days,london paddington,reading,Sunday,advance
0 days,manchester piccadilly,liverpool lime street,Saturday,off-peak
0 days,manchester piccadilly,liverpool lime street,Saturday,off-peak
0 days,liverpool lime street,london euston,Saturday,off-peak
0 days,london euston,birmingham new street,Saturday,off-peak
0 days,london kings cross,york,Saturday,off-peak
0 days,manchester piccadilly,liverpool lime street,Saturday,off-peak
0 days,manchester piccadilly,liverpool lime street,Saturday,off-peak
0 days,manchester piccadilly,liverpool lime street,Saturday,off-peak
0 days,london euston,birmingham new street,Saturday,off-peak
1 days,london paddington,reading,Sunday,advance
1 days,liverpool lime street,manchester piccadilly,Sunday,advance
1 days,london paddington,reading,Sunday,advance
0 days,manchester piccadilly,liverpool lime street,Saturday,off-peak
1 days,london paddington,reading,Sunday,advance
1 days,london euston,birmingham new street,Sunday,advance
0 days,london st pancras,birmingham new street,Saturday,off-peak
0 days,london paddington,reading,Saturday,off-peak
0 days,birmingham new street,nuneaton,Saturday,off-peak
1 days,manchester piccadilly,liverpool lime street,Sunday,advance
0 days,york,peterborough,Saturday,off-peak
1 days,liverpool lime street,manchester piccadilly,Sunday,advance
0 days,birmingham new street,nuneaton,Saturday,off-peak
0 days,london st pancras,wolverhampton,Saturday,off-peak
0 days,york,edinburgh,Saturday,off-peak
1 days,london euston,birmingham new street,Sunday,advance
1 days,london kings cross,york,Sunday,advance
1 days,london euston,birmingham new street,Sunday,advance
0 days,manchester piccadilly,liverpool lime street,Saturday,off-peak
1 days,london euston,birmingham new street,Sunday,advance
1 days,london euston,birmingham new street,Sunday,advance
0 days,london st pancras,birmingham new street,Saturday,off-peak
0 days,manchester piccadilly,liverpool lime street,Saturday,off-peak
1 days,london kings cross,york,Sunday,advance
0 days,manchester piccadilly,liverpool lime street,Saturday,off-peak
1 days,manchester piccadilly,liverpool lime street,Sunday,advance
0 days,london st pancras,leicester,Saturday,off-peak
0 days,london st pancras,leicester,Saturday,off-peak
1 days,london st pancras,birmingham new street,Sunday,advance
0 days,manchester piccadilly,liverpool lime street,Saturday,off-peak
0 days,london kings cross,liverpool lime street,Saturday,off-peak
1 days,birmingham new street,london paddington,Sunday,advance
1 days,liverpool lime street,london euston,Sunday,advance
1 days,london st pancras,leicester,Sunday,advance
1 days,london st pancras,birmingham new street,Sunday,advance
1 days,london kings cross,york,Sunday,advance
1 days,london st pancras,leicester,Sunday,advance
1 days,london st pancras,leicester,Sunday,advance
1 days,london kings cross,york,Sunday,advance
1 days,london paddington,reading,Sunday,advance
1 days,manchester piccadilly,liverpool lime street,Sunday,advance
0 days,london euston,birmingham new street,Saturday,off-peak
0 days,london euston,birmingham new street,Saturday,off-peak
0 days,london paddington,reading,Saturday,off-peak
1 days,london paddington,reading,Sunday,advance
1 days,london st pancras,birmingham new street,Sunday,advance
1 days,london paddington,reading,Sunday,advance
1 days,london st pancras,birmingham new street,Sunday,advance
1 days,manchester piccadilly,liverpool lime street,Sunday,advance
1 days,birmingham new street,wolverhampton,Sunday,advance
1 days,london st pancras,birmingham new street,Sunday,advance
1 days,london kings cross,york,Sunday,advance
1 days,london paddington,reading,Sunday,advance
1 days,birmingham new street,stafford,Sunday,advance
1 days,birmingham new street,tamworth,Sunday,advance
1 days,london st pancras,birmingham new street,Sunday,advance
1 days,birmingham new street,london euston,Sunday,advance
1 days,london kings cross,york,Sunday,advance
1 days,london kings cross,york,Sunday,advance
1 days,london st pancras,birmingham new street,Sunday,advance
1 days,london st pancras,birmingham new street,Sunday,advance
0 days,london kings cross,york,Saturday,off-peak
0 days,london euston,manchester piccadilly,Saturday,off-peak
0 days,birmingham new street,liverpool lime street,Saturday,off-peak
0 days,london euston,manchester piccadilly,Saturday,off-peak
1 days,london euston,manchester piccadilly,Sunday,advance
1 days,reading,oxford,Sunday,advance
1 days,liverpool lime street,manchester piccadilly,Sunday,advance
1 days,manchester piccadilly,liverpool lime street,Sunday,advance
1 days,manchester piccadilly,liverpool lime street,Sunday,advance
1 days,manchester piccadilly,liverpool lime street,Sunday,advance
1 days,liverpool lime street,manchester piccadilly,Sunday,advance
1 days,liverpool lime street,manchester piccadilly,Sunday,advance
1 days,london kings cross,york,Sunday,advance
1 days,liverpool lime street,manchester piccadilly,Sunday,advance
1 days,london kings cross,york,Sunday,advance
1 days,manchester piccadilly,london euston,Sunday,advance
1 days,london paddington,reading,Sunday,advance
0 days,liverpool lime street,manchester piccadilly,Sunday,off-peak
1 days,london euston,manchester piccadilly,Monday,advance
0 days,liverpool lime street,manchester piccadilly,Sunday,off-peak
0 days,manchester piccadilly,nottingham,Sunday,off-peak
0 days,manchester piccadilly,nottingham,Sunday,off-peak
0 days,liverpool lime street,manchester piccadilly,Sunday,off-peak
0 days,london st pancras,birmingham new street,Sunday,off-peak
0 days,london euston,birmingham new street,Sunday,off-peak
1 days,liverpool lime street,manchester piccadilly,Monday,advance
1 days,liverpool lime street,manchester piccadilly,Monday,advance
0 days,manchester piccadilly,liverpool lime street,Sunday,off-peak
0 days,london euston,manchester piccadilly,Sunday,off-peak
1 days,york,durham,Monday,advance
0 days,manchester piccadilly,liverpool lime street,Sunday,off-peak
1 days,birmingham new street,london euston,Monday,advance
0 days,london paddington,reading,Sunday,off-peak
0 days,london st pancras,birmingham new street,Sunday,off-peak
1 days,london st pancras,birmingham new street,Monday,advance
1 days,liverpool lime street,manchester piccadilly,Monday,advance
1 days,london kings cross,york,Monday,advance
1 days,liverpool lime street,manchester piccadilly,Monday,advance
0 days,london euston,birmingham new street,Sunday,off-peak
0 days,liverpool lime street,manchester piccadilly,Sunday,off-peak
0 days,london euston,birmingham new street,Sunday,off-peak
0 days,london euston,birmingham new street,Sunday,off-peak
0 days,london euston,birmingham new street,Sunday,off-peak
0 days,liverpool lime street,manchester piccadilly,Sunday,off-peak
1 days,liverpool lime street,manchester piccadilly,Monday,advance
0 days,london st pancras,birmingham new street,Sunday,off-peak
0 days,manchester piccadilly,sheffield,Sunday,off-peak
1 days,manchester piccadilly,london paddington,Monday,advance
1 days,liverpool lime street,manchester piccadilly,Monday,advance
1 days,london paddington,reading,Monday,advance
0 days,london kings cross,york,Sunday,off-peak
0 days,liverpool lime street,manchester piccadilly,Sunday,off-peak
0 days,manchester piccadilly,liverpool lime street,Sunday,off-peak
0 days,london kings cross,york,Sunday,off-peak
0 days,london kings cross,york,Sunday,off-peak
0 days,york,peterborough,Sunday,off-peak
0 days,london kings cross,york,Sunday,off-peak
0 days,reading,didcot,Sunday,off-peak
0 days,manchester piccadilly,liverpool lime street,Sunday,off-peak
0 days,manchester piccadilly,liverpool lime street,Sunday,off-peak
0 days,london st pancras,wolverhampton,Sunday,off-peak
0 days,london euston,birmingham new street,Sunday,off-peak
0 days,london paddington,reading,Sunday,off-peak
0 days,london euston,manchester piccadilly,Sunday,off-peak
0 days,birmingham new street,nuneaton,Sunday,off-peak
0 days,york,doncaster,Sunday,off-peak
0 days,london kings cross,york,Sunday,off-peak
0 days,birmingham new street,london st pancras,Sunday,off-peak
0 days,london euston,birmingham new street,Sunday,off-peak
0 days,birmingham new street,london st pancras,Sunday,off-peak
0 days,london paddington,reading,Sunday,off-peak
0 days,liverpool lime street,manchester piccadilly,Sunday,off-peak
0 days,london st pancras,birmingham new street,Sunday,off-peak
0 days,liverpool lime street,manchester piccadilly,Sunday,off-peak
1 days,liverpool lime street,manchester piccadilly,Monday,advance
0 days,liverpool lime street,manchester piccadilly,Sunday,off-peak
1 days,london euston,birmingham new street,Monday,advance
0 days,london euston,birmingham new street,Sunday,off-peak
0 days,york,doncaster,Sunday,off-peak
0 days,london kings cross,york,Sunday,off-peak
0 days,london kings cross,york,Sunday,off-peak
0 days,reading,swindon,Sunday,off-peak
0 days,liverpool lime street,crewe,Sunday,off-peak
0 days,liverpool lime street,crewe,Sunday,off-peak
0 days,london kings cross,york,Sunday,off-peak
0 days,york,doncaster,Sunday,off-peak
0 days,reading,swindon,Sunday,off-peak
1 days,london st pancras,birmingham new street,Monday,advance
1 days,london paddington,reading,Monday,advance
0 days,reading,swindon,Sunday,off-peak
1 days,london kings cross,york,Monday,advance
0 days,birmingham new street,london st pancras,Sunday,off-peak
0 days,reading,oxford,Sunday,off-peak
1 days,london euston,manchester piccadilly,Monday,advance
0 days,london kings cross,york,Sunday,off-peak
0 days,liverpool lime street,london euston,Sunday,off-peak
1 days,london kings cross,liverpool lime street,Monday,advance
1 days,london euston,birmingham new street,Monday,advance
1 days,london paddington,reading,Monday,advance
0 days,york,leeds,Sunday,off-peak
1 days,london euston,birmingham new street,Monday,advance
0 days,london paddington,reading,Sunday,off-peak
0 days,london paddington,reading,Sunday,off-peak
0 days,london st pancras,birmingham new street,Sunday,off-peak
0 days,london paddington,oxford,Sunday,off-peak
0 days,london paddington,reading,Sunday,off-peak
0 days,manchester piccadilly,liverpool lime street,Sunday,off-peak
0 days,liverpool lime street,manchester piccadilly,Sunday,off-peak
0 days,london paddington,oxford,Sunday,off-peak
0 days,liverpool lime street,manchester piccadilly,Sunday,off-peak
0 days,london paddington,reading,Sunday,off-peak
1 days,manchester piccadilly,liverpool lime street,Monday,advance
0 days,birmingham new street,london st pancras,Sunday,off-peak
0 days,london euston,birmingham new street,Sunday,off-peak
0 days,london paddington,reading,Sunday,off-peak
0 days,london kings cross,edinburgh waverley,Sunday,off-peak
1 days,manchester piccadilly,liverpool lime street,Monday,advance
1 days,liverpool lime street,manchester piccadilly,Monday,advance
1 days,london kings cross,york,Monday,advance
1 days,london euston,birmingham new street,Monday,advance
1 days,london euston,birmingham new street,Monday,advance
1 days,london st pancras,birmingham new street,Monday,advance
1 days,london euston,manchester piccadilly,Monday,advance
1 days,birmingham new street,london st pancras,Monday,advance
1 days,birmingham new street,london st pancras,Monday,advance
1 days,reading,london paddington,Monday,advance
1 days,london kings cross,york,Monday,advance
1 days,london paddington,reading,Monday,advance
1 days,london paddington,reading,Monday,advance
1 days,london st pancras,birmingham new street,Monday,advance
1 days,london paddington,oxford,Monday,advance
1 days,london paddington,reading,Monday,advance
1 days,london paddington,reading,Monday,advance
1 days,liverpool lime street,manchester piccadilly,Monday,advance
1 days,birmingham new street,london st pancras,Monday,advance
1 days,birmingham new street,london st pancras,Monday,advance
1 days,london euston,birmingham new street,Monday,advance
1 days,york,peterborough,Monday,advance
0 days,manchester piccadilly,liverpool lime street,Sunday,off-peak
1 days,london kings cross,york,Monday,advance
0 days,manchester piccadilly,liverpool lime street,Sunday,off-peak
1 days,london kings cross,york,Monday,advance
1 days,liverpool lime street,london euston,Monday,advance
1 days,birmingham new street,london euston,Monday,advance
1 days,liverpool lime street,london euston,Monday,advance
1 days,liverpool lime street,london euston,Monday,advance
1 days,manchester piccadilly,london euston,Monday,advance
1 days,liverpool lime street,london euston,Monday,advance
1 days,liverpool lime street,london euston,Monday,advance
1 days,liverpool lime street,london euston,Monday,advance
1 days,london st pancras,birmingham new street,Monday,advance
1 days,london euston,birmingham new street,Monday,advance
0 days,liverpool lime street,manchester piccadilly,Sunday,off-peak
1 days,london st pancras,birmingham new street,Monday,advance
1 days,london paddington,reading,Monday,advance
1 days,manchester piccadilly,liverpool lime street,Monday,advance
0 days,london euston,birmingham new street,Sunday,off-peak
0 days,manchester piccadilly,leeds,Sunday,off-peak
1 days,london euston,birmingham new street,Monday,advance
0 days,manchester piccadilly,liverpool lime street,Sunday,off-peak
0 days,liverpool lime street,manchester piccadilly,Sunday,off-peak
1 days,london kings cross,york,Monday,advance
1 days,liverpool lime street,manchester piccadilly,Monday,advance
1 days,manchester piccadilly,liverpool lime street,Monday,advance
0 days,manchester piccadilly,liverpool lime street,Sunday,off-peak
0 days,manchester piccadilly,liverpool lime street,Sunday,off-peak
1 days,london euston,birmingham new street,Monday,advance
0 days,london kings cross,york,Sunday,off-peak
0 days,manchester piccadilly,liverpool lime street,Sunday,off-peak
0 days,london kings cross,york,Sunday,off-peak
0 days,london st pancras,birmingham new street,Sunday,off-peak
1 days,manchester piccadilly,liverpool lime street,Monday,advance
0 days,london kings cross,york,Sunday,off-peak
1 days,liverpool lime street,manchester piccadilly,Monday,advance
1 days,london euston,birmingham new street,Monday,advance
1 days,birmingham new street,manchester piccadilly,Monday,advance
0 days,reading,london paddington,Sunday,off-peak
0 days,london kings cross,york,Sunday,off-peak
1 days,manchester piccadilly,sheffield,Monday,advance
0 days,london euston,birmingham new street,Sunday,off-peak
1 days,london euston,birmingham new street,Monday,advance
1 days,liverpool lime street,manchester piccadilly,Monday,advance
1 days,london st pancras,birmingham new street,Monday,advance
0 days,york,edinburgh,Sunday,off-peak
1 days,london st pancras,birmingham new street,Monday,advance
0 days,london paddington,reading,Sunday,off-peak
0 days,london paddington,reading,Sunday,off-peak
1 days,london st pancras,birmingham new street,Monday,advance
0 days,london st pancras,birmingham new street,Sunday,off-peak
0 days,london st pancras,birmingham new street,Sunday,off-peak
0 days,london st pancras,birmingham new street,Sunday,off-peak
0 days,london kings cross,york,Sunday,off-peak
1 days,london euston,birmingham new street,Monday,advance
1 days,london st pancras,birmingham new street,Monday,advance
1 days,london st pancras,birmingham new street,Monday,advance
0 days,london euston,birmingham new street,Sunday,off-peak
0 days,london euston,birmingham new street,Sunday,off-peak
0 days,london euston,birmingham new street,Sunday,off-peak
0 days,london kings cross,york,Sunday,off-peak
0 days,london kings cross,york,Sunday,off-peak
0 days,london euston,birmingham new street,Sunday,off-peak
0 days,manchester piccadilly,liverpool lime street,Sunday,off-peak
0 days,london st pancras,leicester,Sunday,off-peak
0 days,manchester piccadilly,liverpool lime street,Sunday,off-peak
1 days,manchester piccadilly,liverpool lime street,Monday,advance
0 days,liverpool lime street,sheffield,Sunday,off-peak
0 days,liverpool lime street,london euston,Sunday,off-peak
1 days,london paddington,reading,Monday,advance
0 days,london kings cross,york,Sunday,off-peak
0 days,manchester piccadilly,liverpool lime street,Sunday,off-peak
1 days,london paddington,reading,Monday,advance
1 days,london st pancras,birmingham new street,Monday,advance
0 days,london kings cross,york,Sunday,off-peak
0 days,london paddington,reading,Sunday,off-peak
0 days,liverpool lime street,manchester piccadilly,Sunday,off-peak
0 days,london kings cross,york,Sunday,off-peak
0 days,liverpool lime street,manchester piccadilly,Sunday,off-peak
0 days,manchester piccadilly,liverpool lime street,Sunday,off-peak
0 days,london kings cross,york,Sunday,off-peak
0 days,london euston,birmingham new street,Sunday,off-peak
0 days,manchester piccadilly,liverpool lime street,Sunday,off-peak
1 days,london kings cross,york,Monday,advance
0 days,london st pancras,birmingham new street,Sunday,off-peak
1 days,london paddington,reading,Monday,advance
0 days,london st pancras,birmingham new street,Sunday,off-peak
0 days,liverpool lime street,manchester piccadilly,Sunday,off-peak
1 days,reading,london paddington,Monday,advance
0 days,liverpool lime street,london euston,Sunday,off-peak
1 days,birmingham new street,liverpool lime street,Monday,advance
0 days,london st pancras,birmingham new street,Sunday,off-peak
1 days,manchester piccadilly,liverpool lime street,Monday,advance
0 days,london st pancras,birmingham new street,Sunday,off-peak
0 days,manchester piccadilly,liverpool lime street,Sunday,off-peak
0 days,london st pancras,birmingham new street,Sunday,off-peak
1 days,london kings cross,york,Monday,advance
0 days,birmingham new street,tamworth,Sunday,off-peak
0 days,london st pancras,birmingham new street,Sunday,off-peak
0 days,london st pancras,birmingham new street,Sunday,off-peak
1 days,manchester piccadilly,liverpool lime street,Monday,advance
1 days,london kings cross,york,Monday,advance
1 days,london euston,birmingham new street,Monday,advance
1 days,london euston,birmingham new street,Monday,advance
1 days,london euston,birmingham new street,Monday,advance
1 days,manchester piccadilly,liverpool lime street,Monday,advance
0 days,liverpool lime street,manchester piccadilly,Sunday,off-peak
1 days,manchester piccadilly,liverpool lime street,Monday,advance
1 days,london paddington,reading,Monday,advance
0 days,manchester piccadilly,liverpool lime street,Sunday,off-peak
1 days,liverpool lime street,london euston,Monday,advance
0 days,manchester piccadilly,liverpool lime street,Sunday,off-peak
0 days,london st pancras,birmingham new street,Sunday,off-peak
0 days,london st pancras,leicester,Sunday,off-peak
0 days,manchester piccadilly,liverpool lime street,Sunday,off-peak
0 days,london paddington,reading,Sunday,off-peak
0 days,london paddington,reading,Sunday,off-peak
0 days,london kings cross,york,Sunday,off-peak
0 days,london paddington,reading,Sunday,off-peak
0 days,manchester piccadilly,liverpool lime street,Sunday,off-peak
1 days,manchester piccadilly,liverpool lime street,Monday,advance
1 days,liverpool lime street,manchester piccadilly,Monday,advance
1 days,london kings cross,york,Monday,advance
1 days,london st pancras,leicester,Monday,advance
1 days,manchester piccadilly,liverpool lime street,Monday,advance
1 days,manchester piccadilly,liverpool lime street,Monday,advance
1 days,manchester piccadilly,liverpool lime street,Monday,advance
0 days,manchester piccadilly,liverpool lime street,Sunday,off-peak
1 days,manchester piccadilly,liverpool lime street,Monday,advance
1 days,london euston,birmingham new street,Monday,advance
0 days,london euston,birmingham new street,Sunday,off-peak
1 days,liverpool lime street,manchester piccadilly,Monday,advance
1 days,birmingham new street,york,Monday,advance
1 days,liverpool lime street,manchester piccadilly,Monday,advance
0 days,liverpool lime street,manchester piccadilly,Sunday,off-peak
1 days,manchester piccadilly,liverpool lime street,Monday,advance
1 days,london kings cross,york,Monday,advance
1 days,london st pancras,birmingham new street,Monday,advance
1 days,london paddington,reading,Monday,advance
1 days,birmingham new street,stafford,Monday,advance
1 days,london kings cross,york,Monday,advance
0 days,london euston,manchester piccadilly,Sunday,off-peak
0 days,london euston,birmingham new street,Sunday,off-peak
1 days,london euston,manchester piccadilly,Monday,advance
1 days,london st pancras,birmingham new street,Monday,advance
1 days,london euston,birmingham new street,Monday,advance
1 days,manchester piccadilly,liverpool lime street,Monday,advance
1 days,london euston,birmingham new street,Monday,advance
1 days,liverpool lime street,manchester piccadilly,Monday,advance
1 days,manchester piccadilly,liverpool lime street,Monday,advance
1 days,london euston,birmingham new street,Monday,advance
1 days,liverpool lime street,manchester piccadilly,Monday,advance
1 days,london euston,birmingham new street,Monday,advance
1 days,liverpool lime street,manchester piccadilly,Monday,advance
1 days,london paddington,reading,Monday,advance
1 days,london paddington,reading,Monday,advance
1 days,london euston,birmingham new street,Monday,advance
1 days,london kings cross,york,Monday,advance
0 days,london paddington,reading,Monday,off-peak
0 days,london euston,birmingham new street,Monday,off-peak
0 days,manchester piccadilly,nottingham,Monday,off-peak
1 days,london euston,birmingham new street,Tuesday,advance
0 days,liverpool lime street,manchester piccadilly,Monday,off-peak
0 days,york,durham,Monday,off-peak
0 days,york,durham,Monday,off-peak
0 days,reading,london paddington,Monday,off-peak
1 days,york,durham,Tuesday,advance
1 days,liverpool lime street,manchester piccadilly,Tuesday,advance
1 days,liverpool lime street,manchester piccadilly,Tuesday,advance
0 days,liverpool lime street,manchester piccadilly,Monday,off-peak
0 days,liverpool lime street,manchester piccadilly,Monday,off-peak
0 days,london euston,birmingham new street,Monday,off-peak
0 days,birmingham new street,london st pancras,Monday,off-peak
0 days,london kings cross,york,Monday,off-peak
1 days,london st pancras,birmingham new street,Tuesday,advance
1 days,liverpool lime street,manchester piccadilly,Tuesday,advance
0 days,london euston,birmingham new street,Monday,off-peak
1 days,london euston,birmingham new street,Tuesday,advance
1 days,london st pancras,birmingham new street,Tuesday,advance
1 days,liverpool lime street,manchester piccadilly,Tuesday,advance
1 days,london kings cross,york,Tuesday,advance
0 days,manchester piccadilly,liverpool lime street,Monday,anytime
0 days,london paddington,reading,Monday,anytime
0 days,london kings cross,york,Monday,anytime
0 days,manchester piccadilly,liverpool lime street,Monday,anytime
0 days,birmingham new street,london st pancras,Monday,anytime
0 days,london euston,birmingham new street,Monday,anytime
0 days,london st pancras,birmingham new street,Monday,anytime
0 days,london euston,birmingham new street,Monday,anytime
0 days,birmingham new street,london st pancras,Monday,anytime
0 days,manchester piccadilly,liverpool lime street,Monday,anytime
0 days,london euston,birmingham new street,Monday,anytime
0 days,birmingham new street,london st pancras,Monday,anytime
0 days,london kings cross,york,Monday,anytime
1 days,london euston,birmingham new street,Tuesday,advance
0 days,oxford,bristol temple meads,Monday,anytime
0 days,london paddington,reading,Monday,anytime
0 days,manchester piccadilly,liverpool lime street,Monday,anytime
1 days,liverpool lime street,manchester piccadilly,Tuesday,advance
0 days,liverpool lime street,manchester piccadilly,Monday,anytime
0 days,york,peterborough,Monday,anytime
0 days,london paddington,london waterloo,Monday,anytime
0 days,london kings cross,york,Monday,anytime
0 days,york,wakefield,Monday,anytime
0 days,london kings cross,york,Monday,anytime
1 days,liverpool lime street,manchester piccadilly,Tuesday,advance
1 days,london kings cross,york,Tuesday,advance
1 days,manchester piccadilly,liverpool lime street,Tuesday,advance
0 days,liverpool lime street,london euston,Monday,anytime
0 days,liverpool lime street,london euston,Monday,anytime
0 days,liverpool lime street,london euston,Monday,anytime
0 days,liverpool lime street,london euston,Monday,anytime
0 days,london st pancras,birmingham new street,Monday,anytime
0 days,liverpool lime street,london euston,Monday,anytime
1 days,london kings cross,york,Tuesday,advance
1 days,london euston,birmingham new street,Tuesday,advance
0 days,manchester piccadilly,liverpool lime street,Monday,anytime
1 days,london kings cross,york,Tuesday,advance
1 days,london paddington,reading,Tuesday,advance
0 days,liverpool lime street,london st pancras,Monday,anytime
0 days,london paddington,oxford,Monday,anytime
0 days,london paddington,reading,Monday,anytime
1 days,manchester piccadilly,liverpool lime street,Tuesday,advance
0 days,london paddington,reading,Monday,anytime
0 days,london paddington,oxford,Monday,anytime
0 days,london paddington,reading,Monday,anytime
0 days,london paddington,oxford,Monday,anytime
0 days,london paddington,oxford,Monday,anytime
0 days,london paddington,reading,Monday,anytime
1 days,liverpool lime street,manchester piccadilly,Tuesday,advance
0 days,london paddington,oxford,Monday,anytime
0 days,london kings cross,york,Monday,off-peak
0 days,manchester piccadilly,nottingham,Monday,off-peak
0 days,london kings cross,edinburgh waverley,Monday,anytime
0 days,manchester piccadilly,liverpool lime street,Monday,off-peak
1 days,london paddington,reading,Tuesday,advance
1 days,manchester piccadilly,liverpool lime street,Tuesday,advance
1 days,london paddington,reading,Tuesday,advance
1 days,york,peterborough,Tuesday,advance
0 days,manchester piccadilly,liverpool lime street,Monday,off-peak
1 days,manchester piccadilly,liverpool lime street,Tuesday,advance
1 days,london euston,birmingham new street,Tuesday,advance
1 days,birmingham new street,london st pancras,Tuesday,advance
1 days,birmingham new street,london paddington,Tuesday,advance
1 days,york,doncaster,Tuesday,advance
1 days,york,doncaster,Tuesday,advance
1 days,birmingham new street,london st pancras,Tuesday,advance
1 days,london paddington,reading,Tuesday,advance
1 days,london paddington,oxford,Tuesday,advance
1 days,london paddington,oxford,Tuesday,advance
1 days,london paddington,oxford,Tuesday,advance
1 days,london paddington,reading,Tuesday,advance
1 days,london paddington,reading,Tuesday,advance
1 days,liverpool lime street,manchester piccadilly,Tuesday,advance
1 days,london st pancras,birmingham new street,Tuesday,advance
1 days,liverpool lime street,manchester piccadilly,Tuesday,advance
1 days,london paddington,oxford,Tuesday,advance
0 days,manchester piccadilly,liverpool lime street,Monday,off-peak
1 days,london paddington,reading,Tuesday,advance
0 days,london st pancras,birmingham new street,Monday,off-peak
1 days,york,peterborough,Tuesday,advance
1 days,manchester piccadilly,london paddington,Tuesday,advance
1 days,reading,oxford,Tuesday,advance
1 days,manchester piccadilly,london euston,Tuesday,advance
0 days,london paddington,liverpool lime street,Monday,off-peak
0 days,manchester piccadilly,liverpool lime street,Monday,off-peak
1 days,liverpool lime street,london euston,Tuesday,advance
0 days,oxford,bristol temple meads,Monday,off-peak
0 days,london st pancras,birmingham new street,Monday,off-peak
1 days,manchester piccadilly,london euston,Tuesday,advance
0 days,manchester piccadilly,liverpool lime street,Monday,off-peak
1 days,liverpool lime street,london euston,Tuesday,advance
0 days,manchester piccadilly,liverpool lime street,Monday,off-peak
1 days,london euston,birmingham new street,Tuesday,advance
1 days,london euston,birmingham new street,Tuesday,advance
1 days,manchester piccadilly,liverpool lime street,Tuesday,advance
1 days,london st pancras,birmingham new street,Tuesday,advance
1 days,manchester piccadilly,liverpool lime street,Tuesday,advance
1 days,manchester piccadilly,nottingham,Tuesday,advance
1 days,london kings cross,york,Tuesday,advance
0 days,london kings cross,york,Monday,off-peak
1 days,liverpool lime street,manchester piccadilly,Tuesday,advance
1 days,liverpool lime street,manchester piccadilly,Tuesday,advance
1 days,london euston,birmingham new street,Tuesday,advance
0 days,manchester piccadilly,liverpool lime street,Monday,off-peak
0 days,liverpool lime street,manchester piccadilly,Monday,off-peak
0 days,reading,london paddington,Monday,off-peak
1 days,london euston,birmingham new street,Tuesday,advance
1 days,liverpool lime street,manchester piccadilly,Tuesday,advance
1 days,liverpool lime street,manchester piccadilly,Tuesday,advance
1 days,london euston,birmingham new street,Tuesday,advance
1 days,london paddington,liverpool lime street,Tuesday,advance
1 days,liverpool lime street,manchester piccadilly,Tuesday,advance
0 days,manchester piccadilly,liverpool lime street,Monday,off-peak
0 days,london paddington,reading,Monday,off-peak
0 days,london paddington,reading,Monday,off-peak
0 days,london kings cross,york,Monday,off-peak
0 days,manchester piccadilly,liverpool lime street,Monday,off-peak
1 days,london st pancras,birmingham new street,Tuesday,advance
0 days,manchester piccadilly,liverpool lime street,Monday,off-peak
0 days,manchester piccadilly,liverpool lime street,Monday,off-peak
0 days,london paddington,reading,Monday,off-peak
1 days,london st pancras,birmingham new street,Tuesday,advance
1 days,london st pancras,birmingham new street,Tuesday,advance
0 days,london paddington,reading,Monday,off-peak
1 days,london st pancras,birmingham new street,Tuesday,advance
0 days,london euston,birmingham new street,Monday,off-peak
0 days,manchester piccadilly,liverpool lime street,Monday,off-peak
0 days,manchester piccadilly,liverpool lime street,Monday,anytime
0 days,manchester piccadilly,liverpool lime street,Monday,anytime
0 days,london kings cross,york,Monday,anytime
1 days,london kings cross,york,Tuesday,advance
0 days,london euston,birmingham new street,Monday,anytime
0 days,birmingham new street,manchester piccadilly,Monday,anytime
1 days,manchester piccadilly,liverpool lime street,Tuesday,advance
0 days,birmingham new street,manchester piccadilly,Monday,anytime
0 days,birmingham new street,manchester piccadilly,Monday,anytime
0 days,liverpool lime street,leeds,Monday,anytime
1 days,liverpool lime street,manchester piccadilly,Tuesday,advance
1 days,london paddington,reading,Tuesday,advance
0 days,birmingham new street,london euston,Monday,off-peak
1 days,manchester piccadilly,liverpool lime street,Tuesday,advance
0 days,birmingham new street,stafford,Monday,anytime
0 days,london kings cross,york,Monday,anytime
0 days,london kings cross,york,Monday,anytime
0 days,birmingham new street,london st pancras,Monday,anytime
1 days,edinburgh waverley,london kings cross,Tuesday,advance
0 days,manchester piccadilly,warrington,Monday,anytime
0 days,london st pancras,birmingham new street,Monday,anytime
0 days,london st pancras,birmingham new street,Monday,anytime
0 days,london st pancras,birmingham new street,Monday,anytime
1 days,london paddington,reading,Tuesday,advance
0 days,london st pancras,birmingham new street,Monday,anytime
1 days,london st pancras,birmingham new street,Tuesday,advance
1 days,london paddington,reading,Tuesday,advance
0 days,london st pancras,birmingham new street,Monday,anytime
0 days,london paddington,reading,Monday,anytime
1 days,reading,london paddington,Tuesday,advance
1 days,manchester piccadilly,liverpool lime street,Tuesday,advance
1 days,london st pancras,birmingham new street,Tuesday,advance
1 days,london euston,birmingham new street,Tuesday,advance
1 days,london euston,birmingham new street,Tuesday,advance
1 days,london paddington,reading,Tuesday,advance
0 days,birmingham new street,nuneaton,Monday,anytime
0 days,london st pancras,birmingham new street,Monday,anytime
1 days,manchester piccadilly,liverpool lime street,Tuesday,advance
0 days,london st pancras,birmingham new street,Monday,anytime
1 days,london paddington,reading,Tuesday,advance
1 days,london euston,birmingham new street,Tuesday,advance
1 days,manchester piccadilly,liverpool lime street,Tuesday,advance
1 days,london kings cross,york,Tuesday,advance
1 days,london euston,birmingham new street,Tuesday,advance
0 days,liverpool lime street,leeds,Monday,off-peak
1 days,london kings cross,york,Tuesday,advance
1 days,manchester piccadilly,liverpool lime street,Tuesday,advance
1 days,london euston,birmingham new street,Tuesday,advance
1 days,manchester piccadilly,liverpool lime street,Tuesday,advance
1 days,london euston,birmingham new street,Tuesday,advance
1 days,manchester piccadilly,liverpool lime street,Tuesday,advance
1 days,london paddington,reading,Tuesday,advance
1 days,manchester piccadilly,liverpool lime street,Tuesday,advance
1 days,london st pancras,leicester,Tuesday,advance
1 days,manchester piccadilly,liverpool lime street,Tuesday,advance
1 days,liverpool lime street,sheffield,Tuesday,advance
1 days,manchester piccadilly,liverpool lime street,Tuesday,advance
0 days,london st pancras,leicester,Monday,anytime
0 days,london kings cross,york,Monday,off-peak
0 days,london st pancras,leicester,Monday,anytime
1 days,london st pancras,birmingham new street,Tuesday,advance
0 days,manchester piccadilly,liverpool lime street,Monday,off-peak
1 days,london kings cross,york,Tuesday,advance
1 days,manchester piccadilly,liverpool lime street,Tuesday,advance
1 days,liverpool lime street,manchester piccadilly,Tuesday,advance
1 days,london paddington,reading,Tuesday,advance
1 days,london kings cross,york,Tuesday,advance
1 days,liverpool lime street,manchester piccadilly,Tuesday,advance
1 days,london st pancras,leicester,Tuesday,advance
1 days,london st pancras,leicester,Tuesday,advance
1 days,manchester piccadilly,liverpool lime street,Tuesday,advance
1 days,manchester piccadilly,liverpool lime street,Tuesday,advance
1 days,manchester piccadilly,liverpool lime street,Tuesday,advance
1 days,london st pancras,leicester,Tuesday,advance
1 days,london euston,birmingham new street,Tuesday,advance
1 days,manchester piccadilly,liverpool lime street,Tuesday,advance
1 days,london st pancras,birmingham new street,Tuesday,advance
1 days,liverpool lime street,manchester piccadilly,Tuesday,advance
1 days,liverpool lime street,manchester piccadilly,Tuesday,advance
0 days,london paddington,reading,Monday,off-peak
1 days,reading,birmingham new street,Tuesday,advance
1 days,london st pancras,birmingham new street,Tuesday,advance
1 days,birmingham new street,tamworth,Tuesday,advance
1 days,birmingham new street,tamworth,Tuesday,advance
1 days,london paddington,reading,Tuesday,advance
1 days,london st pancras,birmingham new street,Tuesday,advance
1 days,london st pancras,birmingham new street,Tuesday,advance
1 days,london st pancras,birmingham new street,Tuesday,advance
1 days,manchester piccadilly,liverpool lime street,Tuesday,advance
1 days,birmingham new street,tamworth,Tuesday,advance
1 days,london paddington,reading,Tuesday,advance
1 days,reading,didcot,Tuesday,advance
1 days,birmingham new street,tamworth,Tuesday,advance
1 days,london kings cross,york,Tuesday,advance
1 days,london kings cross,york,Tuesday,advance
1 days,london paddington,reading,Tuesday,advance
0 days,london kings cross,york,Monday,off-peak
1 days,manchester piccadilly,liverpool lime street,Tuesday,advance
0 days,london kings cross,york,Monday,off-peak
0 days,london kings cross,york,Monday,off-peak
1 days,oxford,bristol temple meads,Tuesday,advance
1 days,manchester piccadilly,liverpool lime street,Tuesday,advance
1 days,london euston,manchester piccadilly,Tuesday,advance
1 days,london paddington,reading,Tuesday,advance
1 days,liverpool lime street,manchester piccadilly,Tuesday,advance
1 days,london euston,birmingham new street,Tuesday,advance
1 days,london euston,birmingham new street,Tuesday,advance
1 days,manchester piccadilly,london euston,Tuesday,advance
1 days,london euston,birmingham new street,Tuesday,advance
1 days,liverpool lime street,manchester piccadilly,Tuesday,advance
1 days,london euston,birmingham new street,Tuesday,advance
1 days,london paddington,reading,Tuesday,advance
1 days,london euston,birmingham new street,Tuesday,advance
1 days,london euston,birmingham new street,Tuesday,advance
1 days,london kings cross,york,Tuesday,advance
0 days,liverpool lime street,manchester piccadilly,Tuesday,off-peak
2 days,london kings cross,edinburgh waverley,Thursday,advance
0 days,london kings cross,york,Tuesday,off-peak
0 days,london st pancras,birmingham new street,Tuesday,off-peak
0 days,manchester piccadilly,nottingham,Tuesday,off-peak
1 days,london paddington,reading,Wednesday,advance
0 days,manchester piccadilly,liverpool lime street,Tuesday,off-peak
0 days,manchester piccadilly,nottingham,Tuesday,off-peak
1 days,liverpool lime street,manchester piccadilly,Wednesday,advance
1 days,liverpool lime street,manchester piccadilly,Wednesday,advance
0 days,london euston,birmingham new street,Tuesday,off-peak
0 days,liverpool lime street,manchester piccadilly,Tuesday,off-peak
0 days,london euston,birmingham new street,Tuesday,off-peak
1 days,london euston,birmingham new street,Wednesday,advance
0 days,york,durham,Tuesday,off-peak
1 days,london kings cross,york,Wednesday,advance
0 days,london kings cross,york,Tuesday,off-peak
0 days,york,durham,Tuesday,off-peak
0 days,liverpool lime street,manchester piccadilly,Tuesday,off-peak
1 days,york,durham,Wednesday,advance
1 days,liverpool lime street,manchester piccadilly,Wednesday,advance
1 days,birmingham new street,liverpool lime street,Wednesday,advance
0 days,manchester piccadilly,liverpool lime street,Tuesday,off-peak
1 days,london kings cross,york,Wednesday,advance
1 days,london kings cross,york,Wednesday,advance
0 days,liverpool lime street,manchester piccadilly,Tuesday,off-peak
0 days,london paddington,reading,Tuesday,off-peak
1 days,liverpool lime street,manchester piccadilly,Wednesday,advance
1 days,london st pancras,birmingham new street,Wednesday,advance
1 days,london kings cross,york,Wednesday,advance
1 days,manchester piccadilly,nottingham,Wednesday,advance
0 days,london kings cross,liverpool lime street,Tuesday,off-peak
1 days,london st pancras,birmingham new street,Wednesday,advance
1 days,london euston,birmingham new street,Wednesday,advance
0 days,london paddington,reading,Tuesday,off-peak
1 days,london kings cross,york,Wednesday,advance
0 days,manchester piccadilly,liverpool lime street,Tuesday,anytime
1 days,london paddington,reading,Wednesday,advance
1 days,liverpool lime street,manchester piccadilly,Wednesday,advance
0 days,london paddington,reading,Tuesday,anytime
0 days,manchester piccadilly,liverpool lime street,Tuesday,anytime
0 days,manchester piccadilly,liverpool lime street,Tuesday,anytime
0 days,london kings cross,york,Tuesday,anytime
0 days,manchester piccadilly,liverpool lime street,Tuesday,anytime
0 days,london paddington,reading,Tuesday,anytime
1 days,london paddington,reading,Wednesday,advance
0 days,birmingham new street,nuneaton,Tuesday,anytime
0 days,london st pancras,birmingham new street,Tuesday,anytime
0 days,birmingham new street,nuneaton,Tuesday,anytime
0 days,york,doncaster,Tuesday,anytime
0 days,london kings cross,york,Tuesday,anytime
1 days,london euston,birmingham new street,Wednesday,advance
0 days,london kings cross,york,Tuesday,anytime
0 days,london st pancras,birmingham new street,Tuesday,anytime
1 days,liverpool lime street,manchester piccadilly,Wednesday,advance
1 days,london st pancras,birmingham new street,Wednesday,advance
0 days,london kings cross,york,Tuesday,anytime
0 days,london paddington,reading,Tuesday,anytime
1 days,birmingham new street,london st pancras,Wednesday,advance
0 days,london st pancras,birmingham new street,Tuesday,anytime
0 days,york,peterborough,Tuesday,anytime
0 days,london kings cross,york,Tuesday,anytime
0 days,reading,swindon,Tuesday,anytime
0 days,york,doncaster,Tuesday,anytime
0 days,london paddington,london waterloo,Tuesday,anytime
0 days,london st pancras,birmingham new street,Tuesday,anytime
1 days,liverpool lime street,manchester piccadilly,Wednesday,advance
0 days,liverpool lime street,london euston,Tuesday,anytime
0 days,liverpool lime street,london euston,Tuesday,anytime
0 days,london euston,birmingham new street,Tuesday,anytime
0 days,manchester piccadilly,liverpool lime street,Tuesday,anytime
0 days,london paddington,reading,Tuesday,anytime
0 days,london paddington,reading,Tuesday,anytime
0 days,london paddington,reading,Tuesday,anytime
0 days,london paddington,oxford,Tuesday,anytime
0 days,london paddington,reading,Tuesday,anytime
0 days,london paddington,oxford,Tuesday,anytime
0 days,london paddington,oxford,Tuesday,anytime
0 days,london kings cross,york,Tuesday,anytime
0 days,london paddington,reading,Tuesday,off-peak
1 days,manchester piccadilly,liverpool lime street,Wednesday,advance
1 days,london kings cross,york,Wednesday,advance
0 days,london kings cross,edinburgh waverley,Tuesday,anytime
1 days,london paddington,reading,Wednesday,advance
1 days,london paddington,reading,Wednesday,advance
1 days,reading,didcot,Wednesday,advance
1 days,london euston,birmingham new street,Wednesday,advance
1 days,london st pancras,birmingham new street,Wednesday,advance
1 days,york,doncaster,Wednesday,advance
1 days,birmingham new street,london st pancras,Wednesday,advance
1 days,london st pancras,birmingham new street,Wednesday,advance
1 days,birmingham new street,london st pancras,Wednesday,advance
1 days,london euston,manchester piccadilly,Wednesday,advance
1 days,london euston,birmingham new street,Wednesday,advance
1 days,london paddington,reading,Wednesday,advance
1 days,birmingham new street,london st pancras,Wednesday,advance
1 days,london euston,birmingham new street,Wednesday,advance
1 days,london kings cross,york,Wednesday,advance
1 days,liverpool lime street,manchester piccadilly,Wednesday,advance
1 days,london paddington,oxford,Wednesday,advance
1 days,london paddington,reading,Wednesday,advance
1 days,london st pancras,birmingham new street,Wednesday,advance
1 days,liverpool lime street,manchester piccadilly,Wednesday,advance
0 days,liverpool lime street,birmingham new street,Tuesday,off-peak
1 days,manchester piccadilly,liverpool lime street,Wednesday,advance
1 days,london paddington,reading,Wednesday,advance
1 days,birmingham new street,london st pancras,Wednesday,advance
0 days,london kings cross,york,Tuesday,off-peak
1 days,london euston,birmingham new street,Wednesday,advance
1 days,manchester piccadilly,liverpool lime street,Wednesday,advance
0 days,liverpool lime street,london st pancras,Tuesday,off-peak
1 days,london kings cross,york,Wednesday,advance
0 days,london euston,birmingham new street,Tuesday,off-peak
1 days,london kings cross,york,Wednesday,advance
0 days,london euston,birmingham new street,Tuesday,off-peak
0 days,london euston,birmingham new street,Tuesday,off-peak
1 days,manchester piccadilly,london euston,Wednesday,advance
1 days,liverpool lime street,london euston,Wednesday,advance
1 days,liverpool lime street,london euston,Wednesday,advance
1 days,liverpool lime street,london euston,Wednesday,advance
0 days,manchester piccadilly,liverpool lime street,Tuesday,off-peak
1 days,liverpool lime street,london euston,Wednesday,advance
1 days,london euston,manchester piccadilly,Wednesday,advance
1 days,london euston,manchester piccadilly,Wednesday,advance
0 days,london paddington,liverpool lime street,Tuesday,off-peak
0 days,london st pancras,birmingham new street,Tuesday,off-peak
0 days,london st pancras,birmingham new street,Tuesday,off-peak
0 days,london kings cross,york,Tuesday,off-peak
1 days,london paddington,reading,Wednesday,advance
0 days,london euston,birmingham new street,Tuesday,off-peak
1 days,london paddington,reading,Wednesday,advance
0 days,london paddington,reading,Tuesday,off-peak
1 days,london paddington,reading,Wednesday,advance
0 days,london st pancras,birmingham new street,Tuesday,off-peak
1 days,birmingham new street,london st pancras,Wednesday,advance
1 days,london euston,birmingham new street,Wednesday,advance
1 days,london paddington,reading,Wednesday,advance
0 days,london st pancras,birmingham new street,Tuesday,off-peak
1 days,london st pancras,birmingham new street,Wednesday,advance
1 days,london paddington,reading,Wednesday,advance
0 days,york,edinburgh waverley,Tuesday,off-peak
0 days,london kings cross,york,Tuesday,off-peak
0 days,manchester piccadilly,liverpool lime street,Tuesday,off-peak
0 days,london st pancras,birmingham new street,Tuesday,off-peak
1 days,manchester piccadilly,liverpool lime street,Wednesday,advance
0 days,london st pancras,birmingham new street,Tuesday,off-peak
0 days,london paddington,reading,Tuesday,off-peak
0 days,london paddington,reading,Tuesday,off-peak
1 days,london st pancras,birmingham new street,Wednesday,advance
0 days,london paddington,liverpool lime street,Tuesday,off-peak
0 days,london st pancras,birmingham new street,Tuesday,off-peak
1 days,london st pancras,birmingham new street,Wednesday,advance
0 days,london paddington,reading,Tuesday,off-peak
0 days,london paddington,manchester piccadilly,Tuesday,off-peak
0 days,london kings cross,york,Tuesday,off-peak
0 days,london paddington,reading,Tuesday,off-peak
0 days,london paddington,reading,Tuesday,off-peak
1 days,london st pancras,birmingham new street,Wednesday,advance
0 days,london paddington,reading,Tuesday,off-peak
1 days,manchester piccadilly,liverpool lime street,Wednesday,advance
0 days,london euston,birmingham new street,Tuesday,off-peak
0 days,london st pancras,birmingham new street,Tuesday,off-peak
0 days,liverpool lime street,manchester piccadilly,Tuesday,off-peak
0 days,london kings cross,york,Tuesday,off-peak
0 days,london euston,birmingham new street,Tuesday,anytime
1 days,london euston,birmingham new street,Wednesday,advance
1 days,manchester piccadilly,liverpool lime street,Wednesday,advance
1 days,liverpool lime street,manchester piccadilly,Wednesday,advance
0 days,london paddington,reading,Tuesday,anytime
0 days,london euston,birmingham new street,Tuesday,anytime
0 days,london euston,birmingham new street,Tuesday,anytime
0 days,london euston,birmingham new street,Tuesday,anytime
1 days,manchester piccadilly,liverpool lime street,Wednesday,advance
0 days,manchester piccadilly,liverpool lime street,Tuesday,anytime
0 days,birmingham new street,manchester piccadilly,Tuesday,anytime
1 days,birmingham new street,london st pancras,Wednesday,advance
0 days,london kings cross,york,Tuesday,anytime
0 days,birmingham new street,liverpool lime street,Tuesday,anytime
0 days,london kings cross,york,Tuesday,anytime
0 days,london kings cross,york,Tuesday,anytime
1 days,manchester piccadilly,london paddington,Wednesday,advance
1 days,london paddington,reading,Wednesday,advance
0 days,london kings cross,york,Tuesday,anytime
0 days,london kings cross,york,Tuesday,anytime
1 days,liverpool lime street,manchester piccadilly,Wednesday,advance
0 days,london kings cross,york,Tuesday,anytime
0 days,manchester piccadilly,liverpool lime street,Tuesday,anytime
0 days,london st pancras,birmingham new street,Tuesday,anytime
0 days,liverpool lime street,manchester piccadilly,Tuesday,anytime
0 days,liverpool lime street,manchester piccadilly,Tuesday,anytime
0 days,liverpool lime street,manchester piccadilly,Tuesday,anytime
0 days,london paddington,reading,Tuesday,anytime
0 days,london kings cross,york,Tuesday,anytime
0 days,manchester piccadilly,liverpool lime street,Tuesday,anytime
0 days,manchester piccadilly,liverpool lime street,Tuesday,anytime
1 days,london kings cross,york,Wednesday,advance
0 days,liverpool lime street,london euston,Tuesday,anytime
0 days,london euston,birmingham new street,Tuesday,anytime
0 days,manchester piccadilly,liverpool lime street,Tuesday,anytime
1 days,london paddington,reading,Wednesday,advance
1 days,birmingham new street,reading,Wednesday,advance
0 days,london paddington,reading,Tuesday,anytime
0 days,london paddington,reading,Tuesday,anytime
1 days,london st pancras,birmingham new street,Wednesday,advance
0 days,london st pancras,birmingham new street,Tuesday,anytime
0 days,reading,birmingham new street,Tuesday,anytime
1 days,london euston,birmingham new street,Wednesday,advance
0 days,liverpool lime street,london euston,Tuesday,anytime
0 days,london st pancras,birmingham new street,Tuesday,anytime
1 days,london euston,birmingham new street,Wednesday,advance
0 days,london paddington,reading,Tuesday,anytime
0 days,birmingham new street,tamworth,Tuesday,anytime
0 days,york,peterborough,Tuesday,anytime
0 days,london st pancras,birmingham new street,Tuesday,anytime
0 days,london st pancras,birmingham new street,Tuesday,anytime
0 days,london euston,manchester piccadilly,Tuesday,anytime
0 days,birmingham new street,tamworth,Tuesday,anytime
1 days,liverpool lime street,manchester piccadilly,Wednesday,advance
0 days,london st pancras,birmingham new street,Tuesday,anytime
0 days,manchester piccadilly,liverpool lime street,Tuesday,anytime
0 days,london paddington,reading,Tuesday,anytime
1 days,london euston,birmingham new street,Wednesday,advance
0 days,manchester piccadilly,liverpool lime street,Tuesday,off-peak
1 days,manchester piccadilly,liverpool lime street,Wednesday,advance
1 days,london paddington,reading,Wednesday,advance
1 days,london kings cross,york,Wednesday,advance
1 days,liverpool lime street,sheffield,Wednesday,advance
1 days,london euston,birmingham new street,Wednesday,advance
0 days,manchester piccadilly,liverpool lime street,Tuesday,anytime
0 days,manchester piccadilly,liverpool lime street,Tuesday,anytime
0 days,london paddington,reading,Tuesday,off-peak
1 days,manchester piccadilly,liverpool lime street,Wednesday,advance
0 days,london paddington,reading,Tuesday,off-peak
1 days,liverpool lime street,manchester piccadilly,Wednesday,advance
1 days,liverpool lime street,manchester piccadilly,Wednesday,advance
0 days,birmingham new street,edinburgh,Tuesday,off-peak
1 days,london kings cross,york,Wednesday,advance
0 days,liverpool lime street,manchester piccadilly,Tuesday,off-peak
0 days,manchester piccadilly,liverpool lime street,Tuesday,off-peak
1 days,london kings cross,york,Wednesday,advance
0 days,london kings cross,liverpool lime street,Tuesday,off-peak
1 days,london st pancras,birmingham new street,Wednesday,advance
1 days,manchester piccadilly,liverpool lime street,Wednesday,advance
1 days,london st pancras,leicester,Wednesday,advance
1 days,london st pancras,birmingham new street,Wednesday,advance
1 days,london paddington,reading,Wednesday,advance
1 days,london st pancras,birmingham new street,Wednesday,advance
1 days,london euston,birmingham new street,Wednesday,advance
1 days,london euston,birmingham new street,Wednesday,advance
1 days,manchester piccadilly,liverpool lime street,Wednesday,advance
1 days,manchester piccadilly,liverpool lime street,Wednesday,advance
1 days,london paddington,reading,Wednesday,advance
1 days,london euston,birmingham new street,Wednesday,advance
1 days,london st pancras,birmingham new street,Wednesday,advance
1 days,london euston,manchester piccadilly,Wednesday,advance
1 days,london st pancras,birmingham new street,Wednesday,advance
1 days,london st pancras,birmingham new street,Wednesday,advance
1 days,london st pancras,birmingham new street,Wednesday,advance
1 days,london paddington,reading,Wednesday,advance
1 days,london kings cross,york,Wednesday,advance
1 days,birmingham new street,tamworth,Wednesday,advance
1 days,london st pancras,birmingham new street,Wednesday,advance
1 days,manchester piccadilly,liverpool lime street,Wednesday,advance
1 days,manchester piccadilly,liverpool lime street,Wednesday,advance
1 days,london euston,manchester piccadilly,Wednesday,advance
1 days,york,peterborough,Wednesday,advance
1 days,london st pancras,birmingham new street,Wednesday,advance
1 days,london kings cross,york,Wednesday,advance
1 days,london kings cross,york,Wednesday,advance
1 days,london kings cross,york,Wednesday,advance
1 days,birmingham new street,stafford,Wednesday,advance
0 days,london euston,birmingham new street,Tuesday,off-peak
1 days,london st pancras,birmingham new street,Wednesday,advance
1 days,london st pancras,birmingham new street,Wednesday,advance
1 days,london kings cross,york,Wednesday,advance
1 days,reading,swindon,Wednesday,advance
1 days,london kings cross,york,Wednesday,advance
0 days,manchester piccadilly,london euston,Tuesday,off-peak
0 days,london kings cross,york,Tuesday,off-peak
1 days,london st pancras,birmingham new street,Wednesday,advance
1 days,liverpool lime street,manchester piccadilly,Wednesday,advance
1 days,manchester piccadilly,liverpool lime street,Wednesday,advance
1 days,manchester piccadilly,liverpool lime street,Wednesday,advance
1 days,manchester piccadilly,liverpool lime street,Wednesday,advance
1 days,manchester piccadilly,london euston,Wednesday,advance
1 days,york,durham,Wednesday,advance
1 days,liverpool lime street,manchester piccadilly,Wednesday,advance
1 days,york,durham,Wednesday,advance
1 days,birmingham new street,london st pancras,Wednesday,advance
1 days,london euston,birmingham new street,Wednesday,advance
1 days,london euston,manchester piccadilly,Wednesday,advance
0 days,london euston,oxford,Wednesday,off-peak
2 days,london kings cross,edinburgh waverley,Friday,advance
2 days,london kings cross,edinburgh waverley,Friday,advance
2 days,london kings cross,edinburgh waverley,Friday,advance
0 days,liverpool lime street,manchester piccadilly,Wednesday,off-peak
0 days,liverpool lime street,manchester piccadilly,Wednesday,off-peak
0 days,liverpool lime street,manchester piccadilly,Wednesday,off-peak
1 days,york,durham,Thursday,advance
1 days,york,durham,Thursday,advance
0 days,london kings cross,york,Wednesday,off-peak
1 days,london paddington,reading,Thursday,advance
1 days,birmingham new street,liverpool lime street,Thursday,advance
1 days,liverpool lime street,manchester piccadilly,Thursday,advance
1 days,liverpool lime street,manchester piccadilly,Thursday,advance
1 days,birmingham new street,london st pancras,Thursday,advance
0 days,manchester piccadilly,sheffield,Wednesday,off-peak
1 days,liverpool lime street,manchester piccadilly,Thursday,advance
0 days,liverpool lime street,manchester piccadilly,Wednesday,off-peak
0 days,london euston,birmingham new street,Wednesday,off-peak
0 days,london euston,birmingham new street,Wednesday,off-peak
0 days,london euston,birmingham new street,Wednesday,off-peak
0 days,london st pancras,birmingham new street,Wednesday,off-peak
1 days,london st pancras,birmingham new street,Thursday,advance
1 days,manchester piccadilly,liverpool lime street,Thursday,advance
0 days,london kings cross,york,Wednesday,off-peak
0 days,london euston,birmingham new street,Wednesday,off-peak
1 days,manchester piccadilly,sheffield,Thursday,advance
0 days,manchester piccadilly,liverpool lime street,Wednesday,off-peak
0 days,manchester piccadilly,liverpool lime street,Wednesday,anytime
0 days,london paddington,reading,Wednesday,anytime
0 days,london paddington,reading,Wednesday,anytime
0 days,london kings cross,york,Wednesday,anytime
1 days,london paddington,reading,Thursday,advance
0 days,london kings cross,york,Wednesday,anytime
0 days,london euston,birmingham new street,Wednesday,anytime
1 days,london kings cross,york,Thursday,advance
0 days,london st pancras,birmingham new street,Wednesday,anytime
0 days,london euston,birmingham new street,Wednesday,anytime
0 days,york,doncaster,Wednesday,anytime
0 days,london st pancras,birmingham new street,Wednesday,anytime
0 days,manchester piccadilly,liverpool lime street,Wednesday,anytime
0 days,birmingham new street,stafford,Wednesday,anytime
0 days,york,doncaster,Wednesday,anytime
0 days,york,doncaster,Wednesday,anytime
0 days,london kings cross,york,Wednesday,anytime
0 days,liverpool lime street,manchester piccadilly,Wednesday,anytime
0 days,liverpool lime street,manchester piccadilly,Wednesday,anytime
1 days,london paddington,reading,Thursday,advance
0 days,manchester piccadilly,liverpool lime street,Wednesday,anytime
1 days,london st pancras,birmingham new street,Thursday,advance
0 days,liverpool lime street,crewe,Wednesday,anytime
1 days,liverpool lime street,manchester piccadilly,Thursday,advance
0 days,york,peterborough,Wednesday,anytime
0 days,reading,swindon,Wednesday,anytime
0 days,reading,swindon,Wednesday,anytime
0 days,london kings cross,york,Wednesday,anytime
0 days,london kings cross,york,Wednesday,anytime
0 days,london kings cross,york,Wednesday,anytime
1 days,manchester piccadilly,liverpool lime street,Thursday,advance
0 days,liverpool lime street,london euston,Wednesday,anytime
0 days,liverpool lime street,london euston,Wednesday,anytime
0 days,liverpool lime street,london euston,Wednesday,anytime
0 days,liverpool lime street,london euston,Wednesday,anytime
0 days,liverpool lime street,london euston,Wednesday,anytime
1 days,london kings cross,york,Thursday,advance
0 days,reading,oxford,Wednesday,anytime
1 days,london euston,birmingham new street,Thursday,advance
1 days,manchester piccadilly,liverpool lime street,Thursday,advance
0 days,manchester piccadilly,liverpool lime street,Wednesday,anytime
0 days,london paddington,reading,Wednesday,anytime
0 days,london paddington,reading,Wednesday,anytime
0 days,london euston,birmingham new street,Wednesday,anytime
0 days,london paddington,reading,Wednesday,anytime
0 days,london paddington,oxford,Wednesday,anytime
0 days,liverpool lime street,manchester piccadilly,Wednesday,anytime
1 days,london euston,birmingham new street,Thursday,advance
0 days,london paddington,reading,Wednesday,anytime
1 days,manchester piccadilly,liverpool lime street,Thursday,advance
0 days,manchester piccadilly,liverpool lime street,Wednesday,off-peak
0 days,manchester piccadilly,leeds,Wednesday,off-peak
1 days,london kings cross,york,Thursday,advance
1 days,manchester piccadilly,liverpool lime street,Thursday,advance
1 days,london paddington,reading,Thursday,advance
1 days,london kings cross,york,Thursday,advance
1 days,manchester piccadilly,liverpool lime street,Thursday,advance
0 days,london euston,birmingham new street,Wednesday,off-peak
1 days,london euston,manchester piccadilly,Thursday,advance
1 days,manchester piccadilly,liverpool lime street,Thursday,advance
1 days,london euston,birmingham new street,Thursday,advance
1 days,york,doncaster,Thursday,advance
1 days,birmingham new street,london st pancras,Thursday,advance
1 days,birmingham new street,london st pancras,Thursday,advance
1 days,birmingham new street,london st pancras,Thursday,advance
1 days,birmingham new street,london st pancras,Thursday,advance
1 days,london paddington,oxford,Thursday,advance
1 days,london paddington,reading,Thursday,advance
0 days,london paddington,reading,Wednesday,off-peak
1 days,london paddington,oxford,Thursday,advance
1 days,london paddington,reading,Thursday,advance
1 days,london kings cross,york,Thursday,advance
1 days,london paddington,reading,Thursday,advance
1 days,london paddington,reading,Thursday,advance
0 days,london euston,birmingham new street,Wednesday,off-peak
0 days,london paddington,reading,Wednesday,off-peak
1 days,york,peterborough,Thursday,advance
1 days,london kings cross,york,Thursday,advance
1 days,york,peterborough,Thursday,advance
27 days,london euston,birmingham new street,Tuesday,advance
1 days,london kings cross,york,Thursday,advance
0 days,liverpool lime street,manchester piccadilly,Wednesday,off-peak
0 days,manchester piccadilly,sheffield,Wednesday,off-peak
1 days,london kings cross,york,Thursday,advance
1 days,liverpool lime street,london euston,Thursday,advance
1 days,reading,oxford,Thursday,advance
0 days,london euston,birmingham new street,Wednesday,off-peak
1 days,liverpool lime street,london euston,Thursday,advance
1 days,liverpool lime street,london euston,Thursday,advance
0 days,manchester piccadilly,liverpool lime street,Wednesday,off-peak
1 days,london kings cross,york,Thursday,advance
1 days,liverpool lime street,london euston,Thursday,advance
1 days,london euston,manchester piccadilly,Thursday,advance
1 days,liverpool lime street,london euston,Thursday,advance
0 days,london st pancras,birmingham new street,Wednesday,off-peak
1 days,london paddington,reading,Thursday,advance
1 days,manchester piccadilly,london euston,Thursday,advance
1 days,london paddington,reading,Thursday,advance
1 days,manchester piccadilly,leeds,Thursday,advance
1 days,manchester piccadilly,liverpool lime street,Thursday,advance
1 days,london st pancras,birmingham new street,Thursday,advance
1 days,manchester piccadilly,liverpool lime street,Thursday,advance
0 days,london euston,birmingham new street,Wednesday,off-peak
1 days,london paddington,reading,Thursday,advance
0 days,york,edinburgh,Wednesday,off-peak
0 days,liverpool lime street,manchester piccadilly,Wednesday,off-peak
1 days,london euston,birmingham new street,Thursday,advance
1 days,london kings cross,york,Thursday,advance
0 days,manchester piccadilly,liverpool lime street,Wednesday,off-peak
1 days,manchester piccadilly,liverpool lime street,Thursday,advance
0 days,london paddington,reading,Wednesday,off-peak
0 days,manchester piccadilly,london paddington,Wednesday,off-peak
0 days,london st pancras,birmingham new street,Wednesday,off-peak
1 days,birmingham new street,liverpool lime street,Thursday,advance
1 days,birmingham new street,liverpool lime street,Thursday,advance
0 days,london paddington,reading,Wednesday,off-peak
1 days,london kings cross,york,Thursday,advance
0 days,london paddington,reading,Wednesday,off-peak
0 days,london st pancras,birmingham new street,Wednesday,off-peak
0 days,london paddington,reading,Wednesday,off-peak
0 days,london paddington,reading,Wednesday,off-peak
1 days,london st pancras,birmingham new street,Thursday,advance
0 days,london kings cross,york,Wednesday,off-peak
0 days,london paddington,reading,Wednesday,off-peak
1 days,liverpool lime street,manchester piccadilly,Thursday,advance
1 days,manchester piccadilly,liverpool lime street,Thursday,advance
0 days,london st pancras,birmingham new street,Wednesday,anytime
0 days,london st pancras,birmingham new street,Wednesday,anytime
1 days,london paddington,reading,Thursday,advance
1 days,london paddington,reading,Thursday,advance
0 days,birmingham new street,liverpool lime street,Wednesday,off-peak
1 days,liverpool lime street,manchester piccadilly,Thursday,advance
1 days,london st pancras,birmingham new street,Thursday,advance
0 days,london euston,birmingham new street,Wednesday,anytime
1 days,manchester piccadilly,liverpool lime street,Thursday,advance
0 days,london euston,birmingham new street,Wednesday,anytime
1 days,london euston,birmingham new street,Thursday,advance
0 days,london st pancras,birmingham new street,Wednesday,anytime
1 days,manchester piccadilly,liverpool lime street,Thursday,advance
0 days,london euston,birmingham new street,Wednesday,anytime
0 days,london euston,birmingham new street,Wednesday,anytime
0 days,london euston,birmingham new street,Wednesday,anytime
0 days,london euston,birmingham new street,Wednesday,anytime
0 days,birmingham new street,manchester piccadilly,Wednesday,anytime
0 days,birmingham new street,manchester piccadilly,Wednesday,anytime
0 days,london st pancras,leicester,Wednesday,anytime
0 days,london kings cross,york,Wednesday,anytime
1 days,manchester piccadilly,liverpool lime street,Thursday,advance
0 days,edinburgh waverley,london kings cross,Wednesday,off-peak
0 days,london kings cross,york,Wednesday,anytime
1 days,manchester piccadilly,sheffield,Thursday,advance
0 days,birmingham new street,stafford,Wednesday,anytime
0 days,birmingham new street,stafford,Wednesday,anytime
0 days,london kings cross,york,Wednesday,anytime
0 days,manchester piccadilly,liverpool lime street,Wednesday,anytime
0 days,london paddington,reading,Wednesday,anytime
1 days,london euston,birmingham new street,Thursday,advance
0 days,liverpool lime street,manchester piccadilly,Wednesday,anytime
1 days,london st pancras,birmingham new street,Thursday,advance
1 days,london paddington,reading,Thursday,advance
0 days,london st pancras,birmingham new street,Wednesday,anytime
1 days,london kings cross,york,Thursday,advance
0 days,london paddington,reading,Wednesday,anytime
1 days,london paddington,reading,Thursday,advance
1 days,london st pancras,birmingham new street,Thursday,advance
0 days,liverpool lime street,london euston,Wednesday,anytime
1 days,london euston,birmingham new street,Thursday,advance
0 days,manchester piccadilly,london euston,Wednesday,anytime
0 days,london st pancras,birmingham new street,Wednesday,anytime
1 days,london euston,birmingham new street,Thursday,advance
0 days,birmingham new street,tamworth,Wednesday,anytime
0 days,london st pancras,birmingham new street,Wednesday,anytime
0 days,london euston,manchester piccadilly,Wednesday,anytime
0 days,london st pancras,birmingham new street,Wednesday,anytime
0 days,liverpool lime street,crewe,Wednesday,anytime
0 days,london st pancras,birmingham new street,Wednesday,anytime
0 days,birmingham new street,london euston,Wednesday,anytime
0 days,birmingham new street,nuneaton,Wednesday,anytime
0 days,london st pancras,birmingham new street,Wednesday,anytime
0 days,birmingham new street,stafford,Wednesday,anytime
0 days,london paddington,reading,Wednesday,anytime
0 days,london st pancras,birmingham new street,Wednesday,anytime
0 days,birmingham new street,nuneaton,Wednesday,anytime
1 days,london euston,birmingham new street,Thursday,advance
1 days,london euston,birmingham new street,Thursday,advance
1 days,london euston,birmingham new street,Thursday,advance
1 days,london euston,birmingham new street,Thursday,advance
1 days,liverpool lime street,manchester piccadilly,Thursday,advance
1 days,london paddington,reading,Thursday,advance
0 days,manchester piccadilly,liverpool lime street,Wednesday,off-peak
0 days,manchester piccadilly,liverpool lime street,Wednesday,off-peak
1 days,birmingham new street,liverpool lime street,Thursday,advance
0 days,london st pancras,leicester,Wednesday,anytime
0 days,manchester piccadilly,liverpool lime street,Wednesday,anytime
0 days,london st pancras,leicester,Wednesday,anytime
1 days,liverpool lime street,london euston,Thursday,advance
1 days,manchester piccadilly,liverpool lime street,Thursday,advance
1 days,london kings cross,york,Thursday,advance
0 days,london euston,birmingham new street,Wednesday,off-peak
0 days,manchester piccadilly,liverpool lime street,Wednesday,off-peak
1 days,london st pancras,birmingham new street,Thursday,advance
1 days,london kings cross,york,Thursday,advance
0 days,london euston,manchester piccadilly,Wednesday,off-peak
1 days,liverpool lime street,manchester piccadilly,Thursday,advance
1 days,reading,london paddington,Thursday,advance
1 days,london kings cross,york,Thursday,advance
1 days,london st pancras,leicester,Thursday,advance
1 days,manchester piccadilly,liverpool lime street,Thursday,advance
0 days,london euston,birmingham new street,Wednesday,off-peak
1 days,manchester piccadilly,liverpool lime street,Thursday,advance
1 days,manchester piccadilly,liverpool lime street,Thursday,advance
1 days,london euston,birmingham new street,Thursday,advance
0 days,london euston,birmingham new street,Wednesday,off-peak
1 days,birmingham new street,york,Thursday,advance
0 days,liverpool lime street,manchester piccadilly,Wednesday,off-peak
0 days,liverpool lime street,manchester piccadilly,Wednesday,off-peak
1 days,birmingham new street,york,Thursday,advance
0 days,liverpool lime street,manchester piccadilly,Wednesday,off-peak
1 days,london st pancras,birmingham new street,Thursday,advance
1 days,manchester piccadilly,liverpool lime street,Thursday,advance
1 days,london paddington,reading,Thursday,advance
1 days,london kings cross,york,Thursday,advance
1 days,london paddington,reading,Thursday,advance
1 days,manchester piccadilly,liverpool lime street,Thursday,advance
1 days,london paddington,reading,Thursday,advance
1 days,manchester piccadilly,liverpool lime street,Thursday,advance
1 days,london st pancras,birmingham new street,Thursday,advance
1 days,birmingham new street,tamworth,Thursday,advance
1 days,london st pancras,birmingham new street,Thursday,advance
1 days,manchester piccadilly,liverpool lime street,Thursday,advance
1 days,birmingham new street,wolverhampton,Thursday,advance
1 days,london st pancras,birmingham new street,Thursday,advance
0 days,london euston,manchester piccadilly,Wednesday,off-peak
0 days,london paddington,reading,Wednesday,off-peak
0 days,london euston,manchester piccadilly,Wednesday,off-peak
1 days,manchester piccadilly,liverpool lime street,Thursday,advance
0 days,london kings cross,york,Wednesday,off-peak
1 days,birmingham new street,london euston,Thursday,advance
1 days,london paddington,reading,Thursday,advance
1 days,liverpool lime street,manchester piccadilly,Thursday,advance
1 days,manchester piccadilly,liverpool lime street,Thursday,advance
1 days,london st pancras,birmingham new street,Thursday,advance
1 days,london euston,birmingham new street,Thursday,advance
1 days,london euston,birmingham new street,Thursday,advance
1 days,london paddington,reading,Thursday,advance
1 days,london euston,manchester piccadilly,Thursday,advance
1 days,london euston,manchester piccadilly,Thursday,advance
1 days,london euston,manchester piccadilly,Thursday,advance
0 days,liverpool lime street,leeds,Thursday,off-peak
0 days,manchester piccadilly,leeds,Thursday,off-peak
0 days,liverpool lime street,london euston,Thursday,off-peak
0 days,london paddington,reading,Thursday,off-peak
0 days,london kings cross,york,Thursday,off-peak
2 days,london kings cross,edinburgh waverley,Saturday,advance
0 days,liverpool lime street,manchester piccadilly,Thursday,off-peak
1 days,london paddington,reading,Friday,advance
0 days,london kings cross,york,Thursday,off-peak
1 days,london kings cross,york,Friday,advance
0 days,london kings cross,york,Thursday,off-peak
1 days,manchester piccadilly,liverpool lime street,Friday,advance
1 days,manchester piccadilly,liverpool lime street,Friday,advance
1 days,manchester piccadilly,liverpool lime street,Friday,advance
1 days,london st pancras,birmingham new street,Friday,advance
1 days,london euston,birmingham new street,Friday,advance
0 days,manchester piccadilly,london euston,Thursday,off-peak
0 days,manchester piccadilly,liverpool lime street,Thursday,off-peak
1 days,london kings cross,york,Friday,advance
0 days,manchester piccadilly,liverpool lime street,Thursday,off-peak
0 days,london kings cross,york,Thursday,off-peak
0 days,london paddington,reading,Thursday,off-peak
0 days,london euston,birmingham new street,Thursday,off-peak
0 days,birmingham new street,london st pancras,Thursday,off-peak
0 days,london st pancras,birmingham new street,Thursday,off-peak
0 days,london st pancras,birmingham new street,Thursday,off-peak
1 days,manchester piccadilly,liverpool lime street,Friday,advance
1 days,london kings cross,liverpool lime street,Friday,advance
1 days,manchester piccadilly,london paddington,Friday,advance
1 days,manchester piccadilly,nottingham,Friday,advance
0 days,london kings cross,york,Thursday,off-peak
0 days,london kings cross,liverpool lime street,Thursday,off-peak
0 days,london euston,manchester piccadilly,Thursday,off-peak
0 days,liverpool lime street,manchester piccadilly,Thursday,off-peak
1 days,london euston,birmingham new street,Friday,advance
1 days,liverpool lime street,manchester piccadilly,Friday,advance
1 days,liverpool lime street,manchester piccadilly,Friday,advance
1 days,london euston,birmingham new street,Friday,advance
0 days,manchester piccadilly,liverpool lime street,Thursday,anytime
0 days,london kings cross,york,Thursday,anytime
0 days,london paddington,reading,Thursday,anytime
0 days,birmingham new street,london st pancras,Thursday,anytime
0 days,london euston,birmingham new street,Thursday,anytime
0 days,london euston,birmingham new street,Thursday,anytime
0 days,london kings cross,york,Thursday,anytime
0 days,birmingham new street,stafford,Thursday,anytime
0 days,london euston,birmingham new street,Thursday,anytime
0 days,london kings cross,york,Thursday,anytime
0 days,birmingham new street,london st pancras,Thursday,anytime
0 days,birmingham new street,london st pancras,Thursday,anytime
0 days,london st pancras,birmingham new street,Thursday,anytime
0 days,london st pancras,birmingham new street,Thursday,anytime
1 days,manchester piccadilly,liverpool lime street,Friday,advance
1 days,manchester piccadilly,liverpool lime street,Friday,advance
0 days,london paddington,reading,Thursday,anytime
1 days,london euston,birmingham new street,Friday,advance
1 days,london euston,birmingham new street,Friday,advance
1 days,london euston,birmingham new street,Friday,advance
0 days,london paddington,reading,Thursday,anytime
0 days,york,peterborough,Thursday,anytime
1 days,london kings cross,york,Friday,advance
0 days,reading,swindon,Thursday,anytime
0 days,london kings cross,york,Thursday,anytime
0 days,reading,swindon,Thursday,anytime
0 days,reading,swindon,Thursday,anytime
1 days,london kings cross,york,Friday,advance
0 days,london st pancras,birmingham new street,Thursday,anytime
0 days,liverpool lime street,london euston,Thursday,anytime
0 days,manchester piccadilly,london euston,Thursday,anytime
1 days,london kings cross,liverpool lime street,Friday,advance
0 days,london euston,manchester piccadilly,Thursday,anytime
0 days,london kings cross,york,Thursday,anytime
0 days,london paddington,oxford,Thursday,anytime
1 days,london st pancras,birmingham new street,Friday,advance
0 days,london kings cross,york,Thursday,anytime
0 days,london kings cross,york,Thursday,anytime
0 days,london paddington,oxford,Thursday,anytime
0 days,london paddington,oxford,Thursday,anytime
0 days,london paddington,oxford,Thursday,anytime
0 days,london paddington,reading,Thursday,anytime
1 days,manchester piccadilly,liverpool lime street,Friday,advance
0 days,london paddington,reading,Thursday,off-peak
0 days,london paddington,reading,Thursday,off-peak
0 days,manchester piccadilly,leeds,Thursday,off-peak
1 days,manchester piccadilly,liverpool lime street,Friday,advance
1 days,london kings cross,york,Friday,advance
1 days,london paddington,reading,Friday,advance
1 days,manchester piccadilly,liverpool lime street,Friday,advance
1 days,manchester piccadilly,liverpool lime street,Friday,advance
1 days,london kings cross,york,Friday,advance
1 days,birmingham new street,london st pancras,Friday,advance
0 days,manchester piccadilly,liverpool lime street,Thursday,off-peak
1 days,birmingham new street,nuneaton,Friday,advance
1 days,london paddington,reading,Friday,advance
1 days,london kings cross,york,Friday,advance
1 days,york,doncaster,Friday,advance
0 days,manchester piccadilly,liverpool lime street,Thursday,off-peak
1 days,birmingham new street,london st pancras,Friday,advance
1 days,birmingham new street,london st pancras,Friday,advance
1 days,london paddington,oxford,Friday,advance
1 days,london paddington,oxford,Friday,advance
1 days,liverpool lime street,manchester piccadilly,Friday,advance
1 days,london paddington,oxford,Friday,advance
0 days,liverpool lime street,manchester piccadilly,Thursday,off-peak
0 days,liverpool lime street,london st pancras,Thursday,off-peak
0 days,liverpool lime street,manchester piccadilly,Thursday,off-peak
1 days,london euston,birmingham new street,Friday,advance
1 days,london kings cross,york,Friday,advance
1 days,london kings cross,york,Friday,advance
0 days,liverpool lime street,manchester piccadilly,Thursday,off-peak
1 days,liverpool lime street,london euston,Friday,advance
1 days,liverpool lime street,london euston,Friday,advance
1 days,liverpool lime street,london euston,Friday,advance
0 days,london kings cross,york,Thursday,off-peak
1 days,london euston,birmingham new street,Friday,advance
1 days,liverpool lime street,london euston,Friday,advance
1 days,liverpool lime street,london euston,Friday,advance
1 days,london euston,manchester piccadilly,Friday,advance
1 days,liverpool lime street,london euston,Friday,advance
1 days,london euston,manchester piccadilly,Friday,advance
0 days,manchester piccadilly,liverpool lime street,Thursday,off-peak
1 days,london euston,birmingham new street,Friday,advance
1 days,london euston,birmingham new street,Friday,advance
0 days,london kings cross,york,Thursday,off-peak
0 days,london euston,birmingham new street,Thursday,off-peak
0 days,london paddington,reading,Thursday,off-peak
1 days,london paddington,reading,Friday,advance
1 days,london paddington,reading,Friday,advance
1 days,london st pancras,birmingham new street,Friday,advance
0 days,manchester piccadilly,liverpool lime street,Thursday,off-peak
0 days,liverpool lime street,manchester piccadilly,Thursday,off-peak
1 days,london st pancras,birmingham new street,Friday,advance
1 days,manchester piccadilly,liverpool lime street,Friday,advance
0 days,liverpool lime street,manchester piccadilly,Thursday,off-peak
1 days,manchester piccadilly,liverpool lime street,Friday,advance
0 days,london paddington,reading,Thursday,off-peak
0 days,london euston,birmingham new street,Thursday,off-peak
1 days,london kings cross,york,Friday,advance
0 days,london euston,birmingham new street,Thursday,off-peak
0 days,manchester piccadilly,liverpool lime street,Thursday,off-peak
1 days,london euston,birmingham new street,Friday,advance
0 days,london kings cross,york,Thursday,off-peak
1 days,liverpool lime street,manchester piccadilly,Friday,advance
0 days,london euston,manchester piccadilly,Thursday,off-peak
0 days,liverpool lime street,sheffield,Thursday,off-peak
0 days,london paddington,reading,Thursday,off-peak
1 days,london st pancras,birmingham new street,Friday,advance
0 days,london euston,birmingham new street,Thursday,off-peak
1 days,london kings cross,york,Friday,advance
1 days,london kings cross,york,Friday,advance
0 days,london paddington,reading,Thursday,off-peak
0 days,london st pancras,birmingham new street,Thursday,off-peak
0 days,london st pancras,birmingham new street,Thursday,off-peak
0 days,london euston,birmingham new street,Thursday,off-peak
0 days,london paddington,reading,Thursday,off-peak
0 days,manchester piccadilly,liverpool lime street,Thursday,off-peak
1 days,manchester piccadilly,liverpool lime street,Friday,advance
0 days,london euston,birmingham new street,Thursday,anytime
1 days,london kings cross,york,Friday,advance
1 days,london kings cross,york,Friday,advance
0 days,manchester piccadilly,liverpool lime street,Thursday,anytime
1 days,liverpool lime street,london euston,Friday,advance
1 days,liverpool lime street,manchester piccadilly,Friday,advance
0 days,manchester piccadilly,liverpool lime street,Thursday,anytime
1 days,reading,london paddington,Friday,advance
0 days,london paddington,reading,Thursday,anytime
0 days,london kings cross,york,Thursday,anytime
0 days,london kings cross,york,Thursday,anytime
1 days,london paddington,reading,Friday,advance
1 days,london paddington,reading,Friday,advance
1 days,london paddington,reading,Friday,advance
0 days,london euston,birmingham new street,Thursday,anytime
0 days,london kings cross,york,Thursday,anytime
0 days,london kings cross,york,Thursday,anytime
1 days,manchester piccadilly,liverpool lime street,Friday,advance
0 days,manchester piccadilly,liverpool lime street,Thursday,anytime
0 days,manchester piccadilly,liverpool lime street,Thursday,anytime
0 days,reading,swindon,Thursday,anytime
0 days,manchester piccadilly,liverpool lime street,Thursday,anytime
0 days,london st pancras,birmingham new street,Thursday,anytime
0 days,london euston,birmingham new street,Thursday,anytime
1 days,birmingham new street,reading,Friday,advance
1 days,london euston,birmingham new street,Friday,advance
0 days,london euston,birmingham new street,Thursday,anytime
1 days,birmingham new street,reading,Friday,advance
1 days,london paddington,reading,Friday,advance
1 days,birmingham new street,reading,Friday,advance
1 days,london paddington,reading,Friday,advance
1 days,london st pancras,birmingham new street,Friday,advance
1 days,london euston,birmingham new street,Friday,advance
0 days,reading,birmingham new street,Thursday,anytime
0 days,liverpool lime street,crewe,Thursday,anytime
0 days,birmingham new street,coventry,Thursday,anytime
1 days,london st pancras,birmingham new street,Friday,advance
0 days,london st pancras,birmingham new street,Thursday,anytime
0 days,birmingham new street,coventry,Thursday,anytime
1 days,london euston,birmingham new street,Friday,advance
0 days,london paddington,reading,Thursday,anytime
0 days,london st pancras,birmingham new street,Thursday,anytime
1 days,manchester piccadilly,liverpool lime street,Friday,advance
1 days,london euston,birmingham new street,Friday,advance
1 days,london kings cross,york,Friday,advance
1 days,london euston,birmingham new street,Friday,advance
1 days,london euston,birmingham new street,Friday,advance
1 days,london euston,birmingham new street,Friday,advance
1 days,birmingham new street,manchester piccadilly,Friday,advance
1 days,london paddington,reading,Friday,advance
1 days,london euston,birmingham new street,Friday,advance
1 days,liverpool lime street,sheffield,Friday,advance
0 days,london st pancras,leicester,Thursday,anytime
0 days,london st pancras,leicester,Thursday,anytime
0 days,london st pancras,leicester,Thursday,anytime
0 days,manchester piccadilly,liverpool lime street,Thursday,anytime
0 days,manchester piccadilly,liverpool lime street,Thursday,anytime
0 days,london st pancras,birmingham new street,Thursday,off-peak
0 days,manchester piccadilly,liverpool lime street,Thursday,off-peak
1 days,liverpool lime street,manchester piccadilly,Friday,advance
0 days,manchester piccadilly,liverpool lime street,Thursday,off-peak
1 days,manchester piccadilly,liverpool lime street,Friday,advance
1 days,london st pancras,birmingham new street,Friday,advance
1 days,manchester piccadilly,liverpool lime street,Friday,advance
1 days,london euston,birmingham new street,Friday,advance
1 days,london kings cross,york,Friday,advance
1 days,london euston,birmingham new street,Friday,advance
1 days,london euston,birmingham new street,Friday,advance
1 days,london paddington,reading,Friday,advance
0 days,london euston,birmingham new street,Thursday,off-peak
1 days,liverpool lime street,crewe,Friday,advance
1 days,london euston,manchester piccadilly,Friday,advance
1 days,london kings cross,york,Friday,advance
1 days,london kings cross,york,Friday,advance
1 days,london paddington,reading,Friday,advance
1 days,london kings cross,york,Friday,advance
0 days,london euston,manchester piccadilly,Thursday,off-peak
1 days,manchester piccadilly,liverpool lime street,Friday,advance
1 days,london paddington,reading,Friday,advance
1 days,london euston,manchester piccadilly,Friday,advance
1 days,liverpool lime street,manchester piccadilly,Friday,advance
1 days,liverpool lime street,manchester piccadilly,Friday,advance
1 days,manchester piccadilly,liverpool lime street,Friday,advance
1 days,london euston,birmingham new street,Friday,advance
1 days,london st pancras,birmingham new street,Friday,advance
1 days,london euston,birmingham new street,Friday,advance
1 days,london paddington,reading,Friday,advance
1 days,london kings cross,york,Friday,advance
1 days,london kings cross,york,Friday,advance
1 days,london kings cross,york,Friday,advance
0 days,liverpool lime street,manchester piccadilly,Friday,off-peak
1 days,london st pancras,birmingham new street,Saturday,advance
0 days,manchester piccadilly,london paddington,Friday,off-peak
0 days,liverpool lime street,manchester piccadilly,Friday,off-peak
0 days,manchester piccadilly,london paddington,Friday,off-peak
2 days,london kings cross,edinburgh waverley,Sunday,advance
0 days,london paddington,reading,Friday,off-peak
2 days,london kings cross,edinburgh waverley,Sunday,advance
0 days,manchester piccadilly,nottingham,Friday,off-peak
0 days,liverpool lime street,manchester piccadilly,Friday,off-peak
0 days,liverpool lime street,manchester piccadilly,Friday,off-peak
0 days,london euston,birmingham new street,Friday,off-peak
1 days,london paddington,reading,Saturday,advance
0 days,london st pancras,birmingham new street,Friday,off-peak
1 days,london st pancras,birmingham new street,Saturday,advance
0 days,reading,london paddington,Friday,off-peak
1 days,york,durham,Saturday,advance
0 days,york,durham,Friday,off-peak
1 days,liverpool lime street,manchester piccadilly,Saturday,advance
1 days,manchester piccadilly,liverpool lime street,Saturday,advance
1 days,manchester piccadilly,london euston,Saturday,advance
1 days,liverpool lime street,manchester piccadilly,Saturday,advance
0 days,manchester piccadilly,london euston,Friday,off-peak
1 days,liverpool lime street,manchester piccadilly,Saturday,advance
0 days,birmingham new street,reading,Friday,off-peak
0 days,london kings cross,york,Friday,off-peak
0 days,london euston,birmingham new street,Friday,off-peak
1 days,liverpool lime street,manchester piccadilly,Saturday,advance
0 days,london euston,birmingham new street,Friday,off-peak
0 days,london euston,birmingham new street,Friday,off-peak
0 days,london euston,birmingham new street,Friday,off-peak
0 days,london st pancras,birmingham new street,Friday,off-peak
0 days,london st pancras,birmingham new street,Friday,off-peak
0 days,london kings cross,york,Friday,off-peak
1 days,london st pancras,birmingham new street,Saturday,advance
1 days,manchester piccadilly,liverpool lime street,Saturday,advance
1 days,manchester piccadilly,nottingham,Saturday,advance
1 days,liverpool lime street,manchester piccadilly,Saturday,advance
1 days,london euston,birmingham new street,Saturday,advance
1 days,london euston,birmingham new street,Saturday,advance
1 days,london euston,birmingham new street,Saturday,advance
0 days,manchester piccadilly,london euston,Friday,off-peak
1 days,liverpool lime street,manchester piccadilly,Saturday,advance
0 days,liverpool lime street,manchester piccadilly,Friday,anytime
1 days,liverpool lime street,manchester piccadilly,Saturday,advance
0 days,london kings cross,york,Friday,anytime
0 days,manchester piccadilly,liverpool lime street,Friday,anytime
0 days,london paddington,reading,Friday,anytime
0 days,london paddington,reading,Friday,anytime
0 days,manchester piccadilly,liverpool lime street,Friday,anytime
0 days,london st pancras,wolverhampton,Friday,anytime
0 days,birmingham new street,london st pancras,Friday,anytime
0 days,london kings cross,york,Friday,anytime
1 days,manchester piccadilly,london euston,Saturday,advance
0 days,york,doncaster,Friday,anytime
1 days,london euston,birmingham new street,Saturday,advance
1 days,london euston,birmingham new street,Saturday,advance
0 days,london paddington,reading,Friday,anytime
1 days,liverpool lime street,manchester piccadilly,Saturday,advance
1 days,london kings cross,york,Saturday,advance
0 days,birmingham new street,london st pancras,Friday,anytime
1 days,london paddington,reading,Saturday,advance
0 days,london paddington,reading,Friday,anytime
0 days,london kings cross,york,Friday,anytime
1 days,london paddington,reading,Saturday,advance
1 days,london st pancras,birmingham new street,Saturday,advance
1 days,birmingham new street,london st pancras,Saturday,advance
0 days,york,peterborough,Friday,anytime
0 days,london kings cross,york,Friday,anytime
0 days,london kings cross,york,Friday,anytime
1 days,london kings cross,york,Saturday,advance
0 days,london st pancras,birmingham new street,Friday,anytime
0 days,london paddington,reading,Friday,anytime
0 days,reading,oxford,Friday,anytime
0 days,liverpool lime street,london euston,Friday,anytime
1 days,london st pancras,birmingham new street,Saturday,advance
0 days,liverpool lime street,london euston,Friday,anytime
0 days,liverpool lime street,london euston,Friday,anytime
0 days,liverpool lime street,london euston,Friday,anytime
0 days,liverpool lime street,london euston,Friday,anytime
0 days,liverpool lime street,london euston,Friday,anytime
0 days,manchester piccadilly,liverpool lime street,Friday,anytime
0 days,london euston,birmingham new street,Friday,anytime
0 days,london paddington,reading,Friday,anytime
0 days,london paddington,reading,Friday,anytime
0 days,london paddington,reading,Friday,anytime
0 days,london paddington,reading,Friday,anytime
0 days,london kings cross,york,Friday,anytime
1 days,london euston,birmingham new street,Saturday,advance
0 days,london paddington,reading,Friday,anytime
0 days,london paddington,reading,Friday,anytime
1 days,london kings cross,york,Saturday,advance
0 days,london kings cross,york,Friday,off-peak
0 days,manchester piccadilly,liverpool lime street,Friday,off-peak
0 days,london kings cross,edinburgh waverley,Friday,anytime
1 days,manchester piccadilly,liverpool lime street,Saturday,advance
1 days,york,peterborough,Saturday,advance
1 days,london paddington,reading,Saturday,advance
1 days,london euston,birmingham new street,Saturday,advance
1 days,london kings cross,york,Saturday,advance
1 days,manchester piccadilly,liverpool lime street,Saturday,advance
1 days,manchester piccadilly,liverpool lime street,Saturday,advance
1 days,york,peterborough,Saturday,advance
1 days,manchester piccadilly,liverpool lime street,Saturday,advance
1 days,york,doncaster,Saturday,advance
1 days,york,doncaster,Saturday,advance
1 days,birmingham new street,nuneaton,Saturday,advance
1 days,birmingham new street,london st pancras,Saturday,advance
1 days,birmingham new street,london st pancras,Saturday,advance
1 days,london euston,birmingham new street,Saturday,advance
1 days,birmingham new street,london st pancras,Saturday,advance
1 days,york,doncaster,Saturday,advance
1 days,london euston,birmingham new street,Saturday,advance
1 days,london euston,birmingham new street,Saturday,advance
1 days,london st pancras,birmingham new street,Saturday,advance
1 days,london paddington,oxford,Saturday,advance
1 days,london paddington,oxford,Saturday,advance
1 days,london paddington,oxford,Saturday,advance
1 days,london paddington,oxford,Saturday,advance
1 days,london st pancras,birmingham new street,Saturday,advance
1 days,london paddington,reading,Saturday,advance
1 days,london kings cross,york,Saturday,advance
1 days,liverpool lime street,manchester piccadilly,Saturday,advance
1 days,birmingham new street,london st pancras,Saturday,advance
1 days,london euston,birmingham new street,Saturday,advance
1 days,york,peterborough,Saturday,advance
1 days,york,peterborough,Saturday,advance
1 days,liverpool lime street,crewe,Saturday,advance
1 days,york,peterborough,Saturday,advance
0 days,london euston,birmingham new street,Friday,off-peak
1 days,liverpool lime street,london euston,Saturday,advance
1 days,reading,oxford,Saturday,advance
0 days,london euston,birmingham new street,Friday,off-peak
1 days,liverpool lime street,london euston,Saturday,advance
1 days,liverpool lime street,london euston,Saturday,advance
1 days,oxford,bristol temple meads,Saturday,advance
1 days,liverpool lime street,london euston,Saturday,advance
1 days,liverpool lime street,london euston,Saturday,advance
1 days,liverpool lime street,london euston,Saturday,advance
0 days,london st pancras,birmingham new street,Friday,off-peak
0 days,liverpool lime street,manchester piccadilly,Friday,off-peak
0 days,london kings cross,york,Friday,off-peak
1 days,london euston,birmingham new street,Saturday,advance
1 days,liverpool lime street,london paddington,Saturday,advance
1 days,london paddington,reading,Saturday,advance
1 days,london kings cross,york,Saturday,advance
0 days,london st pancras,birmingham new street,Friday,off-peak
0 days,london st pancras,birmingham new street,Friday,off-peak
0 days,london kings cross,york,Friday,off-peak
1 days,manchester piccadilly,liverpool lime street,Saturday,advance
1 days,london paddington,reading,Saturday,advance
0 days,liverpool lime street,manchester piccadilly,Friday,off-peak
1 days,london paddington,reading,Saturday,advance
1 days,london euston,birmingham new street,Saturday,advance
0 days,london st pancras,birmingham new street,Friday,off-peak
0 days,london kings cross,york,Friday,off-peak
0 days,london paddington,reading,Friday,off-peak
0 days,london euston,birmingham new street,Friday,off-peak
1 days,manchester piccadilly,liverpool lime street,Saturday,advance
1 days,london st pancras,birmingham new street,Saturday,advance
1 days,london st pancras,birmingham new street,Saturday,advance
0 days,oxford,bristol temple meads,Friday,off-peak
0 days,london paddington,reading,Friday,off-peak
1 days,london euston,birmingham new street,Saturday,advance
1 days,manchester piccadilly,liverpool lime street,Saturday,advance
0 days,london paddington,reading,Friday,off-peak
0 days,london kings cross,york,Friday,off-peak
0 days,london st pancras,birmingham new street,Friday,off-peak
0 days,london paddington,reading,Friday,off-peak
1 days,london st pancras,birmingham new street,Saturday,advance
1 days,london kings cross,york,Saturday,advance
0 days,london euston,birmingham new street,Friday,off-peak
0 days,london kings cross,york,Friday,off-peak
0 days,london euston,birmingham new street,Friday,anytime
0 days,london kings cross,york,Friday,anytime
0 days,london euston,birmingham new street,Friday,anytime
0 days,london euston,birmingham new street,Friday,anytime
1 days,manchester piccadilly,liverpool lime street,Saturday,advance
0 days,london st pancras,leicester,Friday,anytime
1 days,manchester piccadilly,liverpool lime street,Saturday,advance
1 days,liverpool lime street,london euston,Saturday,advance
0 days,manchester piccadilly,liverpool lime street,Friday,anytime
0 days,manchester piccadilly,liverpool lime street,Friday,anytime
1 days,reading,london paddington,Saturday,advance
1 days,london paddington,reading,Saturday,advance
0 days,london kings cross,york,Friday,anytime
1 days,manchester piccadilly,london paddington,Saturday,advance
0 days,london kings cross,york,Friday,anytime
0 days,manchester piccadilly,liverpool lime street,Friday,anytime
0 days,manchester piccadilly,liverpool lime street,Friday,anytime
1 days,london st pancras,birmingham new street,Saturday,advance
0 days,london kings cross,york,Friday,anytime
0 days,london euston,birmingham new street,Friday,anytime
0 days,london kings cross,york,Friday,anytime
0 days,manchester piccadilly,liverpool lime street,Friday,anytime
0 days,manchester piccadilly,liverpool lime street,Friday,anytime
0 days,manchester piccadilly,liverpool lime street,Friday,anytime
1 days,london paddington,reading,Saturday,advance
0 days,london st pancras,birmingham new street,Friday,anytime
0 days,london paddington,reading,Friday,anytime
1 days,london paddington,reading,Saturday,advance
0 days,london st pancras,birmingham new street,Friday,anytime
1 days,london euston,birmingham new street,Saturday,advance
1 days,london euston,birmingham new street,Saturday,advance
1 days,london euston,birmingham new street,Saturday,advance
0 days,london st pancras,birmingham new street,Friday,anytime
0 days,birmingham new street,tamworth,Friday,anytime
1 days,london euston,birmingham new street,Saturday,advance
0 days,liverpool lime street,crewe,Friday,anytime
0 days,reading,didcot,Friday,anytime
0 days,birmingham new street,tamworth,Friday,anytime
0 days,london st pancras,birmingham new street,Friday,anytime
0 days,london euston,manchester piccadilly,Friday,anytime
0 days,london paddington,reading,Friday,anytime
0 days,birmingham new street,tamworth,Friday,anytime
0 days,london st pancras,birmingham new street,Friday,off-peak
1 days,london euston,birmingham new street,Saturday,advance
1 days,london kings cross,york,Saturday,advance
1 days,london kings cross,york,Saturday,advance
1 days,manchester piccadilly,liverpool lime street,Saturday,advance
1 days,london euston,birmingham new street,Saturday,advance
1 days,london euston,birmingham new street,Saturday,advance
1 days,london paddington,reading,Saturday,advance
1 days,london st pancras,leicester,Saturday,advance
1 days,london st pancras,leicester,Saturday,advance
1 days,liverpool lime street,sheffield,Saturday,advance
1 days,liverpool lime street,london euston,Saturday,advance
1 days,liverpool lime street,sheffield,Saturday,advance
1 days,london euston,birmingham new street,Saturday,advance
0 days,manchester piccadilly,liverpool lime street,Friday,anytime
0 days,manchester piccadilly,liverpool lime street,Friday,anytime
0 days,london paddington,reading,Friday,off-peak
1 days,london euston,birmingham new street,Saturday,advance
1 days,birmingham new street,london euston,Saturday,advance
0 days,manchester piccadilly,liverpool lime street,Friday,off-peak
1 days,london kings cross,york,Saturday,advance
1 days,london st pancras,birmingham new street,Saturday,advance
1 days,manchester piccadilly,liverpool lime street,Saturday,advance
1 days,manchester piccadilly,liverpool lime street,Saturday,advance
0 days,london euston,birmingham new street,Friday,off-peak
1 days,manchester piccadilly,liverpool lime street,Saturday,advance
1 days,manchester piccadilly,liverpool lime street,Saturday,advance
1 days,manchester piccadilly,liverpool lime street,Saturday,advance
1 days,london st pancras,birmingham new street,Saturday,advance
0 days,london st pancras,birmingham new street,Friday,off-peak
1 days,liverpool lime street,manchester piccadilly,Saturday,advance
1 days,liverpool lime street,manchester piccadilly,Saturday,advance
0 days,london paddington,reading,Friday,off-peak
1 days,liverpool lime street,manchester piccadilly,Saturday,advance
1 days,liverpool lime street,manchester piccadilly,Saturday,advance
1 days,london euston,manchester piccadilly,Saturday,advance
1 days,liverpool lime street,crewe,Saturday,advance
1 days,birmingham new street,tamworth,Saturday,advance
1 days,london st pancras,birmingham new street,Saturday,advance
1 days,birmingham new street,tamworth,Saturday,advance
1 days,london st pancras,birmingham new street,Saturday,advance
1 days,london euston,manchester piccadilly,Saturday,advance
1 days,london st pancras,birmingham new street,Saturday,advance
1 days,liverpool lime street,crewe,Saturday,advance
1 days,london kings cross,york,Saturday,advance
1 days,london kings cross,york,Saturday,advance
1 days,london kings cross,york,Saturday,advance
1 days,birmingham new street,nuneaton,Saturday,advance
1 days,london st pancras,birmingham new street,Saturday,advance
1 days,birmingham new street,tamworth,Saturday,advance
1 days,london st pancras,birmingham new street,Saturday,advance
1 days,manchester piccadilly,liverpool lime street,Saturday,advance
1 days,birmingham new street,stafford,Saturday,advance
1 days,birmingham new street,tamworth,Saturday,advance
1 days,london kings cross,york,Saturday,advance
0 days,london paddington,reading,Friday,off-peak
1 days,london kings cross,york,Saturday,advance
1 days,manchester piccadilly,liverpool lime street,Saturday,advance
0 days,london euston,birmingham new street,Friday,off-peak
1 days,london paddington,reading,Saturday,advance
1 days,london paddington,reading,Saturday,advance
1 days,london paddington,reading,Saturday,advance
1 days,london paddington,reading,Saturday,advance
1 days,london paddington,reading,Saturday,advance
1 days,liverpool lime street,manchester piccadilly,Saturday,advance
1 days,liverpool lime street,manchester piccadilly,Saturday,advance
1 days,liverpool lime street,manchester piccadilly,Saturday,advance
1 days,birmingham new street,london st pancras,Saturday,advance
1 days,liverpool lime street,manchester piccadilly,Saturday,advance
1 days,london euston,birmingham new street,Saturday,advance
1 days,london euston,manchester piccadilly,Saturday,advance
1 days,london paddington,reading,Saturday,advance
1 days,liverpool lime street,manchester piccadilly,Saturday,advance
1 days,london euston,birmingham new street,Saturday,advance
1 days,liverpool lime street,manchester piccadilly,Saturday,advance
1 days,london euston,birmingham new street,Saturday,advance
1 days,london kings cross,york,Saturday,advance
1 days,london kings cross,york,Saturday,advance
0 days,london paddington,reading,Saturday,off-peak
0 days,london euston,birmingham new street,Saturday,off-peak
0 days,liverpool lime street,manchester piccadilly,Saturday,off-peak
0 days,manchester piccadilly,nottingham,Saturday,off-peak
0 days,manchester piccadilly,nottingham,Saturday,off-peak
0 days,london st pancras,birmingham new street,Saturday,off-peak
0 days,liverpool lime street,manchester piccadilly,Saturday,off-peak
0 days,liverpool lime street,manchester piccadilly,Saturday,off-peak
0 days,london euston,manchester piccadilly,Saturday,off-peak
0 days,liverpool lime street,manchester piccadilly,Saturday,off-peak
0 days,manchester piccadilly,liverpool lime street,Saturday,off-peak
0 days,london euston,birmingham new street,Saturday,off-peak
1 days,york,durham,Sunday,advance
0 days,london paddington,reading,Saturday,off-peak
1 days,york,durham,Sunday,advance
1 days,manchester piccadilly,liverpool lime street,Sunday,advance
1 days,liverpool lime street,manchester piccadilly,Sunday,advance
1 days,manchester piccadilly,liverpool lime street,Sunday,advance
1 days,liverpool lime street,manchester piccadilly,Sunday,advance
1 days,london kings cross,york,Sunday,advance
1 days,liverpool lime street,manchester piccadilly,Sunday,advance
0 days,liverpool lime street,manchester piccadilly,Saturday,off-peak
0 days,london euston,birmingham new street,Saturday,off-peak
1 days,london euston,birmingham new street,Sunday,advance
0 days,london st pancras,birmingham new street,Saturday,off-peak
0 days,birmingham new street,london st pancras,Saturday,off-peak
0 days,london st pancras,birmingham new street,Saturday,off-peak
0 days,liverpool lime street,manchester piccadilly,Saturday,off-peak
0 days,london st pancras,birmingham new street,Saturday,off-peak
1 days,london kings cross,york,Sunday,advance
1 days,london kings cross,liverpool lime street,Sunday,advance
1 days,york,durham,Sunday,advance
1 days,london kings cross,york,Sunday,advance
1 days,manchester piccadilly,nottingham,Sunday,advance
1 days,liverpool lime street,manchester piccadilly,Sunday,advance
1 days,london euston,birmingham new street,Sunday,advance
1 days,liverpool lime street,manchester piccadilly,Sunday,advance
0 days,liverpool lime street,london euston,Saturday,off-peak
0 days,london paddington,reading,Saturday,off-peak
0 days,london kings cross,york,Saturday,off-peak
1 days,manchester piccadilly,liverpool lime street,Sunday,advance
0 days,london paddington,reading,Saturday,off-peak
0 days,manchester piccadilly,liverpool lime street,Saturday,off-peak
0 days,london kings cross,york,Saturday,off-peak
0 days,london paddington,reading,Saturday,off-peak
0 days,london st pancras,wolverhampton,Saturday,off-peak
1 days,manchester piccadilly,london euston,Sunday,advance
0 days,birmingham new street,london st pancras,Saturday,off-peak
0 days,birmingham new street,london st pancras,Saturday,off-peak
0 days,london euston,birmingham new street,Saturday,off-peak
0 days,london paddington,reading,Saturday,off-peak
0 days,london st pancras,birmingham new street,Saturday,off-peak
0 days,liverpool lime street,manchester piccadilly,Saturday,off-peak
0 days,london paddington,reading,Saturday,off-peak
1 days,london kings cross,york,Sunday,advance
1 days,london kings cross,york,Sunday,advance
0 days,birmingham new street,london st pancras,Saturday,off-peak
0 days,london euston,manchester piccadilly,Saturday,off-peak
0 days,liverpool lime street,manchester piccadilly,Saturday,off-peak
0 days,liverpool lime street,manchester piccadilly,Saturday,off-peak
1 days,birmingham new street,london st pancras,Sunday,advance
0 days,london kings cross,york,Saturday,off-peak
0 days,london kings cross,york,Saturday,off-peak
0 days,york,peterborough,Saturday,off-peak
0 days,york,peterborough,Saturday,off-peak
1 days,london st pancras,birmingham new street,Sunday,advance
0 days,london euston,birmingham new street,Saturday,off-peak
0 days,birmingham new street,liverpool lime street,Saturday,off-peak
0 days,liverpool lime street,london euston,Saturday,off-peak
0 days,liverpool lime street,london euston,Saturday,off-peak
1 days,london euston,birmingham new street,Sunday,advance
0 days,london euston,birmingham new street,Saturday,off-peak
1 days,london paddington,reading,Sunday,advance
0 days,london kings cross,liverpool lime street,Saturday,off-peak
0 days,london kings cross,york,Saturday,off-peak
0 days,london paddington,oxford,Saturday,off-peak
0 days,london paddington,oxford,Saturday,off-peak
0 days,london paddington,reading,Saturday,off-peak
0 days,london paddington,reading,Saturday,off-peak
0 days,london paddington,reading,Saturday,off-peak
0 days,london kings cross,york,Saturday,off-peak
0 days,london paddington,reading,Saturday,off-peak
0 days,london paddington,reading,Saturday,off-peak
0 days,london paddington,oxford,Saturday,off-peak
0 days,manchester piccadilly,leeds,Saturday,off-peak
0 days,london kings cross,york,Saturday,off-peak
0 days,london st pancras,birmingham new street,Saturday,off-peak
0 days,liverpool lime street,manchester piccadilly,Saturday,off-peak
1 days,manchester piccadilly,liverpool lime street,Sunday,advance
1 days,manchester piccadilly,liverpool lime street,Sunday,advance
1 days,london euston,birmingham new street,Sunday,advance
1 days,birmingham new street,london st pancras,Sunday,advance
1 days,liverpool lime street,manchester piccadilly,Sunday,advance
1 days,london st pancras,birmingham new street,Sunday,advance
1 days,london st pancras,birmingham new street,Sunday,advance
1 days,london paddington,reading,Sunday,advance
1 days,london paddington,reading,Sunday,advance
1 days,london kings cross,york,Sunday,advance
1 days,liverpool lime street,manchester piccadilly,Sunday,advance
1 days,birmingham new street,london st pancras,Sunday,advance
1 days,london kings cross,york,Sunday,advance
0 days,liverpool lime street,manchester piccadilly,Saturday,off-peak
0 days,manchester piccadilly,liverpool lime street,Saturday,off-peak
0 days,london euston,birmingham new street,Saturday,off-peak
0 days,manchester piccadilly,liverpool lime street,Saturday,off-peak
1 days,london kings cross,york,Sunday,advance
0 days,manchester piccadilly,liverpool lime street,Saturday,off-peak
1 days,london euston,manchester piccadilly,Sunday,advance
1 days,birmingham new street,liverpool lime street,Sunday,advance
1 days,liverpool lime street,london euston,Sunday,advance
0 days,york,edinburgh,Saturday,off-peak
1 days,london st pancras,birmingham new street,Sunday,advance
1 days,manchester piccadilly,liverpool lime street,Sunday,advance
0 days,london st pancras,birmingham new street,Saturday,off-peak
1 days,london kings cross,liverpool lime street,Sunday,advance
1 days,london kings cross,york,Sunday,advance
1 days,manchester piccadilly,liverpool lime street,Sunday,advance
1 days,london paddington,reading,Sunday,advance
0 days,london euston,birmingham new street,Saturday,off-peak
0 days,london st pancras,birmingham new street,Saturday,off-peak
0 days,london st pancras,birmingham new street,Saturday,off-peak
1 days,liverpool lime street,manchester piccadilly,Sunday,advance
1 days,london paddington,reading,Sunday,advance
0 days,liverpool lime street,manchester piccadilly,Saturday,off-peak
1 days,manchester piccadilly,leeds,Sunday,advance
1 days,london st pancras,birmingham new street,Sunday,advance
0 days,london st pancras,birmingham new street,Saturday,off-peak
1 days,manchester piccadilly,liverpool lime street,Sunday,advance
0 days,london euston,birmingham new street,Saturday,off-peak
0 days,manchester piccadilly,liverpool lime street,Saturday,off-peak
0 days,liverpool lime street,manchester piccadilly,Saturday,off-peak
1 days,london kings cross,york,Sunday,advance
1 days,london euston,birmingham new street,Sunday,advance
0 days,london st pancras,birmingham new street,Saturday,off-peak
0 days,manchester piccadilly,liverpool lime street,Saturday,off-peak
1 days,birmingham new street,manchester piccadilly,Sunday,advance
0 days,london euston,birmingham new street,Saturday,off-peak
1 days,london paddington,reading,Sunday,advance
1 days,london euston,birmingham new street,Sunday,advance
0 days,manchester piccadilly,liverpool lime street,Saturday,off-peak
0 days,london kings cross,york,Saturday,off-peak
0 days,manchester piccadilly,liverpool lime street,Saturday,off-peak
1 days,london euston,birmingham new street,Sunday,advance
0 days,london paddington,reading,Saturday,off-peak
1 days,liverpool lime street,manchester piccadilly,Sunday,advance
1 days,oxford,bristol temple meads,Sunday,advance
1 days,london st pancras,birmingham new street,Sunday,advance
0 days,london paddington,reading,Saturday,off-peak
1 days,london euston,birmingham new street,Sunday,advance
0 days,london kings cross,york,Saturday,off-peak
1 days,london st pancras,birmingham new street,Sunday,advance
1 days,london st pancras,birmingham new street,Sunday,advance
0 days,manchester piccadilly,liverpool lime street,Saturday,off-peak
0 days,london kings cross,york,Saturday,off-peak
1 days,london euston,birmingham new street,Sunday,advance
0 days,york,edinburgh,Saturday,off-peak
1 days,london st pancras,birmingham new street,Sunday,advance
0 days,birmingham new street,reading,Saturday,off-peak
1 days,manchester piccadilly,liverpool lime street,Sunday,advance
1 days,liverpool lime street,manchester piccadilly,Sunday,advance
0 days,london euston,birmingham new street,Saturday,off-peak
0 days,manchester piccadilly,liverpool lime street,Saturday,off-peak
1 days,london paddington,reading,Sunday,advance
0 days,york,edinburgh,Saturday,off-peak
0 days,london euston,birmingham new street,Saturday,off-peak
1 days,london euston,birmingham new street,Sunday,advance
0 days,london euston,birmingham new street,Saturday,off-peak
1 days,london euston,birmingham new street,Sunday,advance
0 days,birmingham new street,manchester piccadilly,Saturday,off-peak
0 days,london kings cross,york,Saturday,off-peak
0 days,manchester piccadilly,liverpool lime street,Saturday,off-peak
1 days,manchester piccadilly,liverpool lime street,Sunday,advance
1 days,manchester piccadilly,liverpool lime street,Sunday,advance
0 days,london euston,birmingham new street,Saturday,off-peak
0 days,london kings cross,york,Saturday,off-peak
0 days,london kings cross,york,Saturday,off-peak
0 days,manchester piccadilly,liverpool lime street,Saturday,off-peak
1 days,london kings cross,york,Sunday,advance
1 days,manchester piccadilly,london paddington,Sunday,advance
0 days,london euston,birmingham new street,Saturday,off-peak
0 days,london st pancras,birmingham new street,Saturday,off-peak
0 days,london st pancras,birmingham new street,Saturday,off-peak
0 days,london paddington,reading,Saturday,off-peak
0 days,london kings cross,york,Saturday,off-peak
0 days,london kings cross,york,Saturday,off-peak
1 days,london euston,birmingham new street,Sunday,advance
0 days,liverpool lime street,manchester piccadilly,Saturday,off-peak
0 days,london kings cross,york,Saturday,off-peak
0 days,manchester piccadilly,liverpool lime street,Saturday,off-peak
0 days,manchester piccadilly,liverpool lime street,Saturday,off-peak
0 days,liverpool lime street,manchester piccadilly,Saturday,off-peak
0 days,liverpool lime street,manchester piccadilly,Saturday,off-peak
0 days,london euston,birmingham new street,Saturday,off-peak
0 days,london kings cross,york,Saturday,off-peak
0 days,london st pancras,birmingham new street,Saturday,off-peak
1 days,london kings cross,york,Sunday,advance
1 days,london paddington,reading,Sunday,advance
0 days,liverpool lime street,manchester piccadilly,Saturday,off-peak
1 days,london paddington,reading,Sunday,advance
0 days,reading,birmingham new street,Saturday,off-peak
1 days,london euston,birmingham new street,Sunday,advance
0 days,liverpool lime street,london euston,Saturday,off-peak
0 days,liverpool lime street,manchester piccadilly,Saturday,off-peak
0 days,birmingham new street,liverpool lime street,Saturday,off-peak
0 days,london euston,manchester piccadilly,Saturday,off-peak
0 days,london st pancras,birmingham new street,Saturday,off-peak
0 days,london st pancras,birmingham new street,Saturday,off-peak
0 days,london paddington,reading,Saturday,off-peak
0 days,birmingham new street,tamworth,Saturday,off-peak
1 days,london euston,birmingham new street,Sunday,advance
0 days,birmingham new street,wolverhampton,Saturday,anytime
0 days,london st pancras,birmingham new street,Saturday,off-peak
1 days,london euston,birmingham new street,Sunday,advance
0 days,london st pancras,birmingham new street,Saturday,off-peak
1 days,liverpool lime street,manchester piccadilly,Sunday,advance
0 days,london st pancras,birmingham new street,Saturday,off-peak
1 days,london kings cross,york,Sunday,advance
1 days,london euston,birmingham new street,Sunday,advance
1 days,london euston,birmingham new street,Sunday,advance
0 days,london paddington,reading,Saturday,off-peak
1 days,london euston,birmingham new street,Sunday,advance
1 days,london st pancras,birmingham new street,Sunday,advance
1 days,london euston,birmingham new street,Sunday,advance
1 days,manchester piccadilly,liverpool lime street,Sunday,advance
1 days,manchester piccadilly,liverpool lime street,Sunday,advance
1 days,london euston,birmingham new street,Sunday,advance
1 days,london paddington,reading,Sunday,advance
1 days,manchester piccadilly,liverpool lime street,Sunday,advance
1 days,manchester piccadilly,liverpool lime street,Sunday,advance
0 days,london kings cross,york,Saturday,off-peak
1 days,manchester piccadilly,london kings cross,Sunday,advance
1 days,london euston,birmingham new street,Sunday,advance
1 days,london paddington,reading,Sunday,advance
0 days,london st pancras,leicester,Saturday,off-peak
1 days,liverpool lime street,london euston,Sunday,advance
0 days,london kings cross,york,Saturday,off-peak
0 days,liverpool lime street,manchester piccadilly,Saturday,off-peak
1 days,london euston,manchester piccadilly,Sunday,advance
0 days,london paddington,reading,Saturday,off-peak
1 days,liverpool lime street,manchester piccadilly,Sunday,advance
0 days,london paddington,reading,Saturday,off-peak
0 days,london paddington,reading,Saturday,off-peak
0 days,london st pancras,birmingham new street,Saturday,off-peak
1 days,liverpool lime street,london euston,Sunday,advance
1 days,london st pancras,birmingham new street,Sunday,advance
1 days,london st pancras,birmingham new street,Sunday,advance
1 days,manchester piccadilly,liverpool lime street,Sunday,advance
1 days,london st pancras,leicester,Sunday,advance
1 days,manchester piccadilly,liverpool lime street,Sunday,advance
1 days,london euston,birmingham new street,Sunday,advance
1 days,london st pancras,birmingham new street,Sunday,advance
1 days,manchester piccadilly,liverpool lime street,Sunday,advance
1 days,london euston,birmingham new street,Sunday,advance
1 days,manchester piccadilly,liverpool lime street,Sunday,advance
1 days,london st pancras,birmingham new street,Sunday,advance
1 days,london paddington,reading,Sunday,advance
1 days,london st pancras,birmingham new street,Sunday,advance
1 days,liverpool lime street,crewe,Sunday,advance
1 days,birmingham new street,nuneaton,Sunday,advance
1 days,london st pancras,birmingham new street,Sunday,advance
1 days,liverpool lime street,crewe,Sunday,advance
1 days,liverpool lime street,crewe,Sunday,advance
1 days,london kings cross,york,Sunday,advance
1 days,london paddington,reading,Sunday,advance
1 days,london st pancras,birmingham new street,Sunday,advance
1 days,london kings cross,york,Sunday,advance
1 days,birmingham new street,stafford,Sunday,advance
1 days,london kings cross,york,Sunday,advance
1 days,manchester piccadilly,liverpool lime street,Sunday,advance
1 days,london kings cross,york,Sunday,advance
1 days,london kings cross,york,Sunday,advance
1 days,london st pancras,birmingham new street,Sunday,advance
1 days,london euston,birmingham new street,Sunday,advance
0 days,london kings cross,york,Saturday,off-peak
1 days,manchester piccadilly,liverpool lime street,Sunday,advance
1 days,london paddington,reading,Sunday,advance
1 days,london st pancras,birmingham new street,Sunday,advance
1 days,london euston,birmingham new street,Sunday,advance
1 days,london paddington,reading,Sunday,advance
1 days,liverpool lime street,manchester piccadilly,Sunday,advance
1 days,london kings cross,york,Sunday,advance
1 days,london st pancras,birmingham new street,Sunday,advance
1 days,london kings cross,york,Sunday,advance
1 days,london euston,birmingham new street,Sunday,advance
1 days,london euston,birmingham new street,Sunday,advance
1 days,london euston,birmingham new street,Sunday,advance
1 days,london kings cross,york,Sunday,advance
0 days,london st pancras,birmingham new street,Sunday,off-peak
0 days,london paddington,reading,Sunday,off-peak
0 days,london paddington,reading,Sunday,off-peak
0 days,liverpool lime street,manchester piccadilly,Sunday,off-peak
0 days,london euston,birmingham new street,Sunday,off-peak
1 days,london st pancras,birmingham new street,Monday,advance
0 days,manchester piccadilly,liverpool lime street,Sunday,off-peak
0 days,liverpool lime street,manchester piccadilly,Sunday,off-peak
1 days,york,durham,Monday,advance
0 days,york,durham,Sunday,off-peak
1 days,manchester piccadilly,liverpool lime street,Monday,advance
1 days,london paddington,reading,Monday,advance
0 days,liverpool lime street,manchester piccadilly,Sunday,off-peak
0 days,liverpool lime street,manchester piccadilly,Sunday,off-peak
1 days,liverpool lime street,manchester piccadilly,Monday,advance
0 days,manchester piccadilly,liverpool lime street,Sunday,off-peak
0 days,york,durham,Sunday,off-peak
0 days,liverpool lime street,manchester piccadilly,Sunday,off-peak
0 days,manchester piccadilly,liverpool lime street,Sunday,off-peak
0 days,liverpool lime street,manchester piccadilly,Sunday,off-peak
0 days,london st pancras,birmingham new street,Sunday,off-peak
1 days,london st pancras,birmingham new street,Monday,advance
1 days,manchester piccadilly,nottingham,Monday,advance
1 days,london kings cross,york,Monday,advance
1 days,manchester piccadilly,nottingham,Monday,advance
0 days,london euston,birmingham new street,Sunday,off-peak
1 days,london kings cross,york,Monday,advance
1 days,london kings cross,york,Monday,advance
0 days,london kings cross,york,Sunday,off-peak
0 days,manchester piccadilly,liverpool lime street,Sunday,off-peak
0 days,york,doncaster,Sunday,off-peak
0 days,london euston,birmingham new street,Sunday,off-peak
0 days,birmingham new street,london st pancras,Sunday,off-peak
0 days,manchester piccadilly,liverpool lime street,Sunday,off-peak
0 days,birmingham new street,london st pancras,Sunday,off-peak
0 days,birmingham new street,london st pancras,Sunday,off-peak
0 days,york,doncaster,Sunday,off-peak
0 days,london euston,birmingham new street,Sunday,off-peak
0 days,manchester piccadilly,liverpool lime street,Sunday,off-peak
1 days,london kings cross,york,Monday,advance
0 days,london paddington,reading,Sunday,off-peak
0 days,liverpool lime street,manchester piccadilly,Sunday,off-peak
0 days,liverpool lime street,manchester piccadilly,Sunday,off-peak
0 days,liverpool lime street,manchester piccadilly,Sunday,off-peak
1 days,liverpool lime street,manchester piccadilly,Monday,advance
0 days,london paddington,reading,Sunday,off-peak
0 days,london euston,birmingham new street,Sunday,off-peak
0 days,london st pancras,birmingham new street,Sunday,off-peak
0 days,liverpool lime street,london euston,Sunday,off-peak
0 days,liverpool lime street,london euston,Sunday,off-peak
0 days,manchester piccadilly,london euston,Sunday,off-peak
0 days,reading,oxford,Sunday,off-peak
0 days,liverpool lime street,london euston,Sunday,off-peak
0 days,liverpool lime street,london euston,Sunday,off-peak
0 days,liverpool lime street,london euston,Sunday,off-peak
1 days,london euston,birmingham new street,Monday,advance
0 days,london euston,birmingham new street,Sunday,off-peak
1 days,london kings cross,york,Monday,advance
1 days,london st pancras,birmingham new street,Monday,advance
0 days,london paddington,reading,Sunday,off-peak
0 days,london paddington,oxford,Sunday,off-peak
0 days,london paddington,reading,Sunday,off-peak
0 days,london paddington,oxford,Sunday,off-peak
0 days,london kings cross,york,Sunday,off-peak
0 days,london kings cross,york,Sunday,off-peak
0 days,london paddington,oxford,Sunday,off-peak
0 days,london paddington,oxford,Sunday,off-peak
0 days,manchester piccadilly,leeds,Sunday,off-peak
0 days,london paddington,reading,Sunday,off-peak
0 days,london st pancras,birmingham new street,Sunday,off-peak
1 days,manchester piccadilly,liverpool lime street,Monday,advance
1 days,london paddington,reading,Monday,advance
1 days,manchester piccadilly,liverpool lime street,Monday,advance
1 days,birmingham new street,london st pancras,Monday,advance
1 days,reading,london paddington,Monday,advance
1 days,birmingham new street,london paddington,Monday,advance
1 days,london st pancras,birmingham new street,Monday,advance
1 days,york,doncaster,Monday,advance
1 days,birmingham new street,london st pancras,Monday,advance
1 days,birmingham new street,london st pancras,Monday,advance
1 days,london kings cross,york,Monday,advance
1 days,london st pancras,birmingham new street,Monday,advance
1 days,london kings cross,york,Monday,advance
1 days,birmingham new street,london euston,Monday,advance
1 days,manchester piccadilly,liverpool lime street,Monday,advance
1 days,london euston,birmingham new street,Monday,advance
1 days,birmingham new street,london st pancras,Monday,advance
1 days,birmingham new street,london st pancras,Monday,advance
1 days,london euston,birmingham new street,Monday,advance
1 days,manchester piccadilly,liverpool lime street,Monday,advance
1 days,london paddington,oxford,Monday,advance
1 days,london paddington,reading,Monday,advance
1 days,london paddington,reading,Monday,advance
1 days,london paddington,reading,Monday,advance
1 days,liverpool lime street,manchester piccadilly,Monday,advance
1 days,liverpool lime street,manchester piccadilly,Monday,advance
1 days,london paddington,reading,Monday,advance
1 days,london paddington,reading,Monday,advance
1 days,liverpool lime street,manchester piccadilly,Monday,advance
1 days,london st pancras,birmingham new street,Monday,advance
1 days,london paddington,reading,Monday,advance
1 days,manchester piccadilly,liverpool lime street,Monday,advance
0 days,manchester piccadilly,liverpool lime street,Sunday,off-peak
1 days,london paddington,manchester piccadilly,Monday,advance
1 days,london kings cross,york,Monday,advance
1 days,london kings cross,york,Monday,advance
1 days,york,peterborough,Monday,advance
1 days,london euston,birmingham new street,Monday,advance
1 days,york,wakefield,Monday,advance
1 days,york,peterborough,Monday,advance
1 days,york,peterborough,Monday,advance
0 days,london euston,birmingham new street,Sunday,off-peak
1 days,london st pancras,birmingham new street,Monday,advance
1 days,london paddington,reading,Monday,advance
0 days,london st pancras,birmingham new street,Sunday,off-peak
0 days,manchester piccadilly,liverpool lime street,Sunday,off-peak
0 days,london st pancras,birmingham new street,Sunday,off-peak
1 days,liverpool lime street,london euston,Monday,advance
1 days,liverpool lime street,london euston,Monday,advance
1 days,reading,birmingham new street,Monday,advance
1 days,liverpool lime street,london euston,Monday,advance
1 days,london euston,birmingham new street,Monday,advance
1 days,york,liverpool lime street,Monday,advance
1 days,london euston,birmingham new street,Monday,advance
0 days,london st pancras,birmingham new street,Sunday,off-peak
1 days,london euston,birmingham new street,Monday,advance
0 days,london st pancras,birmingham new street,Sunday,off-peak
1 days,london paddington,reading,Monday,advance
1 days,london euston,birmingham new street,Monday,advance
1 days,london euston,birmingham new street,Monday,advance
1 days,london st pancras,birmingham new street,Monday,advance
0 days,london st pancras,birmingham new street,Sunday,off-peak
0 days,london st pancras,birmingham new street,Sunday,off-peak
1 days,birmingham new street,london st pancras,Monday,advance
1 days,manchester piccadilly,liverpool lime street,Monday,advance
0 days,birmingham new street,manchester piccadilly,Sunday,off-peak
0 days,london euston,birmingham new street,Sunday,off-peak
0 days,london st pancras,birmingham new street,Sunday,off-peak
0 days,london kings cross,york,Sunday,off-peak
0 days,london kings cross,york,Sunday,off-peak
0 days,birmingham new street,london st pancras,Sunday,off-peak
0 days,liverpool lime street,manchester piccadilly,Sunday,off-peak
1 days,liverpool lime street,manchester piccadilly,Monday,advance
0 days,london paddington,reading,Sunday,off-peak
1 days,manchester piccadilly,liverpool lime street,Monday,advance
0 days,london paddington,reading,Sunday,off-peak
0 days,london kings cross,york,Sunday,off-peak
0 days,london paddington,manchester piccadilly,Sunday,off-peak
0 days,oxford,bristol temple meads,Sunday,off-peak
1 days,london st pancras,birmingham new street,Monday,advance
1 days,london st pancras,birmingham new street,Monday,advance
1 days,london st pancras,birmingham new street,Monday,advance
0 days,birmingham new street,reading,Sunday,off-peak
0 days,london paddington,reading,Sunday,off-peak
0 days,london paddington,reading,Sunday,off-peak
0 days,reading,london paddington,Sunday,off-peak
0 days,london euston,birmingham new street,Sunday,off-peak
0 days,london euston,birmingham new street,Sunday,off-peak
0 days,london euston,birmingham new street,Sunday,off-peak
0 days,london euston,birmingham new street,Sunday,off-peak
0 days,london euston,birmingham new street,Sunday,off-peak
0 days,london euston,birmingham new street,Sunday,off-peak
0 days,london euston,birmingham new street,Sunday,off-peak
0 days,london kings cross,york,Sunday,off-peak
0 days,manchester piccadilly,liverpool lime street,Sunday,off-peak
1 days,liverpool lime street,london euston,Monday,advance
0 days,birmingham new street,manchester piccadilly,Sunday,off-peak
0 days,manchester piccadilly,liverpool lime street,Sunday,off-peak
0 days,manchester piccadilly,liverpool lime street,Sunday,off-peak
0 days,birmingham new street,manchester piccadilly,Sunday,off-peak
1 days,london st pancras,birmingham new street,Monday,advance
0 days,london kings cross,york,Sunday,off-peak
1 days,liverpool lime street,manchester piccadilly,Monday,advance
0 days,london kings cross,york,Sunday,off-peak
0 days,birmingham new street,stafford,Sunday,off-peak
0 days,manchester piccadilly,liverpool lime street,Sunday,off-peak
1 days,london st pancras,birmingham new street,Monday,advance
0 days,manchester piccadilly,liverpool lime street,Sunday,off-peak
1 days,london paddington,liverpool lime street,Monday,advance
0 days,london euston,birmingham new street,Sunday,off-peak
0 days,liverpool lime street,manchester piccadilly,Sunday,off-peak
0 days,london st pancras,birmingham new street,Sunday,off-peak
1 days,manchester piccadilly,liverpool lime street,Monday,advance
1 days,london kings cross,york,Monday,advance
0 days,manchester piccadilly,liverpool lime street,Sunday,off-peak
0 days,london euston,birmingham new street,Sunday,off-peak
0 days,london euston,birmingham new street,Sunday,off-peak
0 days,manchester piccadilly,liverpool lime street,Sunday,off-peak
0 days,london st pancras,birmingham new street,Sunday,off-peak
0 days,london paddington,reading,Sunday,off-peak
0 days,london euston,birmingham new street,Sunday,off-peak
0 days,london st pancras,birmingham new street,Sunday,off-peak
1 days,manchester piccadilly,liverpool lime street,Monday,advance
1 days,manchester piccadilly,liverpool lime street,Monday,advance
1 days,london paddington,reading,Monday,advance
1 days,london paddington,reading,Monday,advance
0 days,london paddington,reading,Sunday,off-peak
0 days,london st pancras,birmingham new street,Sunday,off-peak
0 days,london kings cross,york,Sunday,off-peak
1 days,london paddington,reading,Monday,advance
1 days,london st pancras,birmingham new street,Monday,advance
0 days,liverpool lime street,crewe,Sunday,off-peak
0 days,london st pancras,birmingham new street,Sunday,off-peak
0 days,manchester piccadilly,liverpool lime street,Sunday,off-peak
0 days,london st pancras,birmingham new street,Sunday,off-peak
1 days,manchester piccadilly,liverpool lime street,Monday,advance
1 days,manchester piccadilly,liverpool lime street,Monday,advance
0 days,london euston,manchester piccadilly,Sunday,off-peak
0 days,london paddington,reading,Sunday,off-peak
1 days,london euston,birmingham new street,Monday,advance
0 days,london st pancras,birmingham new street,Sunday,off-peak
0 days,birmingham new street,tamworth,Sunday,off-peak
0 days,manchester piccadilly,liverpool lime street,Sunday,off-peak
0 days,london euston,manchester piccadilly,Sunday,off-peak
0 days,london st pancras,birmingham new street,Sunday,off-peak
0 days,york,peterborough,Sunday,off-peak
1 days,london euston,birmingham new street,Monday,advance
0 days,london paddington,reading,Sunday,off-peak
1 days,london euston,birmingham new street,Monday,advance
1 days,london euston,birmingham new street,Monday,advance
1 days,london euston,birmingham new street,Monday,advance
1 days,london euston,birmingham new street,Monday,advance
1 days,manchester piccadilly,liverpool lime street,Monday,advance
0 days,london euston,birmingham new street,Sunday,off-peak
1 days,manchester piccadilly,liverpool lime street,Monday,advance
1 days,birmingham new street,manchester piccadilly,Monday,advance
0 days,manchester piccadilly,liverpool lime street,Sunday,off-peak
1 days,london kings cross,york,Monday,advance
1 days,manchester piccadilly,liverpool lime street,Monday,advance
1 days,liverpool lime street,sheffield,Monday,advance
1 days,liverpool lime street,london euston,Monday,advance
1 days,manchester piccadilly,london euston,Monday,advance
0 days,london st pancras,leicester,Sunday,off-peak
1 days,manchester piccadilly,london euston,Monday,advance
0 days,manchester piccadilly,liverpool lime street,Sunday,off-peak
0 days,london st pancras,leicester,Sunday,off-peak
0 days,london kings cross,york,Sunday,off-peak
0 days,manchester piccadilly,liverpool lime street,Sunday,off-peak
0 days,manchester piccadilly,liverpool lime street,Sunday,off-peak
0 days,london kings cross,york,Sunday,off-peak
0 days,london euston,birmingham new street,Sunday,off-peak
0 days,manchester piccadilly,liverpool lime street,Sunday,off-peak
1 days,liverpool lime street,manchester piccadilly,Monday,advance
0 days,liverpool lime street,manchester piccadilly,Sunday,off-peak
0 days,liverpool lime street,manchester piccadilly,Sunday,off-peak
0 days,manchester piccadilly,liverpool lime street,Sunday,off-peak
0 days,london euston,manchester piccadilly,Sunday,off-peak
1 days,london paddington,reading,Monday,advance
0 days,london euston,manchester piccadilly,Sunday,off-peak
0 days,liverpool lime street,manchester piccadilly,Sunday,off-peak
1 days,birmingham new street,london paddington,Monday,advance
1 days,manchester piccadilly,liverpool lime street,Monday,advance
1 days,manchester piccadilly,liverpool lime street,Monday,advance
1 days,manchester piccadilly,liverpool lime street,Monday,advance
1 days,london st pancras,leicester,Monday,advance
1 days,london st pancras,leicester,Monday,advance
1 days,manchester piccadilly,liverpool lime street,Monday,advance
1 days,manchester piccadilly,liverpool lime street,Monday,advance
1 days,london euston,birmingham new street,Monday,advance
1 days,manchester piccadilly,liverpool lime street,Monday,advance
0 days,london euston,birmingham new street,Sunday,off-peak
1 days,london paddington,reading,Monday,advance
1 days,london st pancras,birmingham new street,Monday,advance
0 days,liverpool lime street,manchester piccadilly,Sunday,off-peak
1 days,reading,birmingham new street,Monday,advance
1 days,london euston,birmingham new street,Monday,advance
1 days,birmingham new street,nuneaton,Monday,advance
1 days,london st pancras,birmingham new street,Monday,advance
1 days,london paddington,reading,Monday,advance
1 days,birmingham new street,nuneaton,Monday,advance
1 days,london st pancras,birmingham new street,Monday,advance
1 days,manchester piccadilly,liverpool lime street,Monday,advance
1 days,london st pancras,birmingham new street,Monday,advance
1 days,birmingham new street,stafford,Monday,advance
1 days,london euston,manchester piccadilly,Monday,advance
1 days,london st pancras,birmingham new street,Monday,advance
0 days,liverpool lime street,leeds,Sunday,off-peak
0 days,manchester piccadilly,london euston,Sunday,off-peak
0 days,london euston,birmingham new street,Sunday,off-peak
1 days,manchester piccadilly,liverpool lime street,Monday,advance
0 days,london kings cross,york,Sunday,off-peak
1 days,london st pancras,birmingham new street,Monday,advance
1 days,london kings cross,york,Monday,advance
1 days,london kings cross,york,Monday,advance
1 days,london paddington,reading,Monday,advance
1 days,london paddington,reading,Monday,advance
1 days,london euston,birmingham new street,Monday,advance
1 days,london st pancras,birmingham new street,Monday,advance
1 days,london paddington,reading,Monday,advance
1 days,manchester piccadilly,liverpool lime street,Monday,advance
1 days,liverpool lime street,manchester piccadilly,Monday,advance
1 days,liverpool lime street,manchester piccadilly,Monday,advance
1 days,london kings cross,york,Monday,advance
1 days,london euston,birmingham new street,Monday,advance
1 days,london euston,birmingham new street,Monday,advance
1 days,london paddington,reading,Monday,advance
1 days,london st pancras,birmingham new street,Monday,advance
1 days,liverpool lime street,manchester piccadilly,Monday,advance
1 days,london kings cross,york,Monday,advance
0 days,london st pancras,birmingham new street,Monday,off-peak
1 days,london euston,birmingham new street,Tuesday,advance
0 days,london kings cross,york,Monday,off-peak
0 days,london kings cross,york,Monday,off-peak
2 days,london kings cross,edinburgh waverley,Wednesday,advance
0 days,manchester piccadilly,london paddington,Monday,off-peak
0 days,london st pancras,birmingham new street,Monday,off-peak
0 days,liverpool lime street,manchester piccadilly,Monday,off-peak
0 days,manchester piccadilly,nottingham,Monday,off-peak
0 days,london euston,birmingham new street,Monday,off-peak
0 days,london euston,birmingham new street,Monday,off-peak
0 days,liverpool lime street,manchester piccadilly,Monday,off-peak
0 days,london euston,manchester piccadilly,Monday,off-peak
0 days,york,durham,Monday,off-peak
0 days,liverpool lime street,manchester piccadilly,Monday,off-peak
1 days,manchester piccadilly,liverpool lime street,Tuesday,advance
1 days,manchester piccadilly,liverpool lime street,Tuesday,advance
1 days,liverpool lime street,manchester piccadilly,Tuesday,advance
0 days,liverpool lime street,manchester piccadilly,Monday,off-peak
0 days,manchester piccadilly,liverpool lime street,Monday,off-peak
1 days,london kings cross,york,Tuesday,advance
0 days,york,birmingham new street,Monday,off-peak
0 days,london kings cross,york,Monday,off-peak
0 days,london paddington,reading,Monday,off-peak
0 days,london st pancras,birmingham new street,Monday,off-peak
0 days,london st pancras,birmingham new street,Monday,off-peak
0 days,liverpool lime street,sheffield,Monday,off-peak
1 days,london st pancras,birmingham new street,Tuesday,advance
1 days,london paddington,reading,Tuesday,advance
1 days,london euston,birmingham new street,Tuesday,advance
1 days,london euston,birmingham new street,Tuesday,advance
1 days,london euston,birmingham new street,Tuesday,advance
1 days,london kings cross,york,Tuesday,advance
0 days,london paddington,reading,Monday,anytime
0 days,london paddington,reading,Monday,anytime
0 days,london kings cross,york,Monday,anytime
0 days,london paddington,reading,Monday,anytime
1 days,manchester piccadilly,london euston,Tuesday,advance
0 days,london euston,manchester piccadilly,Monday,anytime
0 days,birmingham new street,london st pancras,Monday,anytime
0 days,birmingham new street,london st pancras,Monday,anytime
0 days,london euston,birmingham new street,Monday,anytime
0 days,birmingham new street,london st pancras,Monday,anytime
0 days,london euston,birmingham new street,Monday,anytime
1 days,manchester piccadilly,liverpool lime street,Tuesday,advance
1 days,london euston,birmingham new street,Tuesday,advance
0 days,london st pancras,birmingham new street,Monday,anytime
0 days,london paddington,reading,Monday,anytime
0 days,liverpool lime street,manchester piccadilly,Monday,anytime
1 days,york,birmingham new street,Tuesday,advance
0 days,london euston,birmingham new street,Monday,anytime
1 days,liverpool lime street,manchester piccadilly,Tuesday,advance
1 days,london euston,birmingham new street,Tuesday,advance
1 days,london st pancras,birmingham new street,Tuesday,advance
1 days,birmingham new street,london st pancras,Tuesday,advance
1 days,london st pancras,birmingham new street,Tuesday,advance
1 days,birmingham new street,london st pancras,Tuesday,advance
0 days,reading,swindon,Monday,anytime
0 days,london kings cross,york,Monday,anytime
0 days,london kings cross,york,Monday,anytime
0 days,liverpool lime street,manchester piccadilly,Monday,anytime
1 days,london kings cross,york,Tuesday,advance
0 days,london paddington,reading,Monday,anytime
0 days,liverpool lime street,london euston,Monday,anytime
0 days,london kings cross,york,Monday,anytime
0 days,london st pancras,birmingham new street,Monday,anytime
0 days,liverpool lime street,london euston,Monday,anytime
0 days,liverpool lime street,london euston,Monday,anytime
0 days,liverpool lime street,london euston,Monday,anytime
0 days,london euston,birmingham new street,Monday,anytime
1 days,london euston,birmingham new street,Tuesday,advance
0 days,london euston,birmingham new street,Monday,anytime
1 days,london st pancras,birmingham new street,Tuesday,advance
0 days,london paddington,oxford,Monday,anytime
0 days,london paddington,reading,Monday,anytime
1 days,london st pancras,birmingham new street,Tuesday,advance
1 days,manchester piccadilly,liverpool lime street,Tuesday,advance
0 days,manchester piccadilly,leeds,Monday,off-peak
1 days,london paddington,reading,Tuesday,advance
1 days,london kings cross,york,Tuesday,advance
1 days,london kings cross,york,Tuesday,advance
1 days,london paddington,reading,Tuesday,advance
0 days,london st pancras,birmingham new street,Monday,off-peak
1 days,london kings cross,york,Tuesday,advance
0 days,london paddington,reading,Monday,off-peak
1 days,london paddington,reading,Tuesday,advance
1 days,london kings cross,york,Tuesday,advance
0 days,london euston,birmingham new street,Monday,off-peak
1 days,birmingham new street,nuneaton,Tuesday,advance
1 days,london euston,manchester piccadilly,Tuesday,advance
1 days,birmingham new street,london st pancras,Tuesday,advance
1 days,york,doncaster,Tuesday,advance
0 days,manchester piccadilly,liverpool lime street,Monday,off-peak
1 days,london paddington,oxford,Tuesday,advance
1 days,london paddington,oxford,Tuesday,advance
1 days,london st pancras,birmingham new street,Tuesday,advance
0 days,liverpool lime street,birmingham new street,Monday,off-peak
1 days,london paddington,reading,Tuesday,advance
0 days,london st pancras,birmingham new street,Monday,off-peak
1 days,birmingham new street,london st pancras,Tuesday,advance
0 days,london euston,birmingham new street,Monday,off-peak
1 days,london kings cross,york,Tuesday,advance
1 days,york,wakefield,Tuesday,advance
1 days,london kings cross,york,Tuesday,advance
0 days,london st pancras,birmingham new street,Monday,off-peak
1 days,manchester piccadilly,london euston,Tuesday,advance
0 days,manchester piccadilly,sheffield,Monday,off-peak
1 days,liverpool lime street,london euston,Tuesday,advance
0 days,london st pancras,birmingham new street,Monday,off-peak
1 days,liverpool lime street,london euston,Tuesday,advance
1 days,liverpool lime street,london euston,Tuesday,advance
1 days,london paddington,reading,Tuesday,advance
1 days,liverpool lime street,london euston,Tuesday,advance
1 days,liverpool lime street,london euston,Tuesday,advance
1 days,liverpool lime street,london euston,Tuesday,advance
1 days,london euston,manchester piccadilly,Tuesday,advance
1 days,london st pancras,birmingham new street,Tuesday,advance
0 days,london euston,birmingham new street,Monday,off-peak
0 days,london st pancras,birmingham new street,Monday,off-peak
1 days,london paddington,reading,Tuesday,advance
0 days,london st pancras,birmingham new street,Monday,off-peak
0 days,birmingham new street,manchester piccadilly,Monday,off-peak
1 days,london paddington,reading,Tuesday,advance
0 days,london euston,manchester piccadilly,Monday,off-peak
0 days,york,edinburgh,Monday,off-peak
1 days,manchester piccadilly,liverpool lime street,Tuesday,advance
0 days,manchester piccadilly,liverpool lime street,Monday,off-peak
0 days,manchester piccadilly,liverpool lime street,Monday,off-peak
0 days,liverpool lime street,manchester piccadilly,Monday,off-peak
0 days,london euston,birmingham new street,Monday,off-peak
0 days,london st pancras,birmingham new street,Monday,off-peak
0 days,london st pancras,birmingham new street,Monday,off-peak
1 days,birmingham new street,manchester piccadilly,Tuesday,advance
0 days,manchester piccadilly,liverpool lime street,Monday,off-peak
0 days,london kings cross,york,Monday,off-peak
0 days,reading,london paddington,Monday,off-peak
1 days,london euston,birmingham new street,Tuesday,advance
0 days,london st pancras,birmingham new street,Monday,off-peak
0 days,london paddington,reading,Monday,off-peak
1 days,london euston,birmingham new street,Tuesday,advance
1 days,manchester piccadilly,liverpool lime street,Tuesday,advance
1 days,manchester piccadilly,liverpool lime street,Tuesday,advance
1 days,london paddington,reading,Tuesday,advance
1 days,london st pancras,birmingham new street,Tuesday,advance
1 days,london kings cross,york,Tuesday,advance
0 days,reading,london paddington,Monday,off-peak
1 days,liverpool lime street,manchester piccadilly,Tuesday,advance
0 days,london paddington,reading,Monday,off-peak
0 days,london euston,birmingham new street,Monday,off-peak
0 days,manchester piccadilly,liverpool lime street,Monday,off-peak
0 days,london euston,birmingham new street,Monday,anytime
0 days,london euston,birmingham new street,Monday,anytime
0 days,manchester piccadilly,liverpool lime street,Monday,anytime
1 days,london euston,birmingham new street,Tuesday,advance
0 days,london kings cross,york,Monday,anytime
1 days,manchester piccadilly,liverpool lime street,Tuesday,advance
0 days,manchester piccadilly,liverpool lime street,Monday,anytime
0 days,liverpool lime street,sheffield,Monday,anytime
0 days,liverpool lime street,leeds,Monday,anytime
1 days,manchester piccadilly,liverpool lime street,Tuesday,advance
1 days,manchester piccadilly,liverpool lime street,Tuesday,advance
0 days,london euston,birmingham new street,Monday,anytime
0 days,london kings cross,york,Monday,anytime
0 days,reading,swindon,Monday,anytime
0 days,london euston,birmingham new street,Monday,anytime
1 days,manchester piccadilly,liverpool lime street,Tuesday,advance
0 days,london euston,birmingham new street,Monday,anytime
0 days,london kings cross,york,Monday,anytime
0 days,london kings cross,york,Monday,anytime
0 days,london kings cross,york,Monday,anytime
0 days,london euston,birmingham new street,Monday,anytime
0 days,liverpool lime street,london euston,Monday,anytime
0 days,manchester piccadilly,liverpool lime street,Monday,anytime
0 days,manchester piccadilly,liverpool lime street,Monday,anytime
0 days,manchester piccadilly,liverpool lime street,Monday,anytime
0 days,manchester piccadilly,liverpool lime street,Monday,anytime
0 days,manchester piccadilly,liverpool lime street,Monday,anytime
0 days,manchester piccadilly,liverpool lime street,Monday,anytime
0 days,manchester piccadilly,liverpool lime street,Monday,anytime
0 days,london st pancras,birmingham new street,Monday,anytime
0 days,london paddington,reading,Monday,anytime
1 days,manchester piccadilly,liverpool lime street,Tuesday,advance
0 days,liverpool lime street,manchester piccadilly,Monday,anytime
1 days,london paddington,reading,Tuesday,advance
0 days,liverpool lime street,manchester piccadilly,Monday,anytime
0 days,london st pancras,birmingham new street,Monday,anytime
0 days,liverpool lime street,manchester piccadilly,Monday,anytime
0 days,liverpool lime street,london euston,Monday,anytime
0 days,birmingham new street,nuneaton,Monday,anytime
0 days,london euston,manchester piccadilly,Monday,anytime
0 days,london st pancras,birmingham new street,Monday,anytime
0 days,reading,didcot,Monday,anytime
1 days,london euston,birmingham new street,Tuesday,advance
0 days,london st pancras,birmingham new street,Monday,anytime
1 days,manchester piccadilly,liverpool lime street,Tuesday,advance
0 days,manchester piccadilly,liverpool lime street,Monday,anytime
0 days,london st pancras,birmingham new street,Monday,anytime
0 days,london st pancras,birmingham new street,Monday,anytime
0 days,liverpool lime street,crewe,Monday,anytime
0 days,london st pancras,birmingham new street,Monday,anytime
1 days,york,edinburgh,Tuesday,advance
0 days,reading,didcot,Monday,anytime
0 days,london st pancras,birmingham new street,Monday,anytime
1 days,london euston,birmingham new street,Tuesday,advance
1 days,london euston,birmingham new street,Tuesday,advance
1 days,london euston,birmingham new street,Tuesday,advance
0 days,liverpool lime street,leeds,Monday,off-peak
1 days,london euston,birmingham new street,Tuesday,advance
1 days,manchester piccadilly,liverpool lime street,Tuesday,advance
1 days,birmingham new street,manchester piccadilly,Tuesday,advance
0 days,manchester piccadilly,liverpool lime street,Monday,off-peak
0 days,london st pancras,leicester,Monday,anytime
0 days,london st pancras,leicester,Monday,anytime
0 days,london kings cross,york,Monday,off-peak
0 days,london paddington,reading,Monday,off-peak
1 days,london kings cross,york,Tuesday,advance
0 days,london paddington,reading,Monday,off-peak
1 days,london kings cross,york,Tuesday,advance
1 days,liverpool lime street,manchester piccadilly,Tuesday,advance
0 days,london st pancras,birmingham new street,Monday,off-peak
1 days,liverpool lime street,manchester piccadilly,Tuesday,advance
1 days,london euston,birmingham new street,Tuesday,advance
1 days,manchester piccadilly,liverpool lime street,Tuesday,advance
1 days,manchester piccadilly,liverpool lime street,Tuesday,advance
0 days,london euston,birmingham new street,Monday,off-peak
1 days,london st pancras,leicester,Tuesday,advance
1 days,london st pancras,birmingham new street,Tuesday,advance
1 days,manchester piccadilly,warrington,Tuesday,advance
1 days,london st pancras,birmingham new street,Tuesday,advance
1 days,manchester piccadilly,liverpool lime street,Tuesday,advance
0 days,london euston,birmingham new street,Monday,off-peak
0 days,london paddington,reading,Monday,off-peak
1 days,london kings cross,york,Tuesday,advance
0 days,manchester piccadilly,liverpool lime street,Monday,off-peak
0 days,london paddington,reading,Monday,off-peak
0 days,liverpool lime street,manchester piccadilly,Monday,off-peak
1 days,liverpool lime street,manchester piccadilly,Tuesday,advance
1 days,london st pancras,birmingham new street,Tuesday,advance
1 days,london st pancras,birmingham new street,Tuesday,advance
1 days,london st pancras,birmingham new street,Tuesday,advance
1 days,birmingham new street,nuneaton,Tuesday,advance
1 days,london kings cross,york,Tuesday,advance
1 days,london st pancras,birmingham new street,Tuesday,advance
1 days,london kings cross,york,Tuesday,advance
1 days,london st pancras,birmingham new street,Tuesday,advance
1 days,london st pancras,birmingham new street,Tuesday,advance
1 days,london kings cross,york,Tuesday,advance
1 days,liverpool lime street,manchester piccadilly,Tuesday,advance
0 days,london kings cross,york,Monday,off-peak
1 days,london kings cross,york,Tuesday,advance
1 days,london kings cross,york,Tuesday,advance
1 days,manchester piccadilly,liverpool lime street,Tuesday,advance
1 days,oxford,bristol temple meads,Tuesday,advance
1 days,london st pancras,birmingham new street,Tuesday,advance
1 days,manchester piccadilly,liverpool lime street,Tuesday,advance
1 days,manchester piccadilly,liverpool lime street,Tuesday,advance
1 days,birmingham new street,london st pancras,Tuesday,advance
1 days,birmingham new street,london st pancras,Tuesday,advance
1 days,london paddington,reading,Tuesday,advance
1 days,london euston,birmingham new street,Tuesday,advance
1 days,london euston,birmingham new street,Tuesday,advance
1 days,london euston,birmingham new street,Tuesday,advance
1 days,london kings cross,york,Tuesday,advance
1 days,london kings cross,york,Tuesday,advance
1 days,london euston,manchester piccadilly,Tuesday,advance
1 days,manchester piccadilly,london euston,Tuesday,advance
1 days,liverpool lime street,manchester piccadilly,Wednesday,advance
1 days,oxford,bristol temple meads,Wednesday,advance
0 days,liverpool lime street,manchester piccadilly,Tuesday,off-peak
0 days,liverpool lime street,leeds,Tuesday,off-peak
0 days,liverpool lime street,manchester piccadilly,Tuesday,off-peak
0 days,london euston,birmingham new street,Tuesday,off-peak
0 days,london kings cross,york,Tuesday,off-peak
1 days,london paddington,reading,Wednesday,advance
1 days,london euston,birmingham new street,Wednesday,advance
1 days,york,durham,Wednesday,advance
0 days,liverpool lime street,manchester piccadilly,Tuesday,off-peak
1 days,london st pancras,birmingham new street,Wednesday,advance
1 days,liverpool lime street,manchester piccadilly,Wednesday,advance
0 days,london paddington,reading,Tuesday,off-peak
0 days,manchester piccadilly,london euston,Tuesday,off-peak
0 days,york,birmingham new street,Tuesday,off-peak
0 days,london kings cross,york,Tuesday,off-peak
0 days,london kings cross,york,Tuesday,off-peak
0 days,london st pancras,birmingham new street,Tuesday,off-peak
0 days,london kings cross,york,Tuesday,off-peak
0 days,manchester piccadilly,liverpool lime street,Tuesday,off-peak
1 days,liverpool lime street,manchester piccadilly,Wednesday,advance
0 days,london paddington,liverpool lime street,Tuesday,off-peak
0 days,london euston,manchester piccadilly,Tuesday,off-peak
1 days,manchester piccadilly,nottingham,Wednesday,advance
1 days,london euston,birmingham new street,Wednesday,advance
1 days,london euston,birmingham new street,Wednesday,advance
1 days,london euston,birmingham new street,Wednesday,advance
0 days,manchester piccadilly,liverpool lime street,Tuesday,off-peak
1 days,liverpool lime street,manchester piccadilly,Wednesday,advance
0 days,liverpool lime street,manchester piccadilly,Tuesday,anytime
1 days,london kings cross,york,Wednesday,advance
0 days,london paddington,reading,Tuesday,anytime
0 days,london paddington,reading,Tuesday,anytime
0 days,london paddington,reading,Tuesday,anytime
0 days,birmingham new street,london kings cross,Tuesday,anytime
0 days,birmingham new street,london st pancras,Tuesday,anytime
0 days,london kings cross,york,Tuesday,anytime
0 days,london euston,birmingham new street,Tuesday,anytime
0 days,london euston,birmingham new street,Tuesday,anytime
0 days,york,doncaster,Tuesday,anytime
0 days,london st pancras,wolverhampton,Tuesday,anytime
1 days,london kings cross,york,Wednesday,advance
0 days,birmingham new street,london kings cross,Tuesday,anytime
0 days,london euston,manchester piccadilly,Tuesday,anytime
0 days,manchester piccadilly,liverpool lime street,Tuesday,anytime
0 days,london st pancras,birmingham new street,Tuesday,anytime
0 days,london paddington,reading,Tuesday,anytime
1 days,london paddington,reading,Wednesday,advance
0 days,london paddington,reading,Tuesday,anytime
0 days,manchester piccadilly,liverpool lime street,Tuesday,anytime
1 days,liverpool lime street,manchester piccadilly,Wednesday,advance
1 days,london kings cross,york,Wednesday,advance
1 days,manchester piccadilly,liverpool lime street,Wednesday,advance
1 days,london euston,birmingham new street,Wednesday,advance
0 days,london euston,birmingham new street,Tuesday,anytime
1 days,london euston,birmingham new street,Wednesday,advance
1 days,birmingham new street,london st pancras,Wednesday,advance
0 days,reading,swindon,Tuesday,anytime
0 days,london kings cross,york,Tuesday,anytime
0 days,london paddington,london waterloo,Tuesday,anytime
0 days,london st pancras,birmingham new street,Tuesday,anytime
0 days,london euston,manchester piccadilly,Tuesday,anytime
1 days,liverpool lime street,london euston,Wednesday,advance
0 days,reading,birmingham new street,Tuesday,anytime
0 days,liverpool lime street,london euston,Tuesday,anytime
1 days,london paddington,liverpool lime street,Wednesday,advance
0 days,liverpool lime street,london euston,Tuesday,anytime
0 days,york,leeds,Tuesday,anytime
1 days,london st pancras,birmingham new street,Wednesday,advance
0 days,london paddington,oxford,Tuesday,anytime
0 days,london paddington,oxford,Tuesday,anytime
0 days,london euston,birmingham new street,Tuesday,anytime
0 days,london paddington,oxford,Tuesday,anytime
0 days,london paddington,oxford,Tuesday,anytime
0 days,london paddington,oxford,Tuesday,anytime
0 days,london paddington,oxford,Tuesday,anytime
0 days,london paddington,reading,Tuesday,off-peak
0 days,manchester piccadilly,liverpool lime street,Tuesday,off-peak
1 days,reading,oxford,Wednesday,advance
1 days,london kings cross,york,Wednesday,advance
1 days,manchester piccadilly,liverpool lime street,Wednesday,advance
1 days,london kings cross,york,Wednesday,advance
1 days,manchester piccadilly,liverpool lime street,Wednesday,advance
1 days,london paddington,reading,Wednesday,advance
1 days,london kings cross,york,Wednesday,advance
1 days,london euston,manchester piccadilly,Wednesday,advance
1 days,london st pancras,wolverhampton,Wednesday,advance
1 days,york,doncaster,Wednesday,advance
1 days,york,doncaster,Wednesday,advance
1 days,liverpool lime street,manchester piccadilly,Wednesday,advance
1 days,liverpool lime street,manchester piccadilly,Wednesday,advance
1 days,london paddington,reading,Wednesday,advance
1 days,london paddington,reading,Wednesday,advance
1 days,london paddington,reading,Wednesday,advance
1 days,london paddington,reading,Wednesday,advance
1 days,london kings cross,york,Wednesday,advance
1 days,birmingham new street,london st pancras,Wednesday,advance
1 days,birmingham new street,london st pancras,Wednesday,advance
1 days,reading,swindon,Wednesday,advance
1 days,london paddington,manchester piccadilly,Wednesday,advance
1 days,liverpool lime street,manchester piccadilly,Wednesday,advance
1 days,london kings cross,york,Wednesday,advance
0 days,liverpool lime street,manchester piccadilly,Tuesday,off-peak
0 days,london st pancras,birmingham new street,Tuesday,off-peak
0 days,manchester piccadilly,liverpool lime street,Tuesday,off-peak
0 days,york,edinburgh,Tuesday,off-peak
1 days,liverpool lime street,london euston,Wednesday,advance
1 days,liverpool lime street,london euston,Wednesday,advance
1 days,london paddington,reading,Wednesday,advance
0 days,oxford,bristol temple meads,Tuesday,off-peak
1 days,liverpool lime street,london euston,Wednesday,advance
1 days,liverpool lime street,london euston,Wednesday,advance
1 days,london st pancras,birmingham new street,Wednesday,advance
1 days,manchester piccadilly,liverpool lime street,Wednesday,advance
0 days,london st pancras,birmingham new street,Tuesday,off-peak
1 days,manchester piccadilly,liverpool lime street,Wednesday,advance
1 days,manchester piccadilly,liverpool lime street,Wednesday,advance
1 days,manchester piccadilly,liverpool lime street,Wednesday,advance
1 days,london kings cross,york,Wednesday,advance
0 days,manchester piccadilly,liverpool lime street,Tuesday,off-peak
0 days,london paddington,reading,Tuesday,off-peak
0 days,london kings cross,york,Tuesday,off-peak
0 days,london st pancras,birmingham new street,Tuesday,off-peak
0 days,london kings cross,york,Tuesday,off-peak
1 days,birmingham new street,manchester piccadilly,Wednesday,advance
0 days,london euston,birmingham new street,Tuesday,off-peak
1 days,liverpool lime street,manchester piccadilly,Wednesday,advance
0 days,manchester piccadilly,liverpool lime street,Tuesday,off-peak
0 days,london st pancras,birmingham new street,Tuesday,off-peak
0 days,manchester piccadilly,liverpool lime street,Tuesday,off-peak
0 days,manchester piccadilly,liverpool lime street,Tuesday,off-peak
0 days,london kings cross,york,Tuesday,off-peak
0 days,manchester piccadilly,london paddington,Tuesday,off-peak
1 days,manchester piccadilly,liverpool lime street,Wednesday,advance
0 days,london paddington,reading,Tuesday,off-peak
1 days,manchester piccadilly,liverpool lime street,Wednesday,advance
1 days,london st pancras,birmingham new street,Wednesday,advance
0 days,london kings cross,york,Tuesday,off-peak
0 days,london st pancras,birmingham new street,Tuesday,off-peak
0 days,london paddington,reading,Tuesday,off-peak
1 days,liverpool lime street,manchester piccadilly,Wednesday,advance
0 days,london st pancras,birmingham new street,Tuesday,off-peak
1 days,liverpool lime street,manchester piccadilly,Wednesday,advance
0 days,liverpool lime street,manchester piccadilly,Tuesday,off-peak
1 days,london paddington,reading,Wednesday,advance
0 days,manchester piccadilly,liverpool lime street,Tuesday,anytime
0 days,london kings cross,york,Tuesday,anytime
0 days,london euston,birmingham new street,Tuesday,anytime
1 days,liverpool lime street,manchester piccadilly,Wednesday,advance
0 days,london kings cross,york,Tuesday,anytime
0 days,london euston,birmingham new street,Tuesday,anytime
0 days,london euston,birmingham new street,Tuesday,anytime
0 days,manchester piccadilly,liverpool lime street,Tuesday,anytime
0 days,london euston,birmingham new street,Tuesday,anytime
1 days,london st pancras,birmingham new street,Wednesday,advance
0 days,birmingham new street,manchester piccadilly,Tuesday,anytime
0 days,manchester piccadilly,liverpool lime street,Tuesday,anytime
0 days,london euston,birmingham new street,Tuesday,anytime
0 days,manchester piccadilly,liverpool lime street,Tuesday,anytime
1 days,london paddington,reading,Wednesday,advance
0 days,birmingham new street,london euston,Tuesday,off-peak
1 days,manchester piccadilly,liverpool lime street,Wednesday,advance
0 days,birmingham new street,stafford,Tuesday,anytime
0 days,london paddington,reading,Tuesday,anytime
1 days,manchester piccadilly,london paddington,Wednesday,advance
1 days,liverpool lime street,sheffield,Wednesday,advance
1 days,london paddington,liverpool lime street,Wednesday,advance
1 days,london paddington,reading,Wednesday,advance
0 days,manchester piccadilly,liverpool lime street,Tuesday,anytime
0 days,london kings cross,york,Tuesday,anytime
0 days,birmingham new street,london st pancras,Tuesday,anytime
1 days,london paddington,reading,Wednesday,advance
1 days,london euston,birmingham new street,Wednesday,advance
0 days,liverpool lime street,manchester piccadilly,Tuesday,anytime
0 days,london kings cross,york,Tuesday,anytime
1 days,london kings cross,york,Wednesday,advance
0 days,manchester piccadilly,liverpool lime street,Tuesday,anytime
0 days,liverpool lime street,london euston,Tuesday,anytime
0 days,manchester piccadilly,liverpool lime street,Tuesday,anytime
0 days,manchester piccadilly,liverpool lime street,Tuesday,anytime
0 days,london kings cross,york,Tuesday,anytime
1 days,manchester piccadilly,liverpool lime street,Wednesday,advance
1 days,london euston,birmingham new street,Wednesday,advance
1 days,manchester piccadilly,liverpool lime street,Wednesday,advance
1 days,london kings cross,york,Wednesday,advance
1 days,manchester piccadilly,liverpool lime street,Wednesday,advance
1 days,manchester piccadilly,liverpool lime street,Wednesday,advance
0 days,london paddington,reading,Tuesday,anytime
0 days,london st pancras,birmingham new street,Tuesday,anytime
1 days,london euston,birmingham new street,Wednesday,advance
0 days,london st pancras,birmingham new street,Tuesday,anytime
0 days,birmingham new street,tamworth,Tuesday,anytime
0 days,london euston,manchester piccadilly,Tuesday,anytime
0 days,london kings cross,york,Tuesday,anytime
0 days,london euston,manchester piccadilly,Tuesday,anytime
1 days,london kings cross,york,Wednesday,advance
1 days,london euston,birmingham new street,Wednesday,advance
0 days,birmingham new street,nuneaton,Tuesday,anytime
0 days,birmingham new street,tamworth,Tuesday,anytime
1 days,london euston,birmingham new street,Wednesday,advance
1 days,london euston,birmingham new street,Wednesday,advance
1 days,london euston,birmingham new street,Wednesday,advance
1 days,london kings cross,york,Wednesday,advance
1 days,london euston,birmingham new street,Wednesday,advance
1 days,london euston,birmingham new street,Wednesday,advance
1 days,london euston,birmingham new street,Wednesday,advance
1 days,london euston,birmingham new street,Wednesday,advance
1 days,london kings cross,york,Wednesday,advance
1 days,london kings cross,york,Wednesday,advance
1 days,york,peterborough,Wednesday,advance
1 days,manchester piccadilly,liverpool lime street,Wednesday,advance
1 days,london paddington,reading,Wednesday,advance
1 days,london euston,birmingham new street,Wednesday,advance
1 days,london kings cross,york,Wednesday,advance
1 days,london st pancras,leicester,Wednesday,advance
1 days,london paddington,reading,Wednesday,advance
1 days,manchester piccadilly,liverpool lime street,Wednesday,advance
1 days,liverpool lime street,leeds,Wednesday,advance
1 days,liverpool lime street,leeds,Wednesday,advance
0 days,london st pancras,leicester,Tuesday,anytime
0 days,manchester piccadilly,liverpool lime street,Tuesday,anytime
0 days,london paddington,reading,Tuesday,off-peak
1 days,liverpool lime street,london euston,Wednesday,advance
1 days,london st pancras,birmingham new street,Wednesday,advance
0 days,london paddington,reading,Tuesday,off-peak
0 days,manchester piccadilly,liverpool lime street,Tuesday,off-peak
1 days,manchester piccadilly,liverpool lime street,Wednesday,advance
1 days,london st pancras,birmingham new street,Wednesday,advance
1 days,reading,liverpool lime street,Wednesday,advance
1 days,birmingham new street,york,Wednesday,advance
1 days,liverpool lime street,manchester piccadilly,Wednesday,advance
1 days,london st pancras,birmingham new street,Wednesday,advance
1 days,birmingham new street,tamworth,Wednesday,advance
21 days,birmingham new street,nuneaton,Tuesday,advance
1 days,london st pancras,birmingham new street,Wednesday,advance
1 days,london kings cross,york,Wednesday,advance
1 days,london st pancras,birmingham new street,Wednesday,advance
1 days,london st pancras,birmingham new street,Wednesday,advance
1 days,london kings cross,york,Wednesday,advance
1 days,london st pancras,wolverhampton,Wednesday,advance
0 days,london st pancras,birmingham new street,Tuesday,off-peak
1 days,london st pancras,birmingham new street,Wednesday,advance
0 days,london euston,birmingham new street,Tuesday,off-peak
1 days,london kings cross,york,Wednesday,advance
1 days,manchester piccadilly,liverpool lime street,Wednesday,advance
1 days,london paddington,reading,Wednesday,advance
1 days,london st pancras,birmingham new street,Wednesday,advance
1 days,manchester piccadilly,liverpool lime street,Wednesday,advance
1 days,birmingham new street,liverpool lime street,Wednesday,advance
1 days,liverpool lime street,manchester piccadilly,Wednesday,advance
1 days,london kings cross,york,Wednesday,advance
1 days,london kings cross,york,Wednesday,advance
1 days,london kings cross,york,Wednesday,advance
1 days,london euston,birmingham new street,Wednesday,advance
1 days,london paddington,reading,Wednesday,advance
0 days,manchester piccadilly,leeds,Wednesday,off-peak
0 days,london st pancras,birmingham new street,Wednesday,off-peak
0 days,liverpool lime street,manchester piccadilly,Wednesday,off-peak
0 days,york,durham,Wednesday,off-peak
0 days,london st pancras,birmingham new street,Wednesday,off-peak
0 days,london paddington,reading,Wednesday,off-peak
0 days,manchester piccadilly,nottingham,Wednesday,off-peak
0 days,liverpool lime street,manchester piccadilly,Wednesday,off-peak
0 days,liverpool lime street,manchester piccadilly,Wednesday,off-peak
0 days,london paddington,reading,Wednesday,off-peak
1 days,london paddington,reading,Thursday,advance
1 days,liverpool lime street,manchester piccadilly,Thursday,advance
0 days,london euston,birmingham new street,Wednesday,off-peak
1 days,london euston,birmingham new street,Thursday,advance
1 days,birmingham new street,london euston,Thursday,advance
1 days,birmingham new street,london euston,Thursday,advance
1 days,reading,london paddington,Thursday,advance
0 days,london paddington,reading,Wednesday,off-peak
1 days,york,durham,Thursday,advance
0 days,liverpool lime street,manchester piccadilly,Wednesday,off-peak
1 days,liverpool lime street,manchester piccadilly,Thursday,advance
1 days,liverpool lime street,manchester piccadilly,Thursday,advance
1 days,liverpool lime street,manchester piccadilly,Thursday,advance
1 days,london kings cross,york,Thursday,advance
1 days,liverpool lime street,manchester piccadilly,Thursday,advance
1 days,liverpool lime street,manchester piccadilly,Thursday,advance
0 days,london euston,birmingham new street,Wednesday,off-peak
0 days,london euston,birmingham new street,Wednesday,off-peak
1 days,liverpool lime street,manchester piccadilly,Thursday,advance
0 days,london kings cross,york,Wednesday,off-peak
0 days,london euston,birmingham new street,Wednesday,off-peak
0 days,london euston,birmingham new street,Wednesday,off-peak
0 days,london st pancras,birmingham new street,Wednesday,off-peak
1 days,liverpool lime street,manchester piccadilly,Thursday,advance
0 days,london kings cross,york,Wednesday,off-peak
1 days,liverpool lime street,manchester piccadilly,Thursday,advance
0 days,london kings cross,york,Wednesday,off-peak
1 days,manchester piccadilly,nottingham,Thursday,advance
1 days,london euston,birmingham new street,Thursday,advance
0 days,london st pancras,birmingham new street,Wednesday,off-peak
0 days,liverpool lime street,london euston,Wednesday,off-peak
0 days,liverpool lime street,manchester piccadilly,Wednesday,off-peak
0 days,london kings cross,liverpool lime street,Wednesday,off-peak
1 days,liverpool lime street,manchester piccadilly,Thursday,advance
1 days,liverpool lime street,manchester piccadilly,Thursday,advance
1 days,london paddington,reading,Thursday,advance
0 days,manchester piccadilly,liverpool lime street,Wednesday,anytime
0 days,manchester piccadilly,liverpool lime street,Wednesday,anytime
1 days,london paddington,reading,Thursday,advance
0 days,london paddington,reading,Wednesday,anytime
0 days,london paddington,reading,Wednesday,anytime
0 days,london kings cross,york,Wednesday,anytime
0 days,london kings cross,york,Wednesday,anytime
0 days,birmingham new street,london st pancras,Wednesday,anytime
0 days,birmingham new street,london st pancras,Wednesday,anytime
0 days,birmingham new street,london st pancras,Wednesday,anytime
0 days,london euston,manchester piccadilly,Wednesday,anytime
0 days,birmingham new street,stafford,Wednesday,anytime
0 days,london kings cross,york,Wednesday,anytime
1 days,manchester piccadilly,liverpool lime street,Thursday,advance
0 days,london kings cross,york,Wednesday,anytime
1 days,london paddington,reading,Thursday,advance
0 days,liverpool lime street,manchester piccadilly,Wednesday,anytime
1 days,london st pancras,birmingham new street,Thursday,advance
0 days,york,wakefield,Wednesday,anytime
0 days,london kings cross,york,Wednesday,anytime
0 days,manchester piccadilly,liverpool lime street,Wednesday,anytime
0 days,london euston,manchester piccadilly,Wednesday,anytime
0 days,reading,birmingham new street,Wednesday,anytime
1 days,liverpool lime street,london euston,Thursday,advance
0 days,liverpool lime street,london euston,Wednesday,anytime
0 days,liverpool lime street,london euston,Wednesday,anytime
0 days,london euston,manchester piccadilly,Wednesday,anytime
0 days,liverpool lime street,london euston,Wednesday,anytime
0 days,liverpool lime street,london euston,Wednesday,anytime
0 days,london euston,manchester piccadilly,Wednesday,anytime
0 days,london euston,birmingham new street,Wednesday,anytime
0 days,london euston,birmingham new street,Wednesday,anytime
0 days,london paddington,oxford,Wednesday,anytime
0 days,london paddington,reading,Wednesday,anytime
0 days,london paddington,reading,Wednesday,anytime
0 days,london st pancras,birmingham new street,Wednesday,anytime
0 days,london paddington,oxford,Wednesday,anytime
0 days,london paddington,reading,Wednesday,off-peak
0 days,london kings cross,edinburgh waverley,Wednesday,anytime
0 days,manchester piccadilly,liverpool lime street,Wednesday,off-peak
19 days,london paddington,reading,Monday,advance
1 days,manchester piccadilly,liverpool lime street,Thursday,advance
0 days,london st pancras,birmingham new street,Wednesday,off-peak
1 days,manchester piccadilly,liverpool lime street,Thursday,advance
0 days,london kings cross,edinburgh waverley,Wednesday,anytime
1 days,london paddington,reading,Thursday,advance
0 days,london st pancras,birmingham new street,Wednesday,off-peak
1 days,manchester piccadilly,liverpool lime street,Thursday,advance
1 days,london euston,birmingham new street,Thursday,advance
1 days,london kings cross,york,Thursday,advance
1 days,london euston,birmingham new street,Thursday,advance
1 days,liverpool lime street,manchester piccadilly,Thursday,advance
1 days,london kings cross,york,Thursday,advance
1 days,london paddington,reading,Thursday,advance
1 days,london kings cross,york,Thursday,advance
1 days,york,wakefield,Thursday,advance
1 days,london kings cross,york,Thursday,advance
1 days,london kings cross,york,Thursday,advance
1 days,reading,swindon,Thursday,advance
1 days,york,peterborough,Thursday,advance
1 days,london kings cross,york,Thursday,advance
1 days,reading,swindon,Thursday,advance
1 days,york,peterborough,Thursday,advance
1 days,manchester piccadilly,london paddington,Thursday,advance
0 days,london euston,birmingham new street,Wednesday,off-peak
1 days,london st pancras,birmingham new street,Thursday,advance
1 days,london st pancras,birmingham new street,Thursday,advance
1 days,london paddington,reading,Thursday,advance
1 days,liverpool lime street,london euston,Thursday,advance
1 days,london euston,manchester piccadilly,Thursday,advance
1 days,liverpool lime street,london euston,Thursday,advance
0 days,london kings cross,york,Wednesday,off-peak
1 days,london st pancras,birmingham new street,Thursday,advance
1 days,liverpool lime street,london euston,Thursday,advance
1 days,london euston,birmingham new street,Thursday,advance
1 days,manchester piccadilly,liverpool lime street,Thursday,advance
0 days,london euston,birmingham new street,Wednesday,off-peak
1 days,liverpool lime street,london st pancras,Thursday,advance
0 days,london euston,birmingham new street,Wednesday,off-peak
1 days,liverpool lime street,manchester piccadilly,Thursday,advance
1 days,liverpool lime street,manchester piccadilly,Thursday,advance
0 days,reading,london paddington,Wednesday,off-peak
0 days,london paddington,reading,Wednesday,off-peak
1 days,manchester piccadilly,leeds,Thursday,advance
1 days,manchester piccadilly,liverpool lime street,Thursday,advance
1 days,manchester piccadilly,leeds,Thursday,advance
0 days,birmingham new street,manchester piccadilly,Wednesday,off-peak
1 days,london euston,birmingham new street,Thursday,advance
0 days,london paddington,reading,Wednesday,off-peak
0 days,liverpool lime street,manchester piccadilly,Wednesday,off-peak
1 days,london euston,birmingham new street,Thursday,advance
0 days,london euston,birmingham new street,Wednesday,off-peak
1 days,london st pancras,birmingham new street,Thursday,advance
0 days,manchester piccadilly,liverpool lime street,Wednesday,off-peak
1 days,london kings cross,york,Thursday,advance
1 days,birmingham new street,manchester piccadilly,Thursday,advance
0 days,birmingham new street,london st pancras,Wednesday,off-peak
0 days,manchester piccadilly,liverpool lime street,Wednesday,off-peak
0 days,manchester piccadilly,liverpool lime street,Wednesday,off-peak
0 days,london euston,birmingham new street,Wednesday,off-peak
1 days,birmingham new street,manchester piccadilly,Thursday,advance
1 days,birmingham new street,manchester piccadilly,Thursday,advance
0 days,london paddington,reading,Wednesday,off-peak
1 days,birmingham new street,manchester piccadilly,Thursday,advance
1 days,london kings cross,york,Thursday,advance
0 days,london paddington,reading,Wednesday,off-peak
0 days,london paddington,reading,Wednesday,off-peak
0 days,london st pancras,birmingham new street,Wednesday,off-peak
1 days,london st pancras,birmingham new street,Thursday,advance
0 days,liverpool lime street,manchester piccadilly,Wednesday,off-peak
1 days,london st pancras,birmingham new street,Thursday,advance
0 days,birmingham new street,reading,Wednesday,off-peak
1 days,london kings cross,york,Thursday,advance
1 days,london st pancras,birmingham new street,Thursday,advance
0 days,london paddington,reading,Wednesday,off-peak
0 days,london kings cross,york,Wednesday,off-peak
0 days,manchester piccadilly,liverpool lime street,Wednesday,off-peak
1 days,london kings cross,york,Thursday,advance
1 days,manchester piccadilly,liverpool lime street,Thursday,advance
0 days,manchester piccadilly,liverpool lime street,Wednesday,anytime
0 days,york,peterborough,Wednesday,anytime
0 days,london euston,birmingham new street,Wednesday,anytime
0 days,birmingham new street,manchester piccadilly,Wednesday,anytime
1 days,london st pancras,birmingham new street,Thursday,advance
0 days,london paddington,reading,Wednesday,anytime
1 days,manchester piccadilly,liverpool lime street,Thursday,advance
0 days,edinburgh waverley,london kings cross,Wednesday,off-peak
1 days,manchester piccadilly,liverpool lime street,Thursday,advance
0 days,london kings cross,york,Wednesday,anytime
0 days,reading,swindon,Wednesday,anytime
0 days,london kings cross,york,Wednesday,anytime
0 days,birmingham new street,stafford,Wednesday,anytime
1 days,liverpool lime street,manchester piccadilly,Thursday,advance
0 days,reading,swindon,Wednesday,anytime
0 days,london kings cross,york,Wednesday,anytime
1 days,london kings cross,york,Thursday,advance
0 days,liverpool lime street,london euston,Wednesday,anytime
1 days,london paddington,reading,Thursday,advance
0 days,london euston,birmingham new street,Wednesday,anytime
1 days,oxford,bristol temple meads,Thursday,advance
1 days,liverpool lime street,manchester piccadilly,Thursday,advance
0 days,london euston,birmingham new street,Wednesday,anytime
1 days,manchester piccadilly,liverpool lime street,Thursday,advance
1 days,liverpool lime street,london euston,Thursday,advance
0 days,manchester piccadilly,warrington,Wednesday,anytime
1 days,edinburgh waverley,london kings cross,Thursday,advance
0 days,manchester piccadilly,liverpool lime street,Wednesday,anytime
1 days,london st pancras,birmingham new street,Thursday,advance
0 days,manchester piccadilly,liverpool lime street,Wednesday,anytime
1 days,manchester piccadilly,liverpool lime street,Thursday,advance
1 days,edinburgh waverley,london kings cross,Thursday,advance
0 days,liverpool lime street,london euston,Wednesday,anytime
0 days,london euston,birmingham new street,Wednesday,anytime
1 days,manchester piccadilly,london euston,Thursday,advance
1 days,london paddington,reading,Thursday,advance
1 days,london paddington,reading,Thursday,advance
1 days,london paddington,reading,Thursday,advance
1 days,london paddington,reading,Thursday,advance
0 days,liverpool lime street,manchester piccadilly,Wednesday,anytime
0 days,london paddington,reading,Wednesday,anytime
1 days,london euston,birmingham new street,Thursday,advance
0 days,reading,birmingham new street,Wednesday,anytime
0 days,liverpool lime street,crewe,Wednesday,anytime
0 days,birmingham new street,tamworth,Wednesday,anytime
0 days,london st pancras,birmingham new street,Wednesday,anytime
0 days,london st pancras,birmingham new street,Wednesday,anytime
0 days,birmingham new street,nuneaton,Wednesday,anytime
0 days,london paddington,reading,Wednesday,anytime
0 days,london st pancras,birmingham new street,Wednesday,anytime
0 days,london st pancras,birmingham new street,Wednesday,anytime
0 days,birmingham new street,tamworth,Wednesday,anytime
0 days,london paddington,reading,Wednesday,anytime
0 days,london st pancras,birmingham new street,Wednesday,anytime
1 days,london euston,birmingham new street,Thursday,advance
1 days,london euston,birmingham new street,Thursday,advance
1 days,london euston,birmingham new street,Thursday,advance
1 days,manchester piccadilly,liverpool lime street,Thursday,advance
0 days,manchester piccadilly,liverpool lime street,Wednesday,off-peak
1 days,london st pancras,leicester,Thursday,advance
1 days,birmingham new street,manchester piccadilly,Thursday,advance
0 days,manchester piccadilly,liverpool lime street,Wednesday,off-peak
0 days,manchester piccadilly,liverpool lime street,Wednesday,off-peak
1 days,london euston,birmingham new street,Thursday,advance
1 days,london euston,birmingham new street,Thursday,advance
1 days,manchester piccadilly,london euston,Thursday,advance
0 days,manchester piccadilly,liverpool lime street,Wednesday,anytime
1 days,liverpool lime street,london euston,Thursday,advance
1 days,liverpool lime street,london euston,Thursday,advance
1 days,london paddington,reading,Thursday,advance
0 days,london paddington,reading,Wednesday,off-peak
1 days,london kings cross,york,Thursday,advance
1 days,london euston,birmingham new street,Thursday,advance
0 days,liverpool lime street,manchester piccadilly,Wednesday,off-peak
1 days,liverpool lime street,manchester piccadilly,Thursday,advance
0 days,liverpool lime street,manchester piccadilly,Wednesday,off-peak
1 days,london st pancras,birmingham new street,Thursday,advance
1 days,manchester piccadilly,liverpool lime street,Thursday,advance
1 days,manchester piccadilly,liverpool lime street,Thursday,advance
1 days,manchester piccadilly,liverpool lime street,Thursday,advance
1 days,london euston,manchester piccadilly,Thursday,advance
1 days,manchester piccadilly,liverpool lime street,Thursday,advance
1 days,manchester piccadilly,liverpool lime street,Thursday,advance
1 days,london euston,birmingham new street,Thursday,advance
0 days,london st pancras,birmingham new street,Wednesday,off-peak
1 days,london st pancras,birmingham new street,Thursday,advance
0 days,london paddington,reading,Wednesday,off-peak
1 days,birmingham new street,york,Thursday,advance
0 days,london paddington,reading,Wednesday,off-peak
1 days,birmingham new street,liverpool lime street,Thursday,advance
0 days,london kings cross,york,Wednesday,off-peak
1 days,liverpool lime street,manchester piccadilly,Thursday,advance
1 days,liverpool lime street,crewe,Thursday,advance
1 days,manchester piccadilly,liverpool lime street,Thursday,advance
1 days,london st pancras,birmingham new street,Thursday,advance
1 days,liverpool lime street,crewe,Thursday,advance
1 days,manchester piccadilly,liverpool lime street,Thursday,advance
1 days,london st pancras,birmingham new street,Thursday,advance
1 days,reading,swindon,Thursday,advance
1 days,birmingham new street,coventry,Thursday,advance
1 days,london paddington,reading,Thursday,advance
1 days,london paddington,reading,Thursday,advance
1 days,birmingham new street,tamworth,Thursday,advance
1 days,london kings cross,york,Thursday,advance
1 days,birmingham new street,tamworth,Thursday,advance
1 days,london kings cross,york,Thursday,advance
1 days,manchester piccadilly,liverpool lime street,Thursday,advance
1 days,birmingham new street,edinburgh,Thursday,advance
1 days,london paddington,reading,Thursday,advance
1 days,reading,oxford,Thursday,advance
1 days,london euston,birmingham new street,Thursday,advance
1 days,london euston,birmingham new street,Thursday,advance
1 days,london st pancras,birmingham new street,Thursday,advance
1 days,liverpool lime street,manchester piccadilly,Thursday,advance
1 days,london kings cross,york,Thursday,advance
1 days,london euston,birmingham new street,Thursday,advance
1 days,london paddington,reading,Thursday,advance
1 days,london euston,birmingham new street,Thursday,advance
0 days,liverpool lime street,leeds,Thursday,off-peak
0 days,london st pancras,birmingham new street,Thursday,off-peak
0 days,london kings cross,liverpool lime street,Thursday,off-peak
0 days,london kings cross,york,Thursday,off-peak
1 days,london paddington,reading,Friday,advance
0 days,london kings cross,york,Thursday,off-peak
1 days,london paddington,reading,Friday,advance
0 days,liverpool lime street,manchester piccadilly,Thursday,off-peak
0 days,london st pancras,birmingham new street,Thursday,off-peak
1 days,reading,london paddington,Friday,advance
0 days,london euston,birmingham new street,Thursday,off-peak
0 days,york,durham,Thursday,off-peak
0 days,london kings cross,york,Thursday,off-peak
1 days,york,durham,Friday,advance
1 days,reading,london paddington,Friday,advance
1 days,london paddington,reading,Friday,advance
0 days,york,durham,Thursday,off-peak
1 days,liverpool lime street,manchester piccadilly,Friday,advance
1 days,london st pancras,birmingham new street,Friday,advance
1 days,liverpool lime street,manchester piccadilly,Friday,advance
1 days,london kings cross,york,Friday,advance
0 days,manchester piccadilly,liverpool lime street,Thursday,off-peak
1 days,liverpool lime street,manchester piccadilly,Friday,advance
0 days,liverpool lime street,manchester piccadilly,Thursday,off-peak
0 days,liverpool lime street,manchester piccadilly,Thursday,off-peak
0 days,manchester piccadilly,liverpool lime street,Thursday,off-peak
0 days,london st pancras,birmingham new street,Thursday,off-peak
1 days,york,durham,Friday,advance
1 days,london paddington,reading,Friday,advance
0 days,manchester piccadilly,sheffield,Thursday,off-peak
0 days,london kings cross,york,Thursday,off-peak
1 days,liverpool lime street,manchester piccadilly,Friday,advance
0 days,liverpool lime street,manchester piccadilly,Thursday,off-peak
0 days,london kings cross,york,Thursday,off-peak
0 days,manchester piccadilly,london euston,Thursday,off-peak
0 days,london euston,birmingham new street,Thursday,off-peak
1 days,london kings cross,york,Friday,advance
0 days,manchester piccadilly,liverpool lime street,Thursday,off-peak
0 days,manchester piccadilly,liverpool lime street,Thursday,off-peak
1 days,london kings cross,york,Friday,advance
0 days,london kings cross,york,Thursday,anytime
0 days,manchester piccadilly,liverpool lime street,Thursday,anytime
0 days,manchester piccadilly,liverpool lime street,Thursday,anytime
0 days,manchester piccadilly,liverpool lime street,Thursday,anytime
0 days,london kings cross,york,Thursday,anytime
0 days,london euston,manchester piccadilly,Thursday,anytime
0 days,birmingham new street,london st pancras,Thursday,anytime
0 days,birmingham new street,london st pancras,Thursday,anytime
0 days,london kings cross,york,Thursday,anytime
0 days,birmingham new street,london st pancras,Thursday,anytime
0 days,london st pancras,birmingham new street,Thursday,anytime
0 days,liverpool lime street,manchester piccadilly,Thursday,anytime
0 days,birmingham new street,london st pancras,Thursday,anytime
0 days,manchester piccadilly,liverpool lime street,Thursday,anytime
1 days,london kings cross,york,Friday,advance
1 days,manchester piccadilly,liverpool lime street,Friday,advance
1 days,london euston,birmingham new street,Friday,advance
1 days,london euston,birmingham new street,Friday,advance
1 days,london st pancras,birmingham new street,Friday,advance
0 days,york,peterborough,Thursday,anytime
1 days,london st pancras,birmingham new street,Friday,advance
1 days,liverpool lime street,manchester piccadilly,Friday,advance
0 days,london kings cross,york,Thursday,anytime
0 days,london euston,birmingham new street,Thursday,anytime
0 days,liverpool lime street,london euston,Thursday,anytime
0 days,london euston,manchester piccadilly,Thursday,anytime
0 days,liverpool lime street,london euston,Thursday,anytime
0 days,liverpool lime street,london euston,Thursday,anytime
0 days,london kings cross,york,Thursday,anytime
0 days,london euston,birmingham new street,Thursday,anytime
0 days,london euston,birmingham new street,Thursday,anytime
0 days,manchester piccadilly,leeds,Thursday,anytime
0 days,london kings cross,york,Thursday,anytime
0 days,london paddington,oxford,Thursday,anytime
0 days,manchester piccadilly,liverpool lime street,Thursday,anytime
0 days,london paddington,reading,Thursday,anytime
0 days,london paddington,reading,Thursday,anytime
0 days,london paddington,reading,Thursday,anytime
0 days,london paddington,oxford,Thursday,anytime
1 days,liverpool lime street,manchester piccadilly,Friday,advance
0 days,london paddington,reading,Thursday,anytime
0 days,london paddington,oxford,Thursday,anytime
0 days,manchester piccadilly,liverpool lime street,Thursday,anytime
0 days,london euston,birmingham new street,Thursday,off-peak
0 days,london kings cross,edinburgh waverley,Thursday,anytime
1 days,london paddington,reading,Friday,advance
1 days,london kings cross,york,Friday,advance
1 days,manchester piccadilly,liverpool lime street,Friday,advance
1 days,manchester piccadilly,liverpool lime street,Friday,advance
1 days,london paddington,reading,Friday,advance
0 days,liverpool lime street,manchester piccadilly,Thursday,off-peak
0 days,manchester piccadilly,liverpool lime street,Thursday,off-peak
18 days,london st pancras,birmingham new street,Monday,advance
1 days,york,doncaster,Friday,advance
0 days,london euston,birmingham new street,Thursday,off-peak
1 days,london kings cross,york,Friday,advance
1 days,london paddington,oxford,Friday,advance
1 days,london paddington,reading,Friday,advance
1 days,london paddington,oxford,Friday,advance
1 days,london paddington,reading,Friday,advance
1 days,london paddington,oxford,Friday,advance
1 days,london paddington,oxford,Friday,advance
1 days,london paddington,reading,Friday,advance
1 days,london paddington,reading,Friday,advance
1 days,london st pancras,birmingham new street,Friday,advance
1 days,liverpool lime street,manchester piccadilly,Friday,advance
1 days,london euston,birmingham new street,Friday,advance
1 days,london kings cross,york,Friday,advance
0 days,london euston,birmingham new street,Thursday,off-peak
1 days,york,peterborough,Friday,advance
1 days,york,peterborough,Friday,advance
1 days,manchester piccadilly,liverpool lime street,Friday,advance
1 days,liverpool lime street,london euston,Friday,advance
1 days,liverpool lime street,london euston,Friday,advance
1 days,liverpool lime street,london euston,Friday,advance
1 days,london euston,manchester piccadilly,Friday,advance
1 days,london kings cross,york,Friday,advance
1 days,reading,oxford,Friday,advance
1 days,york,liverpool lime street,Friday,advance
0 days,manchester piccadilly,liverpool lime street,Thursday,off-peak
1 days,london paddington,reading,Friday,advance
0 days,manchester piccadilly,liverpool lime street,Thursday,off-peak
1 days,london st pancras,birmingham new street,Friday,advance
1 days,london paddington,reading,Friday,advance
1 days,london paddington,reading,Friday,advance
0 days,liverpool lime street,manchester piccadilly,Thursday,off-peak
0 days,manchester piccadilly,leeds,Thursday,off-peak
0 days,birmingham new street,manchester piccadilly,Thursday,off-peak
0 days,birmingham new street,manchester piccadilly,Thursday,off-peak
1 days,manchester piccadilly,liverpool lime street,Friday,advance
0 days,london paddington,reading,Thursday,off-peak
0 days,liverpool lime street,manchester piccadilly,Thursday,off-peak
0 days,liverpool lime street,manchester piccadilly,Thursday,off-peak
1 days,liverpool lime street,manchester piccadilly,Friday,advance
1 days,liverpool lime street,manchester piccadilly,Friday,advance
0 days,manchester piccadilly,liverpool lime street,Thursday,off-peak
0 days,london paddington,reading,Thursday,off-peak
0 days,london paddington,reading,Thursday,off-peak
1 days,liverpool lime street,manchester piccadilly,Friday,advance
1 days,london euston,birmingham new street,Friday,advance
1 days,london euston,birmingham new street,Friday,advance
1 days,manchester piccadilly,liverpool lime street,Friday,advance
1 days,york,edinburgh,Friday,advance
1 days,york,edinburgh,Friday,advance
0 days,london kings cross,york,Thursday,off-peak
1 days,london st pancras,birmingham new street,Friday,advance
1 days,liverpool lime street,manchester piccadilly,Friday,advance
1 days,london st pancras,birmingham new street,Friday,advance
0 days,manchester piccadilly,liverpool lime street,Thursday,off-peak
1 days,london euston,birmingham new street,Friday,advance
0 days,london kings cross,york,Thursday,off-peak
1 days,london paddington,reading,Friday,advance
1 days,london st pancras,birmingham new street,Friday,advance
0 days,manchester piccadilly,liverpool lime street,Thursday,off-peak
0 days,london paddington,reading,Thursday,off-peak
1 days,manchester piccadilly,liverpool lime street,Friday,advance
1 days,liverpool lime street,manchester piccadilly,Friday,advance
0 days,reading,london paddington,Thursday,off-peak
0 days,london paddington,reading,Thursday,off-peak
0 days,london euston,birmingham new street,Thursday,off-peak
0 days,london euston,birmingham new street,Thursday,off-peak
1 days,london kings cross,york,Friday,advance
0 days,manchester piccadilly,liverpool lime street,Thursday,anytime
1 days,london kings cross,york,Friday,advance
0 days,london euston,birmingham new street,Thursday,anytime
1 days,manchester piccadilly,liverpool lime street,Friday,advance
0 days,manchester piccadilly,liverpool lime street,Thursday,anytime
1 days,manchester piccadilly,liverpool lime street,Friday,advance
0 days,london kings cross,york,Thursday,anytime
1 days,london st pancras,birmingham new street,Friday,advance
1 days,london st pancras,birmingham new street,Friday,advance
1 days,manchester piccadilly,liverpool lime street,Friday,advance
0 days,manchester piccadilly,london kings cross,Thursday,anytime
0 days,london paddington,reading,Thursday,anytime
0 days,london kings cross,york,Thursday,anytime
0 days,london kings cross,york,Thursday,anytime
0 days,london kings cross,york,Thursday,anytime
0 days,birmingham new street,stafford,Thursday,anytime
1 days,liverpool lime street,sheffield,Friday,advance
1 days,london paddington,reading,Friday,advance
1 days,london paddington,reading,Friday,advance
0 days,london kings cross,york,Thursday,anytime
0 days,liverpool lime street,manchester piccadilly,Thursday,anytime
1 days,london euston,birmingham new street,Friday,advance
0 days,liverpool lime street,manchester piccadilly,Thursday,anytime
0 days,manchester piccadilly,liverpool lime street,Thursday,anytime
0 days,manchester piccadilly,liverpool lime street,Thursday,anytime
0 days,manchester piccadilly,liverpool lime street,Thursday,anytime
0 days,manchester piccadilly,liverpool lime street,Thursday,anytime
0 days,london euston,birmingham new street,Thursday,anytime
0 days,london st pancras,birmingham new street,Thursday,anytime
1 days,london kings cross,york,Friday,advance
0 days,london st pancras,birmingham new street,Thursday,anytime
0 days,london paddington,reading,Thursday,anytime
0 days,london euston,manchester piccadilly,Thursday,anytime
0 days,london st pancras,birmingham new street,Thursday,anytime
1 days,london euston,birmingham new street,Friday,advance
0 days,manchester piccadilly,london euston,Thursday,anytime
0 days,birmingham new street,york,Thursday,anytime
0 days,liverpool lime street,london euston,Thursday,anytime
0 days,liverpool lime street,manchester piccadilly,Thursday,anytime
1 days,london euston,birmingham new street,Friday,advance
1 days,london euston,birmingham new street,Friday,advance
0 days,london st pancras,birmingham new street,Thursday,anytime
1 days,london kings cross,york,Friday,advance
0 days,london paddington,reading,Thursday,anytime
0 days,london st pancras,birmingham new street,Thursday,anytime
1 days,london euston,birmingham new street,Friday,advance
0 days,liverpool lime street,crewe,Thursday,anytime
0 days,london st pancras,birmingham new street,Thursday,anytime
1 days,london euston,birmingham new street,Friday,advance
1 days,london euston,birmingham new street,Friday,advance
1 days,london paddington,reading,Friday,advance
1 days,london kings cross,york,Friday,advance
1 days,london euston,birmingham new street,Friday,advance
0 days,london st pancras,birmingham new street,Thursday,off-peak
1 days,manchester piccadilly,liverpool lime street,Friday,advance
1 days,london kings cross,york,Friday,advance
1 days,manchester piccadilly,liverpool lime street,Friday,advance
1 days,london kings cross,york,Friday,advance
1 days,manchester piccadilly,liverpool lime street,Friday,advance
1 days,liverpool lime street,london euston,Friday,advance
0 days,london st pancras,leicester,Thursday,anytime
0 days,liverpool lime street,manchester piccadilly,Thursday,off-peak
1 days,london kings cross,york,Friday,advance
1 days,birmingham new street,london euston,Friday,advance
0 days,london st pancras,birmingham new street,Thursday,off-peak
0 days,liverpool lime street,manchester piccadilly,Thursday,off-peak
0 days,liverpool lime street,manchester piccadilly,Thursday,off-peak
0 days,liverpool lime street,manchester piccadilly,Thursday,off-peak
1 days,manchester piccadilly,liverpool lime street,Friday,advance
1 days,london euston,birmingham new street,Friday,advance
1 days,london euston,manchester piccadilly,Friday,advance
0 days,london euston,birmingham new street,Thursday,off-peak
0 days,london euston,birmingham new street,Thursday,off-peak
0 days,london euston,birmingham new street,Thursday,off-peak
1 days,london st pancras,birmingham new street,Friday,advance
0 days,liverpool lime street,manchester piccadilly,Thursday,off-peak
0 days,london paddington,reading,Thursday,off-peak
1 days,manchester piccadilly,liverpool lime street,Friday,advance
1 days,london kings cross,york,Friday,advance
1 days,birmingham new street,nuneaton,Friday,advance
1 days,london st pancras,birmingham new street,Friday,advance
1 days,birmingham new street,nuneaton,Friday,advance
1 days,birmingham new street,tamworth,Friday,advance
1 days,birmingham new street,stafford,Friday,advance
1 days,manchester piccadilly,liverpool lime street,Friday,advance
0 days,london euston,birmingham new street,Thursday,off-peak
0 days,london kings cross,york,Thursday,off-peak
0 days,london kings cross,york,Thursday,off-peak
0 days,london kings cross,york,Thursday,off-peak
1 days,london euston,birmingham new street,Friday,advance
1 days,birmingham new street,edinburgh,Friday,advance
1 days,manchester piccadilly,liverpool lime street,Friday,advance
1 days,london st pancras,birmingham new street,Friday,advance
1 days,london euston,birmingham new street,Friday,advance
1 days,liverpool lime street,manchester piccadilly,Friday,advance
1 days,manchester piccadilly,leeds,Friday,advance
1 days,london euston,manchester piccadilly,Friday,advance
1 days,london st pancras,birmingham new street,Saturday,advance
1 days,manchester piccadilly,london euston,Saturday,advance
0 days,york,durham,Friday,off-peak
0 days,oxford,bristol temple meads,Friday,off-peak
0 days,manchester piccadilly,nottingham,Friday,off-peak
0 days,liverpool lime street,manchester piccadilly,Friday,off-peak
0 days,manchester piccadilly,london paddington,Friday,off-peak
0 days,london euston,birmingham new street,Friday,off-peak
1 days,liverpool lime street,manchester piccadilly,Saturday,advance
0 days,london paddington,reading,Friday,off-peak
0 days,reading,london paddington,Friday,off-peak
0 days,london kings cross,york,Friday,off-peak
1 days,london paddington,reading,Saturday,advance
0 days,manchester piccadilly,london paddington,Friday,off-peak
1 days,york,durham,Saturday,advance
1 days,london paddington,reading,Saturday,advance
1 days,york,durham,Saturday,advance
1 days,london st pancras,birmingham new street,Saturday,advance
1 days,manchester piccadilly,liverpool lime street,Saturday,advance
1 days,manchester piccadilly,liverpool lime street,Saturday,advance
0 days,london paddington,reading,Friday,off-peak
0 days,liverpool lime street,manchester piccadilly,Friday,off-peak
1 days,liverpool lime street,manchester piccadilly,Saturday,advance
0 days,london paddington,reading,Friday,off-peak
0 days,birmingham new street,london st pancras,Friday,off-peak
0 days,london st pancras,birmingham new street,Friday,off-peak
1 days,york,durham,Saturday,advance
1 days,oxford,bristol temple meads,Saturday,advance
1 days,london st pancras,birmingham new street,Saturday,advance
1 days,liverpool lime street,manchester piccadilly,Saturday,advance
0 days,manchester piccadilly,liverpool lime street,Friday,off-peak
1 days,manchester piccadilly,nottingham,Saturday,advance
0 days,london paddington,liverpool lime street,Friday,off-peak
1 days,london euston,birmingham new street,Saturday,advance
0 days,london euston,birmingham new street,Friday,off-peak
1 days,london euston,birmingham new street,Saturday,advance
0 days,manchester piccadilly,liverpool lime street,Friday,anytime
0 days,manchester piccadilly,liverpool lime street,Friday,anytime
0 days,london kings cross,york,Friday,anytime
0 days,london paddington,reading,Friday,anytime
0 days,london paddington,reading,Friday,anytime
0 days,birmingham new street,london st pancras,Friday,anytime
0 days,london st pancras,birmingham new street,Friday,anytime
0 days,birmingham new street,london st pancras,Friday,anytime
0 days,london st pancras,birmingham new street,Friday,anytime
0 days,liverpool lime street,manchester piccadilly,Friday,anytime
0 days,london kings cross,york,Friday,anytime
0 days,liverpool lime street,manchester piccadilly,Friday,anytime
1 days,manchester piccadilly,sheffield,Saturday,advance
1 days,london kings cross,york,Saturday,advance
0 days,london paddington,reading,Friday,anytime
0 days,oxford,bristol temple meads,Friday,anytime
1 days,london paddington,reading,Saturday,advance
1 days,london euston,birmingham new street,Saturday,advance
1 days,manchester piccadilly,london paddington,Saturday,advance
0 days,york,peterborough,Friday,anytime
0 days,liverpool lime street,manchester piccadilly,Friday,anytime
0 days,london kings cross,york,Friday,anytime
0 days,york,doncaster,Friday,anytime
0 days,york,peterborough,Friday,anytime
1 days,manchester piccadilly,sheffield,Saturday,advance
1 days,liverpool lime street,london euston,Saturday,advance
0 days,liverpool lime street,london euston,Friday,anytime
0 days,liverpool lime street,london euston,Friday,anytime
0 days,liverpool lime street,london euston,Friday,anytime
1 days,london kings cross,york,Saturday,advance
0 days,reading,oxford,Friday,anytime
0 days,liverpool lime street,london euston,Friday,anytime
0 days,liverpool lime street,london euston,Friday,anytime
1 days,london kings cross,york,Saturday,advance
1 days,manchester piccadilly,liverpool lime street,Saturday,advance
0 days,liverpool lime street,london st pancras,Friday,anytime
1 days,london kings cross,york,Saturday,advance
0 days,london paddington,oxford,Friday,anytime
0 days,london paddington,reading,Friday,anytime
0 days,london paddington,reading,Friday,anytime
1 days,liverpool lime street,manchester piccadilly,Saturday,advance
0 days,manchester piccadilly,liverpool lime street,Friday,anytime
1 days,manchester piccadilly,liverpool lime street,Saturday,advance
0 days,liverpool lime street,manchester piccadilly,Friday,off-peak
0 days,london kings cross,york,Friday,off-peak
0 days,london kings cross,edinburgh waverley,Friday,anytime
1 days,liverpool lime street,manchester piccadilly,Saturday,advance
0 days,liverpool lime street,manchester piccadilly,Friday,off-peak
0 days,london kings cross,edinburgh waverley,Friday,anytime
0 days,london paddington,reading,Friday,off-peak
1 days,manchester piccadilly,liverpool lime street,Saturday,advance
1 days,liverpool lime street,manchester piccadilly,Saturday,advance
1 days,london euston,manchester piccadilly,Saturday,advance
1 days,york,doncaster,Saturday,advance
1 days,reading,london paddington,Saturday,advance
0 days,manchester piccadilly,liverpool lime street,Friday,off-peak
1 days,london st pancras,birmingham new street,Saturday,advance
1 days,london paddington,reading,Saturday,advance
1 days,london euston,manchester piccadilly,Saturday,advance
1 days,london euston,birmingham new street,Saturday,advance
1 days,liverpool lime street,manchester piccadilly,Saturday,advance
1 days,london paddington,reading,Saturday,advance
1 days,liverpool lime street,manchester piccadilly,Saturday,advance
1 days,london paddington,oxford,Saturday,advance
1 days,london paddington,oxford,Saturday,advance
1 days,london kings cross,york,Saturday,advance
1 days,manchester piccadilly,liverpool lime street,Saturday,advance
1 days,london paddington,oxford,Saturday,advance
0 days,liverpool lime street,manchester piccadilly,Friday,off-peak
1 days,london paddington,london waterloo,Saturday,advance
1 days,bristol temple meads,cardiff central,Saturday,advance
1 days,reading,swindon,Saturday,advance
0 days,liverpool lime street,manchester piccadilly,Friday,off-peak
0 days,london st pancras,birmingham new street,Friday,off-peak
0 days,manchester piccadilly,liverpool lime street,Friday,off-peak
1 days,liverpool lime street,london euston,Saturday,advance
0 days,london paddington,liverpool lime street,Friday,off-peak
1 days,liverpool lime street,london euston,Saturday,advance
1 days,london paddington,reading,Saturday,advance
0 days,york,edinburgh,Friday,off-peak
1 days,liverpool lime street,london euston,Saturday,advance
0 days,london kings cross,york,Friday,off-peak
1 days,liverpool lime street,london euston,Saturday,advance
0 days,liverpool lime street,manchester piccadilly,Friday,off-peak
0 days,london kings cross,york,Friday,off-peak
1 days,liverpool lime street,london euston,Saturday,advance
1 days,liverpool lime street,london euston,Saturday,advance
1 days,london euston,birmingham new street,Saturday,advance
1 days,london kings cross,york,Saturday,advance
0 days,london kings cross,york,Friday,off-peak
1 days,manchester piccadilly,london euston,Saturday,advance
1 days,manchester piccadilly,liverpool lime street,Saturday,advance
1 days,london st pancras,birmingham new street,Saturday,advance
0 days,liverpool lime street,manchester piccadilly,Friday,off-peak
0 days,birmingham new street,manchester piccadilly,Friday,off-peak
0 days,liverpool lime street,manchester piccadilly,Friday,off-peak
0 days,liverpool lime street,manchester piccadilly,Friday,off-peak
0 days,liverpool lime street,manchester piccadilly,Friday,off-peak
0 days,london paddington,reading,Friday,off-peak
0 days,london paddington,reading,Friday,off-peak
0 days,london kings cross,york,Friday,off-peak
0 days,manchester piccadilly,liverpool lime street,Friday,off-peak
0 days,manchester piccadilly,liverpool lime street,Friday,off-peak
1 days,birmingham new street,manchester piccadilly,Saturday,advance
1 days,liverpool lime street,manchester piccadilly,Saturday,advance
1 days,manchester piccadilly,liverpool lime street,Saturday,advance
0 days,manchester piccadilly,liverpool lime street,Friday,off-peak
0 days,manchester piccadilly,liverpool lime street,Friday,off-peak
0 days,liverpool lime street,manchester piccadilly,Friday,off-peak
1 days,london st pancras,birmingham new street,Saturday,advance
1 days,manchester piccadilly,liverpool lime street,Saturday,advance
1 days,london st pancras,birmingham new street,Saturday,advance
1 days,london euston,birmingham new street,Saturday,advance
1 days,london st pancras,birmingham new street,Saturday,advance
0 days,london kings cross,york,Friday,off-peak
0 days,london st pancras,birmingham new street,Friday,off-peak
0 days,london paddington,reading,Friday,off-peak
0 days,london euston,birmingham new street,Friday,off-peak
1 days,manchester piccadilly,liverpool lime street,Saturday,advance
0 days,york,peterborough,Friday,anytime
0 days,london st pancras,birmingham new street,Friday,anytime
0 days,manchester piccadilly,liverpool lime street,Friday,anytime
0 days,london euston,birmingham new street,Friday,anytime
0 days,manchester piccadilly,liverpool lime street,Friday,anytime
1 days,london st pancras,birmingham new street,Saturday,advance
0 days,manchester piccadilly,liverpool lime street,Friday,anytime
1 days,manchester piccadilly,liverpool lime street,Saturday,advance
0 days,london paddington,reading,Friday,anytime
0 days,manchester piccadilly,liverpool lime street,Friday,anytime
1 days,manchester piccadilly,liverpool lime street,Saturday,advance
0 days,birmingham new street,liverpool lime street,Friday,anytime
0 days,liverpool lime street,sheffield,Friday,anytime
1 days,london euston,birmingham new street,Saturday,advance
0 days,london paddington,reading,Friday,anytime
0 days,london paddington,reading,Friday,anytime
0 days,manchester piccadilly,liverpool lime street,Friday,anytime
0 days,london kings cross,york,Friday,anytime
0 days,birmingham new street,stafford,Friday,anytime
0 days,london kings cross,york,Friday,anytime
0 days,liverpool lime street,london euston,Friday,anytime
0 days,london kings cross,york,Friday,anytime
0 days,london kings cross,york,Friday,anytime
0 days,birmingham new street,stafford,Friday,anytime
1 days,london paddington,reading,Saturday,advance
0 days,london euston,birmingham new street,Friday,anytime
1 days,manchester piccadilly,liverpool lime street,Saturday,advance
0 days,london euston,birmingham new street,Friday,anytime
0 days,london st pancras,birmingham new street,Friday,anytime
0 days,london kings cross,york,Friday,anytime
0 days,london kings cross,york,Friday,anytime
0 days,manchester piccadilly,liverpool lime street,Friday,anytime
0 days,manchester piccadilly,liverpool lime street,Friday,anytime
0 days,london euston,birmingham new street,Friday,anytime
0 days,liverpool lime street,london euston,Friday,anytime
0 days,london kings cross,york,Friday,anytime
0 days,london euston,birmingham new street,Friday,anytime
0 days,manchester piccadilly,liverpool lime street,Friday,anytime
0 days,manchester piccadilly,liverpool lime street,Friday,anytime
0 days,london st pancras,birmingham new street,Friday,anytime
0 days,london euston,birmingham new street,Friday,anytime
1 days,london st pancras,birmingham new street,Saturday,advance
1 days,london st pancras,birmingham new street,Saturday,advance
1 days,reading,london paddington,Saturday,advance
1 days,reading,london paddington,Saturday,advance
1 days,reading,london paddington,Saturday,advance
0 days,birmingham new street,york,Friday,anytime
0 days,london st pancras,birmingham new street,Friday,anytime
1 days,london paddington,reading,Saturday,advance
0 days,birmingham new street,wolverhampton,Friday,anytime
0 days,liverpool lime street,crewe,Friday,anytime
1 days,liverpool lime street,manchester piccadilly,Saturday,advance
0 days,london st pancras,birmingham new street,Friday,anytime
0 days,manchester piccadilly,liverpool lime street,Friday,anytime
1 days,london euston,birmingham new street,Saturday,advance
0 days,manchester piccadilly,liverpool lime street,Friday,anytime
0 days,london paddington,reading,Friday,anytime
0 days,liverpool lime street,crewe,Friday,anytime
0 days,liverpool lime street,crewe,Friday,anytime
1 days,london euston,birmingham new street,Saturday,advance
0 days,london st pancras,birmingham new street,Friday,off-peak
1 days,london euston,birmingham new street,Saturday,advance
1 days,london euston,birmingham new street,Saturday,advance
1 days,london paddington,reading,Saturday,advance
1 days,birmingham new street,manchester piccadilly,Saturday,advance
1 days,london euston,birmingham new street,Saturday,advance
0 days,london st pancras,leicester,Friday,anytime
1 days,manchester piccadilly,london euston,Saturday,advance
0 days,manchester piccadilly,liverpool lime street,Friday,anytime
0 days,london st pancras,leicester,Friday,anytime
0 days,london kings cross,york,Friday,off-peak
1 days,london paddington,reading,Saturday,advance
1 days,london euston,manchester piccadilly,Saturday,advance
0 days,london paddington,reading,Friday,off-peak
1 days,london kings cross,york,Saturday,advance
0 days,london euston,manchester piccadilly,Friday,off-peak
1 days,manchester piccadilly,liverpool lime street,Saturday,advance
1 days,london st pancras,birmingham new street,Saturday,advance
1 days,london st pancras,birmingham new street,Saturday,advance
1 days,manchester piccadilly,liverpool lime street,Saturday,advance
1 days,london st pancras,leicester,Saturday,advance
1 days,manchester piccadilly,liverpool lime street,Saturday,advance
0 days,liverpool lime street,manchester piccadilly,Friday,off-peak
1 days,london st pancras,leicester,Saturday,advance
0 days,liverpool lime street,manchester piccadilly,Friday,off-peak
0 days,manchester piccadilly,liverpool lime street,Friday,off-peak
1 days,manchester piccadilly,liverpool lime street,Saturday,advance
1 days,london paddington,reading,Saturday,advance
1 days,london paddington,reading,Saturday,advance
1 days,london paddington,reading,Saturday,advance
1 days,manchester piccadilly,liverpool lime street,Saturday,advance
0 days,london euston,birmingham new street,Friday,off-peak
0 days,birmingham new street,liverpool lime street,Friday,off-peak
1 days,london st pancras,birmingham new street,Saturday,advance
1 days,london st pancras,birmingham new street,Saturday,advance
1 days,manchester piccadilly,liverpool lime street,Saturday,advance
1 days,london kings cross,york,Saturday,advance
1 days,london kings cross,york,Saturday,advance
1 days,london st pancras,birmingham new street,Saturday,advance
1 days,london kings cross,york,Saturday,advance
1 days,london st pancras,birmingham new street,Saturday,advance
1 days,london kings cross,york,Saturday,advance
1 days,birmingham new street,stafford,Saturday,advance
0 days,london kings cross,york,Friday,off-peak
1 days,london kings cross,york,Saturday,advance
1 days,london st pancras,birmingham new street,Saturday,advance
1 days,london paddington,reading,Saturday,advance
1 days,manchester piccadilly,liverpool lime street,Saturday,advance
1 days,london euston,birmingham new street,Saturday,advance
1 days,london paddington,reading,Saturday,advance
1 days,london paddington,reading,Saturday,advance
1 days,oxford,bristol temple meads,Saturday,advance
1 days,liverpool lime street,manchester piccadilly,Saturday,advance
1 days,london euston,birmingham new street,Saturday,advance
1 days,london euston,birmingham new street,Saturday,advance
1 days,liverpool lime street,manchester piccadilly,Saturday,advance
1 days,london euston,birmingham new street,Saturday,advance
1 days,manchester piccadilly,liverpool lime street,Saturday,advance
1 days,london kings cross,york,Saturday,advance
1 days,liverpool lime street,manchester piccadilly,Saturday,advance
1 days,london kings cross,york,Saturday,advance
1 days,london st pancras,birmingham new street,Saturday,advance
1 days,london paddington,reading,Saturday,advance
1 days,london kings cross,york,Saturday,advance
1 days,york,edinburgh,Sunday,advance
1 days,london euston,manchester piccadilly,Sunday,advance
1 days,london st pancras,birmingham new street,Sunday,advance
0 days,london kings cross,liverpool lime street,Saturday,off-peak
0 days,london euston,birmingham new street,Saturday,off-peak
0 days,liverpool lime street,manchester piccadilly,Saturday,off-peak
0 days,liverpool lime street,manchester piccadilly,Saturday,off-peak
0 days,london paddington,reading,Saturday,off-peak
1 days,liverpool lime street,manchester piccadilly,Sunday,advance
1 days,london paddington,reading,Sunday,advance
1 days,manchester piccadilly,liverpool lime street,Sunday,advance
0 days,london kings cross,york,Saturday,off-peak
0 days,manchester piccadilly,london euston,Saturday,off-peak
1 days,london euston,manchester piccadilly,Sunday,advance
0 days,london euston,birmingham new street,Saturday,off-peak
1 days,london kings cross,york,Sunday,advance
1 days,london euston,birmingham new street,Sunday,advance
1 days,liverpool lime street,manchester piccadilly,Sunday,advance
0 days,manchester piccadilly,liverpool lime street,Saturday,off-peak
0 days,london euston,birmingham new street,Saturday,off-peak
0 days,liverpool lime street,manchester piccadilly,Saturday,off-peak
1 days,london st pancras,birmingham new street,Sunday,advance
0 days,london kings cross,york,Saturday,off-peak
1 days,liverpool lime street,manchester piccadilly,Sunday,advance
1 days,london kings cross,york,Sunday,advance
1 days,liverpool lime street,manchester piccadilly,Sunday,advance
1 days,london euston,birmingham new street,Sunday,advance
1 days,london kings cross,york,Sunday,advance
0 days,oxford,bristol temple meads,Saturday,off-peak
0 days,london kings cross,york,Saturday,off-peak
0 days,york,peterborough,Saturday,off-peak
0 days,manchester piccadilly,liverpool lime street,Saturday,off-peak
0 days,london paddington,reading,Saturday,off-peak
0 days,manchester piccadilly,liverpool lime street,Saturday,off-peak
0 days,birmingham new street,london st pancras,Saturday,off-peak
0 days,london euston,birmingham new street,Saturday,off-peak
0 days,birmingham new street,stafford,Saturday,off-peak
0 days,london euston,birmingham new street,Saturday,off-peak
0 days,york,doncaster,Saturday,off-peak
1 days,york,birmingham new street,Sunday,advance
0 days,manchester piccadilly,liverpool lime street,Saturday,off-peak
0 days,london paddington,reading,Saturday,off-peak
1 days,liverpool lime street,manchester piccadilly,Sunday,advance
0 days,manchester piccadilly,liverpool lime street,Saturday,off-peak
0 days,manchester piccadilly,liverpool lime street,Saturday,off-peak
1 days,london euston,birmingham new street,Sunday,advance
1 days,london euston,birmingham new street,Sunday,advance
1 days,birmingham new street,london st pancras,Sunday,advance
0 days,liverpool lime street,manchester piccadilly,Saturday,off-peak
0 days,liverpool lime street,crewe,Saturday,off-peak
1 days,liverpool lime street,manchester piccadilly,Sunday,advance
0 days,reading,swindon,Saturday,off-peak
0 days,liverpool lime street,manchester piccadilly,Saturday,off-peak
0 days,liverpool lime street,crewe,Saturday,off-peak
1 days,london paddington,reading,Sunday,advance
0 days,london euston,birmingham new street,Saturday,off-peak
1 days,london kings cross,york,Sunday,advance
1 days,london kings cross,york,Sunday,advance
0 days,liverpool lime street,london euston,Saturday,off-peak
0 days,liverpool lime street,london euston,Saturday,off-peak
0 days,liverpool lime street,london euston,Saturday,off-peak
0 days,liverpool lime street,london euston,Saturday,off-peak
1 days,london kings cross,york,Sunday,advance
1 days,liverpool lime street,manchester piccadilly,Sunday,advance
1 days,london euston,birmingham new street,Sunday,advance
1 days,london kings cross,york,Sunday,advance
0 days,london kings cross,york,Saturday,off-peak
1 days,liverpool lime street,manchester piccadilly,Sunday,advance
0 days,london kings cross,york,Saturday,off-peak
0 days,london paddington,reading,Saturday,off-peak
0 days,london kings cross,york,Saturday,off-peak
0 days,london paddington,reading,Saturday,off-peak
0 days,london paddington,oxford,Saturday,off-peak
0 days,london paddington,oxford,Saturday,off-peak
0 days,london paddington,reading,Saturday,off-peak
0 days,london kings cross,edinburgh waverley,Saturday,off-peak
0 days,manchester piccadilly,liverpool lime street,Saturday,off-peak
1 days,manchester piccadilly,liverpool lime street,Sunday,advance
1 days,london kings cross,york,Sunday,advance
0 days,liverpool lime street,manchester piccadilly,Saturday,off-peak
1 days,birmingham new street,london st pancras,Sunday,advance
1 days,london euston,birmingham new street,Sunday,advance
1 days,london euston,manchester piccadilly,Sunday,advance
1 days,birmingham new street,london st pancras,Sunday,advance
1 days,london euston,birmingham new street,Sunday,advance
1 days,birmingham new street,london st pancras,Sunday,advance
0 days,london euston,birmingham new street,Saturday,off-peak
1 days,london paddington,oxford,Sunday,advance
1 days,manchester piccadilly,liverpool lime street,Sunday,advance
1 days,london paddington,reading,Sunday,advance
1 days,london kings cross,york,Sunday,advance
1 days,london kings cross,york,Sunday,advance
1 days,york,peterborough,Sunday,advance
1 days,york,peterborough,Sunday,advance
1 days,reading,swindon,Sunday,advance
1 days,london kings cross,york,Sunday,advance
1 days,london kings cross,york,Sunday,advance
1 days,london kings cross,york,Sunday,advance
0 days,london euston,birmingham new street,Saturday,off-peak
1 days,london kings cross,york,Sunday,advance
1 days,liverpool lime street,london euston,Sunday,advance
1 days,oxford,bristol temple meads,Sunday,advance
1 days,london euston,manchester piccadilly,Sunday,advance
1 days,reading,birmingham new street,Sunday,advance
1 days,liverpool lime street,london euston,Sunday,advance
1 days,liverpool lime street,london euston,Sunday,advance
0 days,manchester piccadilly,liverpool lime street,Saturday,off-peak
1 days,london euston,manchester piccadilly,Sunday,advance
1 days,liverpool lime street,manchester piccadilly,Sunday,advance
0 days,london st pancras,birmingham new street,Saturday,off-peak
0 days,london kings cross,york,Saturday,off-peak
1 days,london paddington,reading,Sunday,advance
1 days,london euston,birmingham new street,Sunday,advance
1 days,london kings cross,york,Sunday,advance
1 days,london paddington,reading,Sunday,advance
0 days,manchester piccadilly,liverpool lime street,Saturday,off-peak
1 days,manchester piccadilly,leeds,Sunday,advance
0 days,london st pancras,birmingham new street,Saturday,off-peak
1 days,birmingham new street,manchester piccadilly,Sunday,advance
0 days,london paddington,reading,Saturday,off-peak
1 days,liverpool lime street,manchester piccadilly,Sunday,advance
1 days,manchester piccadilly,liverpool lime street,Sunday,advance
0 days,london euston,birmingham new street,Saturday,off-peak
0 days,london paddington,reading,Saturday,off-peak
0 days,london paddington,reading,Saturday,off-peak
0 days,london paddington,manchester piccadilly,Saturday,off-peak
1 days,liverpool lime street,manchester piccadilly,Sunday,advance
1 days,manchester piccadilly,liverpool lime street,Sunday,advance
1 days,manchester piccadilly,liverpool lime street,Sunday,advance
1 days,london st pancras,birmingham new street,Sunday,advance
1 days,manchester piccadilly,london st pancras,Sunday,advance
0 days,london st pancras,birmingham new street,Saturday,off-peak
0 days,london paddington,reading,Saturday,off-peak
1 days,london euston,birmingham new street,Sunday,advance
0 days,london paddington,reading,Saturday,off-peak
1 days,london st pancras,birmingham new street,Sunday,advance
1 days,london paddington,reading,Sunday,advance
0 days,london euston,birmingham new street,Saturday,off-peak
0 days,london st pancras,birmingham new street,Saturday,off-peak
0 days,london euston,birmingham new street,Saturday,off-peak
0 days,london kings cross,york,Saturday,off-peak
1 days,manchester piccadilly,liverpool lime street,Sunday,advance
0 days,manchester piccadilly,liverpool lime street,Saturday,off-peak
1 days,liverpool lime street,london euston,Sunday,advance
0 days,manchester piccadilly,liverpool lime street,Saturday,off-peak
1 days,london kings cross,york,Sunday,advance
0 days,london kings cross,york,Saturday,off-peak
0 days,london kings cross,york,Saturday,off-peak
1 days,london paddington,manchester piccadilly,Sunday,advance
0 days,london euston,birmingham new street,Saturday,off-peak
1 days,london paddington,manchester piccadilly,Sunday,advance
1 days,manchester piccadilly,liverpool lime street,Sunday,advance
0 days,london euston,birmingham new street,Saturday,off-peak
0 days,london euston,birmingham new street,Saturday,off-peak
0 days,london st pancras,birmingham new street,Saturday,off-peak
0 days,manchester piccadilly,liverpool lime street,Saturday,off-peak
1 days,edinburgh waverley,london kings cross,Sunday,advance
0 days,manchester piccadilly,liverpool lime street,Saturday,off-peak
0 days,london st pancras,birmingham new street,Saturday,off-peak
0 days,london paddington,reading,Saturday,off-peak
0 days,liverpool lime street,london euston,Saturday,off-peak
0 days,manchester piccadilly,liverpool lime street,Saturday,off-peak
0 days,liverpool lime street,crewe,Saturday,off-peak
0 days,london st pancras,birmingham new street,Saturday,off-peak
0 days,london euston,manchester piccadilly,Saturday,off-peak
0 days,london st pancras,birmingham new street,Saturday,off-peak
0 days,london paddington,reading,Saturday,off-peak
0 days,london paddington,reading,Saturday,off-peak
0 days,london paddington,reading,Saturday,off-peak
1 days,manchester piccadilly,liverpool lime street,Sunday,advance
1 days,london euston,birmingham new street,Sunday,advance
1 days,london euston,birmingham new street,Sunday,advance
1 days,london euston,birmingham new street,Sunday,advance
1 days,london euston,birmingham new street,Sunday,advance
1 days,london euston,birmingham new street,Sunday,advance
1 days,york,peterborough,Sunday,advance
1 days,london euston,birmingham new street,Sunday,advance
1 days,manchester piccadilly,liverpool lime street,Sunday,advance
1 days,manchester piccadilly,liverpool lime street,Sunday,advance
0 days,manchester piccadilly,liverpool lime street,Saturday,off-peak
1 days,manchester piccadilly,liverpool lime street,Sunday,advance
1 days,liverpool lime street,london euston,Sunday,advance
1 days,liverpool lime street,sheffield,Sunday,advance
1 days,liverpool lime street,manchester piccadilly,Sunday,advance
1 days,london kings cross,york,Sunday,advance
1 days,liverpool lime street,manchester piccadilly,Sunday,advance
0 days,liverpool lime street,manchester piccadilly,Saturday,off-peak
1 days,manchester piccadilly,liverpool lime street,Sunday,advance
1 days,london st pancras,leicester,Sunday,advance
1 days,london euston,birmingham new street,Sunday,advance
1 days,london st pancras,leicester,Sunday,advance
1 days,birmingham new street,york,Sunday,advance
1 days,liverpool lime street,manchester piccadilly,Sunday,advance
0 days,london paddington,reading,Saturday,off-peak
1 days,birmingham new street,coventry,Sunday,advance
1 days,birmingham new street,stafford,Sunday,advance
1 days,london paddington,reading,Sunday,advance
1 days,london st pancras,birmingham new street,Sunday,advance
1 days,london st pancras,birmingham new street,Sunday,advance
1 days,manchester piccadilly,liverpool lime street,Sunday,advance
1 days,london paddington,reading,Sunday,advance
1 days,manchester piccadilly,liverpool lime street,Sunday,advance
1 days,london st pancras,birmingham new street,Sunday,advance
1 days,manchester piccadilly,liverpool lime street,Sunday,advance
1 days,manchester piccadilly,liverpool lime street,Sunday,advance
1 days,london st pancras,birmingham new street,Sunday,advance
0 days,london paddington,reading,Saturday,off-peak
1 days,manchester piccadilly,liverpool lime street,Sunday,advance
0 days,london kings cross,york,Saturday,off-peak
0 days,london kings cross,york,Saturday,off-peak
1 days,london kings cross,york,Sunday,advance
1 days,london euston,birmingham new street,Sunday,advance
1 days,manchester piccadilly,liverpool lime street,Sunday,advance
1 days,london euston,manchester piccadilly,Sunday,advance
1 days,manchester piccadilly,liverpool lime street,Sunday,advance
1 days,manchester piccadilly,liverpool lime street,Sunday,advance
1 days,liverpool lime street,manchester piccadilly,Sunday,advance
1 days,london kings cross,york,Sunday,advance
1 days,liverpool lime street,manchester piccadilly,Sunday,advance
1 days,london euston,birmingham new street,Sunday,advance
1 days,london euston,manchester piccadilly,Sunday,advance
1 days,london kings cross,york,Sunday,advance
1 days,london euston,birmingham new street,Sunday,advance
1 days,oxford,bristol temple meads,Monday,advance
1 days,london euston,oxford,Monday,advance
1 days,liverpool lime street,manchester piccadilly,Monday,advance
0 days,london st pancras,birmingham new street,Sunday,off-peak
0 days,london paddington,reading,Sunday,off-peak
0 days,london st pancras,birmingham new street,Sunday,off-peak
0 days,liverpool lime street,manchester piccadilly,Sunday,off-peak
0 days,london paddington,reading,Sunday,off-peak
0 days,london paddington,reading,Sunday,off-peak
0 days,london euston,birmingham new street,Sunday,off-peak
0 days,london euston,manchester piccadilly,Sunday,off-peak
0 days,manchester piccadilly,liverpool lime street,Sunday,off-peak
1 days,london paddington,reading,Monday,advance
1 days,london st pancras,birmingham new street,Monday,advance
1 days,manchester piccadilly,liverpool lime street,Monday,advance
1 days,liverpool lime street,manchester piccadilly,Monday,advance
0 days,london kings cross,york,Sunday,off-peak
0 days,london euston,birmingham new street,Sunday,off-peak
0 days,london euston,birmingham new street,Sunday,off-peak
0 days,london paddington,reading,Sunday,off-peak
0 days,liverpool lime street,manchester piccadilly,Sunday,off-peak
1 days,oxford,bristol temple meads,Monday,advance
1 days,liverpool lime street,leeds,Monday,advance
1 days,london paddington,reading,Monday,advance
0 days,liverpool lime street,sheffield,Sunday,off-peak
0 days,london kings cross,york,Sunday,off-peak
0 days,london euston,birmingham new street,Sunday,off-peak
0 days,london paddington,reading,Sunday,off-peak
0 days,manchester piccadilly,liverpool lime street,Sunday,off-peak
0 days,liverpool lime street,manchester piccadilly,Sunday,off-peak
1 days,liverpool lime street,manchester piccadilly,Monday,advance
1 days,london paddington,reading,Monday,advance
0 days,london paddington,reading,Sunday,off-peak
0 days,london paddington,reading,Sunday,off-peak
0 days,manchester piccadilly,liverpool lime street,Sunday,off-peak
0 days,reading,oxford,Sunday,off-peak
0 days,london euston,birmingham new street,Sunday,off-peak
0 days,birmingham new street,london st pancras,Sunday,off-peak
0 days,york,doncaster,Sunday,off-peak
0 days,birmingham new street,london st pancras,Sunday,off-peak
0 days,birmingham new street,london st pancras,Sunday,off-peak
0 days,london euston,manchester piccadilly,Sunday,off-peak
0 days,birmingham new street,london st pancras,Sunday,off-peak
0 days,london paddington,reading,Sunday,off-peak
0 days,london kings cross,york,Sunday,off-peak
0 days,london kings cross,york,Sunday,off-peak
0 days,london paddington,london waterloo,Sunday,off-peak
0 days,reading,swindon,Sunday,off-peak
0 days,york,peterborough,Sunday,off-peak
0 days,london kings cross,york,Sunday,off-peak
1 days,birmingham new street,london st pancras,Monday,advance
0 days,london kings cross,york,Sunday,off-peak
1 days,manchester piccadilly,liverpool lime street,Monday,advance
0 days,london kings cross,york,Sunday,off-peak
1 days,london kings cross,york,Monday,advance
0 days,liverpool lime street,london euston,Sunday,off-peak
0 days,liverpool lime street,london euston,Sunday,off-peak
0 days,manchester piccadilly,london euston,Sunday,off-peak
0 days,london paddington,reading,Sunday,off-peak
0 days,london euston,manchester piccadilly,Sunday,off-peak
0 days,london kings cross,york,Sunday,off-peak
0 days,london paddington,oxford,Sunday,off-peak
1 days,london kings cross,york,Monday,advance
0 days,london paddington,reading,Sunday,off-peak
1 days,london kings cross,liverpool lime street,Monday,advance
0 days,london paddington,reading,Sunday,off-peak
0 days,london paddington,reading,Sunday,off-peak
0 days,london kings cross,york,Sunday,off-peak
0 days,london paddington,oxford,Sunday,off-peak
0 days,london paddington,reading,Sunday,off-peak
0 days,manchester piccadilly,liverpool lime street,Sunday,off-peak
0 days,manchester piccadilly,liverpool lime street,Sunday,off-peak
1 days,manchester piccadilly,liverpool lime street,Monday,advance
0 days,birmingham new street,london st pancras,Sunday,off-peak
0 days,liverpool lime street,manchester piccadilly,Sunday,off-peak
1 days,manchester piccadilly,liverpool lime street,Monday,advance
1 days,manchester piccadilly,liverpool lime street,Monday,advance
1 days,london paddington,reading,Monday,advance
0 days,london paddington,reading,Sunday,off-peak
0 days,manchester piccadilly,liverpool lime street,Sunday,off-peak
1 days,london paddington,reading,Monday,advance
1 days,london kings cross,york,Monday,advance
1 days,manchester piccadilly,liverpool lime street,Monday,advance
1 days,london st pancras,birmingham new street,Monday,advance
1 days,birmingham new street,london st pancras,Monday,advance
1 days,london paddington,oxford,Monday,advance
1 days,liverpool lime street,manchester piccadilly,Monday,advance
1 days,london paddington,oxford,Monday,advance
1 days,london paddington,oxford,Monday,advance
1 days,manchester piccadilly,liverpool lime street,Monday,advance
1 days,london st pancras,birmingham new street,Monday,advance
1 days,london paddington,oxford,Monday,advance
1 days,london paddington,reading,Monday,advance
1 days,london st pancras,birmingham new street,Monday,advance
1 days,london paddington,oxford,Monday,advance
1 days,london paddington,reading,Monday,advance
1 days,birmingham new street,london st pancras,Monday,advance
1 days,birmingham new street,london st pancras,Monday,advance
1 days,london paddington,reading,Monday,advance
1 days,london kings cross,york,Monday,advance
1 days,york,peterborough,Monday,advance
1 days,york,peterborough,Monday,advance
1 days,london kings cross,york,Monday,advance
1 days,london paddington,london waterloo,Monday,advance
1 days,liverpool lime street,manchester piccadilly,Monday,advance
1 days,london euston,birmingham new street,Monday,advance
1 days,london paddington,london waterloo,Monday,advance
0 days,manchester piccadilly,liverpool lime street,Sunday,off-peak
1 days,london kings cross,york,Monday,advance
1 days,liverpool lime street,london euston,Monday,advance
1 days,london euston,manchester piccadilly,Monday,advance
0 days,manchester piccadilly,liverpool lime street,Sunday,off-peak
1 days,manchester piccadilly,liverpool lime street,Monday,advance
0 days,london kings cross,york,Sunday,off-peak
1 days,london paddington,reading,Monday,advance
1 days,birmingham new street,london st pancras,Monday,advance
0 days,london st pancras,birmingham new street,Sunday,off-peak
0 days,liverpool lime street,manchester piccadilly,Sunday,off-peak
0 days,birmingham new street,manchester piccadilly,Sunday,off-peak
0 days,birmingham new street,manchester piccadilly,Sunday,off-peak
1 days,manchester piccadilly,liverpool lime street,Monday,advance
1 days,london st pancras,birmingham new street,Monday,advance
0 days,london paddington,reading,Sunday,off-peak
0 days,london paddington,reading,Sunday,off-peak
1 days,manchester piccadilly,liverpool lime street,Monday,advance
0 days,london euston,birmingham new street,Sunday,off-peak
1 days,liverpool lime street,manchester piccadilly,Monday,advance
0 days,london euston,birmingham new street,Sunday,off-peak
1 days,liverpool lime street,manchester piccadilly,Monday,advance
1 days,manchester piccadilly,liverpool lime street,Monday,advance
0 days,liverpool lime street,sheffield,Sunday,off-peak
0 days,manchester piccadilly,london paddington,Sunday,off-peak
0 days,liverpool lime street,manchester piccadilly,Sunday,off-peak
0 days,manchester piccadilly,sheffield,Sunday,off-peak
0 days,london euston,birmingham new street,Sunday,off-peak
0 days,london st pancras,birmingham new street,Sunday,off-peak
0 days,manchester piccadilly,liverpool lime street,Sunday,off-peak
1 days,london st pancras,birmingham new street,Monday,advance
1 days,london paddington,reading,Monday,advance
1 days,london kings cross,york,Monday,advance
1 days,london st pancras,birmingham new street,Monday,advance
0 days,london paddington,reading,Sunday,off-peak
0 days,london st pancras,birmingham new street,Sunday,off-peak
1 days,manchester piccadilly,liverpool lime street,Monday,advance
1 days,london st pancras,birmingham new street,Monday,advance
1 days,manchester piccadilly,liverpool lime street,Monday,advance
0 days,london euston,birmingham new street,Sunday,off-peak
1 days,liverpool lime street,manchester piccadilly,Monday,advance
0 days,london euston,birmingham new street,Sunday,off-peak
0 days,london euston,birmingham new street,Sunday,off-peak
1 days,london euston,birmingham new street,Monday,advance
0 days,london st pancras,birmingham new street,Sunday,off-peak
1 days,liverpool lime street,manchester piccadilly,Monday,advance
1 days,london paddington,reading,Monday,advance
1 days,york,edinburgh,Monday,advance
0 days,london euston,birmingham new street,Sunday,off-peak
0 days,london euston,birmingham new street,Sunday,off-peak
0 days,manchester piccadilly,liverpool lime street,Sunday,off-peak
0 days,birmingham new street,manchester piccadilly,Sunday,off-peak
1 days,london euston,birmingham new street,Monday,advance
1 days,manchester piccadilly,liverpool lime street,Monday,advance
0 days,birmingham new street,manchester piccadilly,Sunday,off-peak
0 days,manchester piccadilly,liverpool lime street,Sunday,off-peak
0 days,liverpool lime street,london euston,Sunday,off-peak
1 days,manchester piccadilly,liverpool lime street,Monday,advance
0 days,liverpool lime street,leeds,Sunday,off-peak
1 days,manchester piccadilly,liverpool lime street,Monday,advance
0 days,london kings cross,york,Sunday,off-peak
1 days,london st pancras,birmingham new street,Monday,advance
1 days,london paddington,reading,Monday,advance
1 days,london paddington,reading,Monday,advance
1 days,london paddington,reading,Monday,advance
1 days,london st pancras,birmingham new street,Monday,advance
0 days,manchester piccadilly,liverpool lime street,Sunday,off-peak
0 days,london euston,birmingham new street,Sunday,off-peak
1 days,manchester piccadilly,liverpool lime street,Monday,advance
1 days,edinburgh waverley,london kings cross,Monday,advance
1 days,edinburgh waverley,london kings cross,Monday,advance
1 days,edinburgh waverley,london kings cross,Monday,advance
0 days,london euston,birmingham new street,Sunday,off-peak
0 days,manchester piccadilly,liverpool lime street,Sunday,off-peak
1 days,london kings cross,york,Monday,advance
0 days,london euston,manchester piccadilly,Sunday,off-peak
1 days,london paddington,reading,Monday,advance
0 days,london st pancras,birmingham new street,Sunday,off-peak
0 days,liverpool lime street,london euston,Sunday,off-peak
0 days,birmingham new street,york,Sunday,off-peak
0 days,london st pancras,birmingham new street,Sunday,off-peak
1 days,london euston,birmingham new street,Monday,advance
0 days,liverpool lime street,crewe,Sunday,off-peak
0 days,birmingham new street,nuneaton,Sunday,off-peak
0 days,birmingham new street,london euston,Sunday,off-peak
1 days,london euston,manchester piccadilly,Monday,advance
0 days,london st pancras,birmingham new street,Sunday,off-peak
0 days,london st pancras,birmingham new street,Sunday,off-peak
0 days,london paddington,reading,Sunday,off-peak
0 days,birmingham new street,tamworth,Sunday,off-peak
0 days,manchester piccadilly,liverpool lime street,Sunday,off-peak
0 days,york,edinburgh,Sunday,off-peak
1 days,manchester piccadilly,liverpool lime street,Monday,advance
1 days,london euston,birmingham new street,Monday,advance
1 days,london kings cross,york,Monday,advance
1 days,manchester piccadilly,liverpool lime street,Monday,advance
1 days,birmingham new street,manchester piccadilly,Monday,advance
1 days,london euston,birmingham new street,Monday,advance
1 days,liverpool lime street,london euston,Monday,advance
0 days,manchester piccadilly,liverpool lime street,Sunday,off-peak
1 days,london euston,birmingham new street,Monday,advance
0 days,manchester piccadilly,liverpool lime street,Sunday,off-peak
0 days,manchester piccadilly,liverpool lime street,Sunday,off-peak
0 days,london st pancras,leicester,Sunday,off-peak
0 days,london paddington,reading,Sunday,off-peak
1 days,liverpool lime street,manchester piccadilly,Monday,advance
0 days,liverpool lime street,manchester piccadilly,Sunday,off-peak
0 days,manchester piccadilly,sheffield,Sunday,off-peak
0 days,london paddington,reading,Sunday,off-peak
1 days,london paddington,reading,Monday,advance
0 days,london st pancras,birmingham new street,Sunday,off-peak
0 days,london paddington,reading,Sunday,off-peak
0 days,liverpool lime street,manchester piccadilly,Sunday,off-peak
1 days,liverpool lime street,london euston,Monday,advance
1 days,manchester piccadilly,liverpool lime street,Monday,advance
1 days,london st pancras,leicester,Monday,advance
1 days,london st pancras,leicester,Monday,advance
1 days,manchester piccadilly,liverpool lime street,Monday,advance
1 days,manchester piccadilly,liverpool lime street,Monday,advance
1 days,london euston,birmingham new street,Monday,advance
1 days,london euston,birmingham new street,Monday,advance
1 days,manchester piccadilly,liverpool lime street,Monday,advance
1 days,manchester piccadilly,liverpool lime street,Monday,advance
1 days,manchester piccadilly,liverpool lime street,Monday,advance
1 days,manchester piccadilly,liverpool lime street,Monday,advance
0 days,london paddington,reading,Sunday,off-peak
1 days,birmingham new street,liverpool lime street,Monday,advance
1 days,liverpool lime street,crewe,Monday,advance
1 days,london st pancras,birmingham new street,Monday,advance
1 days,london kings cross,york,Monday,advance
1 days,london st pancras,wolverhampton,Monday,advance
1 days,london euston,manchester piccadilly,Monday,advance
1 days,liverpool lime street,crewe,Monday,advance
1 days,london st pancras,birmingham new street,Monday,advance
1 days,london st pancras,birmingham new street,Monday,advance
0 days,london kings cross,york,Sunday,off-peak
0 days,london kings cross,york,Sunday,off-peak
1 days,liverpool lime street,manchester piccadilly,Monday,advance
1 days,reading,oxford,Monday,advance
1 days,liverpool lime street,manchester piccadilly,Monday,advance
1 days,liverpool lime street,manchester piccadilly,Monday,advance
1 days,manchester piccadilly,liverpool lime street,Monday,advance
1 days,birmingham new street,liverpool lime street,Monday,advance
1 days,liverpool lime street,manchester piccadilly,Monday,advance
1 days,manchester piccadilly,liverpool lime street,Monday,advance
1 days,london kings cross,york,Monday,advance
1 days,london euston,birmingham new street,Monday,advance
1 days,london kings cross,york,Monday,advance
1 days,london euston,birmingham new street,Monday,advance
1 days,london kings cross,york,Monday,advance
1 days,manchester piccadilly,leeds,Tuesday,advance
1 days,oxford,bristol temple meads,Tuesday,advance
1 days,manchester piccadilly,leeds,Tuesday,advance
1 days,liverpool lime street,manchester piccadilly,Tuesday,advance
2 days,london kings cross,edinburgh waverley,Wednesday,advance
1 days,london paddington,reading,Tuesday,advance
0 days,london paddington,reading,Monday,off-peak
0 days,manchester piccadilly,london paddington,Monday,off-peak
0 days,liverpool lime street,manchester piccadilly,Monday,off-peak
0 days,london paddington,reading,Monday,off-peak
0 days,london st pancras,birmingham new street,Monday,off-peak
0 days,manchester piccadilly,nottingham,Monday,off-peak
0 days,manchester piccadilly,nottingham,Monday,off-peak
0 days,london euston,birmingham new street,Monday,off-peak
0 days,manchester piccadilly,liverpool lime street,Monday,off-peak
1 days,manchester piccadilly,london paddington,Tuesday,advance
0 days,london paddington,reading,Monday,off-peak
1 days,liverpool lime street,manchester piccadilly,Tuesday,advance
1 days,liverpool lime street,manchester piccadilly,Tuesday,advance
1 days,manchester piccadilly,liverpool lime street,Tuesday,advance
1 days,birmingham new street,london st pancras,Tuesday,advance
0 days,manchester piccadilly,liverpool lime street,Monday,off-peak
1 days,liverpool lime street,manchester piccadilly,Tuesday,advance
1 days,london kings cross,york,Tuesday,advance
0 days,london kings cross,york,Monday,off-peak
0 days,london euston,birmingham new street,Monday,off-peak
0 days,london euston,birmingham new street,Monday,off-peak
0 days,london kings cross,york,Monday,off-peak
0 days,london st pancras,birmingham new street,Monday,off-peak
1 days,liverpool lime street,manchester piccadilly,Tuesday,advance
1 days,london paddington,reading,Tuesday,advance
0 days,london st pancras,birmingham new street,Monday,off-peak
1 days,london paddington,reading,Tuesday,advance
1 days,liverpool lime street,manchester piccadilly,Tuesday,advance
1 days,manchester piccadilly,nottingham,Tuesday,advance
0 days,liverpool lime street,london euston,Monday,off-peak
1 days,liverpool lime street,manchester piccadilly,Tuesday,advance
1 days,london euston,birmingham new street,Tuesday,advance
1 days,london paddington,reading,Tuesday,advance
0 days,london kings cross,york,Monday,off-peak
0 days,london paddington,reading,Monday,off-peak
0 days,manchester piccadilly,liverpool lime street,Monday,off-peak
1 days,manchester piccadilly,liverpool lime street,Tuesday,advance
1 days,london kings cross,york,Tuesday,advance
0 days,london paddington,reading,Monday,anytime
0 days,manchester piccadilly,liverpool lime street,Monday,anytime
0 days,london kings cross,york,Monday,anytime
0 days,london paddington,reading,Monday,anytime
0 days,london kings cross,york,Monday,anytime
0 days,london euston,birmingham new street,Monday,anytime
0 days,birmingham new street,london st pancras,Monday,anytime
0 days,london euston,birmingham new street,Monday,anytime
0 days,birmingham new street,london st pancras,Monday,anytime
0 days,birmingham new street,london st pancras,Monday,anytime
0 days,reading,london paddington,Monday,anytime
0 days,london euston,birmingham new street,Monday,anytime
0 days,birmingham new street,london st pancras,Monday,anytime
0 days,london kings cross,york,Monday,anytime
0 days,liverpool lime street,manchester piccadilly,Monday,anytime
0 days,london st pancras,birmingham new street,Monday,anytime
0 days,london paddington,reading,Monday,anytime
0 days,liverpool lime street,manchester piccadilly,Monday,anytime
1 days,liverpool lime street,manchester piccadilly,Tuesday,advance
0 days,london kings cross,york,Monday,off-peak
1 days,london kings cross,york,Tuesday,advance
0 days,london euston,birmingham new street,Monday,anytime
0 days,london kings cross,york,Monday,anytime
0 days,reading,swindon,Monday,anytime
0 days,london paddington,london waterloo,Monday,anytime
0 days,liverpool lime street,london euston,Monday,anytime
0 days,liverpool lime street,london euston,Monday,anytime
0 days,liverpool lime street,london euston,Monday,anytime
0 days,london st pancras,birmingham new street,Monday,anytime
0 days,liverpool lime street,london euston,Monday,anytime
1 days,london kings cross,york,Tuesday,advance
0 days,reading,oxford,Monday,anytime
0 days,liverpool lime street,london euston,Monday,anytime
0 days,liverpool lime street,london euston,Monday,anytime
0 days,manchester piccadilly,liverpool lime street,Monday,anytime
0 days,manchester piccadilly,leeds,Monday,anytime
0 days,london euston,birmingham new street,Monday,anytime
1 days,london kings cross,york,Tuesday,advance
0 days,york,liverpool lime street,Monday,anytime
0 days,london paddington,reading,Monday,anytime
0 days,london kings cross,york,Monday,anytime
0 days,london paddington,oxford,Monday,anytime
0 days,london kings cross,york,Monday,anytime
0 days,london paddington,reading,Monday,anytime
1 days,london st pancras,birmingham new street,Tuesday,advance
0 days,london paddington,reading,Monday,anytime
0 days,liverpool lime street,london paddington,Monday,anytime
0 days,liverpool lime street,london paddington,Monday,anytime
0 days,london paddington,oxford,Monday,anytime
0 days,manchester piccadilly,nottingham,Monday,off-peak
0 days,london kings cross,edinburgh waverley,Monday,anytime
0 days,london euston,birmingham new street,Monday,off-peak
1 days,manchester piccadilly,liverpool lime street,Tuesday,advance
0 days,manchester piccadilly,liverpool lime street,Monday,off-peak
1 days,london kings cross,york,Tuesday,advance
1 days,london paddington,reading,Tuesday,advance
1 days,london paddington,reading,Tuesday,advance
1 days,london kings cross,york,Tuesday,advance
1 days,york,doncaster,Tuesday,advance
1 days,manchester piccadilly,liverpool lime street,Tuesday,advance
0 days,manchester piccadilly,liverpool lime street,Monday,off-peak
1 days,london st pancras,birmingham new street,Tuesday,advance
1 days,birmingham new street,london st pancras,Tuesday,advance
1 days,london euston,manchester piccadilly,Tuesday,advance
1 days,birmingham new street,london st pancras,Tuesday,advance
1 days,london euston,birmingham new street,Tuesday,advance
1 days,birmingham new street,london kings cross,Tuesday,advance
1 days,london euston,birmingham new street,Tuesday,advance
1 days,london paddington,oxford,Tuesday,advance
1 days,manchester piccadilly,liverpool lime street,Tuesday,advance
1 days,london paddington,reading,Tuesday,advance
0 days,liverpool lime street,manchester piccadilly,Monday,off-peak
1 days,manchester piccadilly,liverpool lime street,Tuesday,advance
1 days,london kings cross,york,Tuesday,advance
1 days,london kings cross,york,Tuesday,advance
1 days,york,doncaster,Tuesday,advance
1 days,manchester piccadilly,liverpool lime street,Tuesday,advance
1 days,liverpool lime street,london euston,Tuesday,advance
1 days,liverpool lime street,london euston,Tuesday,advance
0 days,manchester piccadilly,liverpool lime street,Monday,off-peak
1 days,liverpool lime street,london euston,Tuesday,advance
1 days,london euston,manchester piccadilly,Tuesday,advance
1 days,liverpool lime street,london euston,Tuesday,advance
1 days,liverpool lime street,london euston,Tuesday,advance
0 days,manchester piccadilly,liverpool lime street,Monday,off-peak
1 days,manchester piccadilly,london euston,Tuesday,advance
1 days,london euston,birmingham new street,Tuesday,advance
1 days,london paddington,reading,Tuesday,advance
1 days,liverpool lime street,london st pancras,Tuesday,advance
1 days,liverpool lime street,manchester piccadilly,Tuesday,advance
1 days,london st pancras,birmingham new street,Tuesday,advance
0 days,london st pancras,birmingham new street,Monday,off-peak
1 days,london paddington,reading,Tuesday,advance
1 days,manchester piccadilly,leeds,Tuesday,advance
1 days,london paddington,reading,Tuesday,advance
0 days,london st pancras,birmingham new street,Monday,off-peak
1 days,manchester piccadilly,leeds,Tuesday,advance
0 days,manchester piccadilly,london st pancras,Monday,off-peak
0 days,manchester piccadilly,liverpool lime street,Monday,off-peak
0 days,london st pancras,birmingham new street,Monday,off-peak
0 days,london paddington,reading,Monday,off-peak
0 days,london euston,birmingham new street,Monday,off-peak
0 days,manchester piccadilly,liverpool lime street,Monday,off-peak
0 days,london kings cross,york,Monday,off-peak
0 days,manchester piccadilly,liverpool lime street,Monday,off-peak
1 days,manchester piccadilly,liverpool lime street,Tuesday,advance
0 days,manchester piccadilly,liverpool lime street,Monday,off-peak
0 days,manchester piccadilly,liverpool lime street,Monday,off-peak
0 days,manchester piccadilly,liverpool lime street,Monday,off-peak
1 days,manchester piccadilly,liverpool lime street,Tuesday,advance
0 days,london euston,birmingham new street,Monday,off-peak
0 days,london kings cross,york,Monday,off-peak
1 days,york,edinburgh,Tuesday,advance
0 days,london paddington,reading,Monday,off-peak
0 days,london paddington,reading,Monday,off-peak
0 days,london kings cross,york,Monday,off-peak
0 days,london kings cross,york,Monday,off-peak
1 days,london euston,birmingham new street,Tuesday,advance
1 days,london kings cross,york,Tuesday,advance
1 days,london paddington,reading,Tuesday,advance
0 days,london kings cross,york,Monday,off-peak
0 days,london kings cross,york,Monday,off-peak
0 days,birmingham new street,reading,Monday,off-peak
0 days,london paddington,reading,Monday,off-peak
1 days,birmingham new street,london st pancras,Tuesday,advance
0 days,london st pancras,birmingham new street,Monday,off-peak
0 days,london euston,birmingham new street,Monday,off-peak
0 days,london euston,birmingham new street,Monday,off-peak
1 days,london st pancras,birmingham new street,Tuesday,advance
1 days,london paddington,reading,Tuesday,advance
0 days,liverpool lime street,manchester piccadilly,Monday,off-peak
0 days,manchester piccadilly,liverpool lime street,Monday,off-peak
0 days,london st pancras,birmingham new street,Monday,off-peak
0 days,london euston,birmingham new street,Monday,anytime
1 days,london euston,birmingham new street,Tuesday,advance
0 days,london euston,birmingham new street,Monday,anytime
0 days,manchester piccadilly,liverpool lime street,Monday,anytime
0 days,london euston,birmingham new street,Monday,anytime
0 days,london euston,birmingham new street,Monday,anytime
0 days,london euston,birmingham new street,Monday,anytime
0 days,york,peterborough,Monday,anytime
0 days,manchester piccadilly,liverpool lime street,Monday,anytime
1 days,manchester piccadilly,liverpool lime street,Tuesday,advance
0 days,manchester piccadilly,liverpool lime street,Monday,anytime
0 days,manchester piccadilly,liverpool lime street,Monday,anytime
0 days,manchester piccadilly,liverpool lime street,Monday,anytime
1 days,london euston,birmingham new street,Tuesday,advance
1 days,london st pancras,birmingham new street,Tuesday,advance
0 days,liverpool lime street,leeds,Monday,anytime
1 days,manchester piccadilly,liverpool lime street,Tuesday,advance
0 days,london kings cross,york,Monday,anytime
0 days,london kings cross,york,Monday,anytime
0 days,london kings cross,york,Monday,anytime
0 days,london kings cross,york,Monday,anytime
0 days,london kings cross,york,Monday,anytime
0 days,london kings cross,york,Monday,anytime
0 days,london kings cross,york,Monday,anytime
0 days,london euston,birmingham new street,Monday,anytime
1 days,london paddington,reading,Tuesday,advance
0 days,london kings cross,york,Monday,anytime
0 days,london kings cross,york,Monday,anytime
0 days,liverpool lime street,manchester piccadilly,Monday,anytime
1 days,london st pancras,birmingham new street,Tuesday,advance
0 days,manchester piccadilly,liverpool lime street,Monday,anytime
0 days,manchester piccadilly,liverpool lime street,Monday,anytime
0 days,london euston,birmingham new street,Monday,anytime
1 days,london st pancras,birmingham new street,Tuesday,advance
0 days,london st pancras,birmingham new street,Monday,anytime
0 days,liverpool lime street,manchester piccadilly,Monday,anytime
0 days,liverpool lime street,london euston,Monday,anytime
0 days,london paddington,reading,Monday,anytime
0 days,liverpool lime street,london euston,Monday,anytime
0 days,london st pancras,birmingham new street,Monday,anytime
0 days,london st pancras,birmingham new street,Monday,anytime
0 days,birmingham new street,tamworth,Monday,anytime
0 days,london paddington,reading,Monday,anytime
0 days,reading,didcot,Monday,anytime
0 days,london st pancras,birmingham new street,Monday,anytime
0 days,birmingham new street,tamworth,Monday,anytime
1 days,london euston,birmingham new street,Tuesday,advance
1 days,london euston,birmingham new street,Tuesday,advance
1 days,london euston,birmingham new street,Tuesday,advance
1 days,london euston,birmingham new street,Tuesday,advance
1 days,manchester piccadilly,liverpool lime street,Tuesday,advance
0 days,manchester piccadilly,liverpool lime street,Monday,off-peak
1 days,london paddington,reading,Tuesday,advance
1 days,manchester piccadilly,liverpool lime street,Tuesday,advance
1 days,manchester piccadilly,london euston,Tuesday,advance
1 days,liverpool lime street,london euston,Tuesday,advance
1 days,manchester piccadilly,london euston,Tuesday,advance
0 days,manchester piccadilly,liverpool lime street,Monday,anytime
0 days,manchester piccadilly,liverpool lime street,Monday,anytime
0 days,manchester piccadilly,liverpool lime street,Monday,anytime
0 days,london euston,birmingham new street,Monday,off-peak
0 days,london paddington,reading,Monday,off-peak
0 days,liverpool lime street,manchester piccadilly,Monday,off-peak
0 days,manchester piccadilly,liverpool lime street,Monday,off-peak
0 days,manchester piccadilly,liverpool lime street,Monday,off-peak
0 days,london euston,birmingham new street,Monday,off-peak
0 days,liverpool lime street,manchester piccadilly,Monday,off-peak
0 days,london euston,birmingham new street,Monday,off-peak
1 days,london st pancras,leicester,Tuesday,advance
1 days,london euston,birmingham new street,Tuesday,advance
1 days,london st pancras,leicester,Tuesday,advance
1 days,manchester piccadilly,liverpool lime street,Tuesday,advance
1 days,london st pancras,birmingham new street,Tuesday,advance
1 days,london euston,birmingham new street,Tuesday,advance
1 days,manchester piccadilly,liverpool lime street,Tuesday,advance
1 days,manchester piccadilly,liverpool lime street,Tuesday,advance
1 days,liverpool lime street,manchester piccadilly,Tuesday,advance
0 days,london paddington,reading,Monday,off-peak
0 days,london paddington,reading,Monday,off-peak
0 days,london paddington,reading,Monday,off-peak
1 days,manchester piccadilly,liverpool lime street,Tuesday,advance
1 days,birmingham new street,nuneaton,Tuesday,advance
1 days,london st pancras,birmingham new street,Tuesday,advance
1 days,manchester piccadilly,liverpool lime street,Tuesday,advance
1 days,liverpool lime street,crewe,Tuesday,advance
1 days,manchester piccadilly,liverpool lime street,Tuesday,advance
1 days,london st pancras,birmingham new street,Tuesday,advance
1 days,birmingham new street,stafford,Tuesday,advance
1 days,london paddington,reading,Tuesday,advance
1 days,london paddington,reading,Tuesday,advance
1 days,manchester piccadilly,liverpool lime street,Tuesday,advance
1 days,london st pancras,birmingham new street,Tuesday,advance
0 days,london kings cross,york,Monday,off-peak
0 days,london euston,birmingham new street,Monday,off-peak
0 days,london kings cross,york,Monday,off-peak
1 days,manchester piccadilly,liverpool lime street,Tuesday,advance
1 days,london kings cross,york,Tuesday,advance
1 days,london st pancras,birmingham new street,Tuesday,advance
1 days,london euston,birmingham new street,Tuesday,advance
1 days,manchester piccadilly,sheffield,Tuesday,advance
1 days,manchester piccadilly,liverpool lime street,Tuesday,advance
1 days,london paddington,reading,Tuesday,advance
1 days,liverpool lime street,manchester piccadilly,Tuesday,advance
1 days,london euston,birmingham new street,Tuesday,advance
1 days,london st pancras,birmingham new street,Tuesday,advance
1 days,manchester piccadilly,liverpool lime street,Tuesday,advance
1 days,liverpool lime street,manchester piccadilly,Tuesday,advance
1 days,manchester piccadilly,liverpool lime street,Tuesday,advance
1 days,london kings cross,york,Tuesday,advance
1 days,london paddington,reading,Tuesday,advance
1 days,london euston,birmingham new street,Tuesday,advance
1 days,london kings cross,york,Tuesday,advance
1 days,london paddington,reading,Tuesday,advance
1 days,london euston,birmingham new street,Tuesday,advance
0 days,london paddington,reading,Tuesday,off-peak
0 days,manchester piccadilly,london paddington,Tuesday,off-peak
1 days,london paddington,reading,Wednesday,advance
0 days,york,durham,Tuesday,off-peak
0 days,london st pancras,birmingham new street,Tuesday,off-peak
0 days,manchester piccadilly,nottingham,Tuesday,off-peak
0 days,london st pancras,birmingham new street,Tuesday,off-peak
0 days,london paddington,reading,Tuesday,off-peak
0 days,liverpool lime street,manchester piccadilly,Tuesday,off-peak
0 days,liverpool lime street,manchester piccadilly,Tuesday,off-peak
0 days,york,durham,Tuesday,off-peak
0 days,liverpool lime street,manchester piccadilly,Tuesday,off-peak
0 days,liverpool lime street,manchester piccadilly,Tuesday,off-peak
0 days,liverpool lime street,manchester piccadilly,Tuesday,off-peak
0 days,london paddington,reading,Tuesday,off-peak
0 days,london euston,birmingham new street,Tuesday,off-peak
0 days,london st pancras,birmingham new street,Tuesday,off-peak
0 days,liverpool lime street,manchester piccadilly,Tuesday,off-peak
0 days,london st pancras,birmingham new street,Tuesday,off-peak
0 days,london kings cross,york,Tuesday,off-peak
0 days,london kings cross,york,Tuesday,off-peak
1 days,london st pancras,birmingham new street,Wednesday,advance
1 days,manchester piccadilly,london euston,Wednesday,advance
0 days,manchester piccadilly,liverpool lime street,Tuesday,off-peak
0 days,liverpool lime street,london euston,Tuesday,off-peak
0 days,london paddington,reading,Tuesday,off-peak
1 days,manchester piccadilly,liverpool lime street,Wednesday,advance
1 days,manchester piccadilly,liverpool lime street,Wednesday,advance
0 days,london euston,birmingham new street,Tuesday,off-peak
0 days,manchester piccadilly,liverpool lime street,Tuesday,anytime
0 days,manchester piccadilly,liverpool lime street,Tuesday,anytime
0 days,manchester piccadilly,liverpool lime street,Tuesday,anytime
0 days,london kings cross,york,Tuesday,anytime
0 days,manchester piccadilly,liverpool lime street,Tuesday,anytime
0 days,manchester piccadilly,liverpool lime street,Tuesday,anytime
0 days,manchester piccadilly,liverpool lime street,Tuesday,anytime
0 days,london st pancras,birmingham new street,Tuesday,anytime
0 days,london st pancras,birmingham new street,Tuesday,anytime
0 days,london paddington,reading,Tuesday,anytime
1 days,london kings cross,york,Wednesday,advance
0 days,london kings cross,york,Tuesday,off-peak
0 days,london euston,birmingham new street,Tuesday,anytime
1 days,liverpool lime street,manchester piccadilly,Wednesday,advance
1 days,liverpool lime street,manchester piccadilly,Wednesday,advance
0 days,london paddington,reading,Tuesday,anytime
0 days,london paddington,london waterloo,Tuesday,anytime
0 days,london kings cross,york,Tuesday,anytime
0 days,liverpool lime street,london euston,Tuesday,anytime
0 days,london euston,manchester piccadilly,Tuesday,anytime
0 days,london euston,manchester piccadilly,Tuesday,anytime
1 days,london kings cross,york,Wednesday,advance
0 days,london euston,manchester piccadilly,Tuesday,anytime
1 days,london euston,birmingham new street,Wednesday,advance
0 days,york,leeds,Tuesday,anytime
1 days,manchester piccadilly,liverpool lime street,Wednesday,advance
0 days,london paddington,oxford,Tuesday,anytime
0 days,manchester piccadilly,liverpool lime street,Tuesday,anytime
0 days,london paddington,oxford,Tuesday,anytime
0 days,london paddington,reading,Tuesday,anytime
1 days,london kings cross,liverpool lime street,Wednesday,advance
0 days,manchester piccadilly,liverpool lime street,Tuesday,off-peak
1 days,liverpool lime street,manchester piccadilly,Wednesday,advance
1 days,manchester piccadilly,liverpool lime street,Wednesday,advance
1 days,london paddington,reading,Wednesday,advance
1 days,london kings cross,york,Wednesday,advance
1 days,manchester piccadilly,liverpool lime street,Wednesday,advance
1 days,york,peterborough,Wednesday,advance
1 days,london kings cross,york,Wednesday,advance
1 days,birmingham new street,london st pancras,Wednesday,advance
1 days,manchester piccadilly,liverpool lime street,Wednesday,advance
1 days,birmingham new street,london st pancras,Wednesday,advance
1 days,birmingham new street,london st pancras,Wednesday,advance
1 days,birmingham new street,london st pancras,Wednesday,advance
1 days,london kings cross,york,Wednesday,advance
1 days,london paddington,reading,Wednesday,advance
1 days,london paddington,reading,Wednesday,advance
1 days,london paddington,oxford,Wednesday,advance
1 days,london paddington,reading,Wednesday,advance
1 days,london paddington,oxford,Wednesday,advance
1 days,london kings cross,york,Wednesday,advance
1 days,london paddington,reading,Wednesday,advance
1 days,london paddington,reading,Wednesday,advance
0 days,liverpool lime street,birmingham new street,Tuesday,off-peak
1 days,london kings cross,york,Wednesday,advance
1 days,london kings cross,york,Wednesday,advance
1 days,london kings cross,york,Wednesday,advance
0 days,liverpool lime street,manchester piccadilly,Tuesday,off-peak
1 days,london kings cross,york,Wednesday,advance
1 days,london kings cross,york,Wednesday,advance
0 days,london euston,birmingham new street,Tuesday,off-peak
1 days,birmingham new street,london st pancras,Wednesday,advance
0 days,london euston,birmingham new street,Tuesday,off-peak
1 days,london st pancras,birmingham new street,Wednesday,advance
1 days,reading,oxford,Wednesday,advance
1 days,london st pancras,birmingham new street,Wednesday,advance
1 days,manchester piccadilly,london euston,Wednesday,advance
1 days,london paddington,reading,Wednesday,advance
1 days,london euston,manchester piccadilly,Wednesday,advance
1 days,london euston,manchester piccadilly,Wednesday,advance
1 days,york,liverpool lime street,Wednesday,advance
1 days,manchester piccadilly,leeds,Wednesday,advance
1 days,london paddington,reading,Wednesday,advance
0 days,london kings cross,york,Tuesday,off-peak
1 days,london paddington,reading,Wednesday,advance
0 days,liverpool lime street,manchester piccadilly,Tuesday,off-peak
1 days,manchester piccadilly,liverpool lime street,Wednesday,advance
0 days,liverpool lime street,manchester piccadilly,Tuesday,off-peak
1 days,london euston,birmingham new street,Wednesday,advance
0 days,london st pancras,birmingham new street,Tuesday,off-peak
1 days,birmingham new street,manchester piccadilly,Wednesday,advance
0 days,london st pancras,birmingham new street,Tuesday,off-peak
0 days,manchester piccadilly,liverpool lime street,Tuesday,off-peak
0 days,manchester piccadilly,liverpool lime street,Tuesday,off-peak
0 days,manchester piccadilly,liverpool lime street,Tuesday,off-peak
0 days,london paddington,reading,Tuesday,off-peak
1 days,london st pancras,birmingham new street,Wednesday,advance
1 days,york,edinburgh,Wednesday,advance
0 days,liverpool lime street,manchester piccadilly,Tuesday,off-peak
1 days,manchester piccadilly,liverpool lime street,Wednesday,advance
0 days,manchester piccadilly,liverpool lime street,Tuesday,off-peak
0 days,london kings cross,york,Tuesday,off-peak
1 days,london euston,birmingham new street,Wednesday,advance
0 days,london kings cross,york,Tuesday,off-peak
1 days,london st pancras,birmingham new street,Wednesday,advance
0 days,manchester piccadilly,liverpool lime street,Tuesday,off-peak
1 days,london st pancras,birmingham new street,Wednesday,advance
1 days,london st pancras,birmingham new street,Wednesday,advance
0 days,london st pancras,birmingham new street,Tuesday,off-peak
1 days,manchester piccadilly,liverpool lime street,Wednesday,advance
0 days,london euston,birmingham new street,Tuesday,off-peak
1 days,london paddington,reading,Wednesday,advance
0 days,london st pancras,birmingham new street,Tuesday,off-peak
1 days,london euston,birmingham new street,Wednesday,advance
1 days,london st pancras,birmingham new street,Wednesday,advance
0 days,london paddington,reading,Tuesday,anytime
0 days,london euston,birmingham new street,Tuesday,anytime
0 days,london euston,birmingham new street,Tuesday,anytime
0 days,london euston,birmingham new street,Tuesday,anytime
0 days,london euston,birmingham new street,Tuesday,anytime
0 days,london euston,birmingham new street,Tuesday,anytime
0 days,manchester piccadilly,liverpool lime street,Tuesday,anytime
1 days,london kings cross,york,Wednesday,advance
0 days,london kings cross,york,Tuesday,anytime
1 days,london euston,birmingham new street,Wednesday,advance
1 days,manchester piccadilly,liverpool lime street,Wednesday,advance
0 days,birmingham new street,manchester piccadilly,Tuesday,anytime
1 days,london paddington,reading,Wednesday,advance
0 days,london euston,birmingham new street,Tuesday,anytime
0 days,liverpool lime street,sheffield,Tuesday,anytime
1 days,liverpool lime street,manchester piccadilly,Wednesday,advance
0 days,london kings cross,york,Tuesday,anytime
0 days,liverpool lime street,leeds,Tuesday,anytime
1 days,liverpool lime street,sheffield,Wednesday,advance
0 days,london kings cross,york,Tuesday,anytime
0 days,birmingham new street,london st pancras,Tuesday,anytime
0 days,london kings cross,york,Tuesday,anytime
1 days,london euston,birmingham new street,Wednesday,advance
0 days,liverpool lime street,manchester piccadilly,Tuesday,anytime
0 days,london kings cross,york,Tuesday,anytime
0 days,london euston,birmingham new street,Tuesday,anytime
0 days,london euston,birmingham new street,Tuesday,anytime
0 days,manchester piccadilly,liverpool lime street,Tuesday,anytime
0 days,manchester piccadilly,liverpool lime street,Tuesday,anytime
0 days,london euston,birmingham new street,Tuesday,anytime
1 days,liverpool lime street,manchester piccadilly,Wednesday,advance
1 days,manchester piccadilly,london euston,Wednesday,advance
0 days,london euston,birmingham new street,Tuesday,anytime
0 days,london st pancras,birmingham new street,Tuesday,anytime
0 days,liverpool lime street,manchester piccadilly,Tuesday,anytime
0 days,london kings cross,york,Tuesday,anytime
1 days,london euston,birmingham new street,Wednesday,advance
0 days,manchester piccadilly,liverpool lime street,Tuesday,anytime
0 days,london st pancras,birmingham new street,Tuesday,anytime
0 days,birmingham new street,nuneaton,Tuesday,anytime
0 days,london st pancras,wolverhampton,Tuesday,anytime
0 days,london st pancras,birmingham new street,Tuesday,anytime
1 days,london kings cross,york,Wednesday,advance
1 days,york,edinburgh,Wednesday,advance
0 days,birmingham new street,nuneaton,Tuesday,anytime
0 days,london euston,manchester piccadilly,Tuesday,anytime
1 days,london euston,birmingham new street,Wednesday,advance
0 days,birmingham new street,tamworth,Tuesday,anytime
0 days,york,peterborough,Tuesday,anytime
0 days,london st pancras,birmingham new street,Tuesday,anytime
0 days,birmingham new street,nuneaton,Tuesday,anytime
1 days,london kings cross,york,Wednesday,advance
1 days,london euston,birmingham new street,Wednesday,advance
1 days,london kings cross,york,Wednesday,advance
1 days,london euston,birmingham new street,Wednesday,advance
1 days,london euston,birmingham new street,Wednesday,advance
1 days,york,peterborough,Wednesday,advance
1 days,london euston,birmingham new street,Wednesday,advance
1 days,york,peterborough,Wednesday,advance
1 days,london euston,birmingham new street,Wednesday,advance
1 days,london kings cross,york,Wednesday,advance
1 days,manchester piccadilly,liverpool lime street,Wednesday,advance
1 days,birmingham new street,manchester piccadilly,Wednesday,advance
1 days,birmingham new street,manchester piccadilly,Wednesday,advance
1 days,manchester piccadilly,liverpool lime street,Wednesday,advance
1 days,liverpool lime street,london euston,Wednesday,advance
1 days,liverpool lime street,sheffield,Wednesday,advance
0 days,london st pancras,leicester,Tuesday,anytime
1 days,manchester piccadilly,london euston,Wednesday,advance
0 days,london st pancras,leicester,Tuesday,anytime
0 days,london kings cross,york,Tuesday,off-peak
0 days,london kings cross,york,Tuesday,off-peak
1 days,manchester piccadilly,liverpool lime street,Wednesday,advance
0 days,london st pancras,birmingham new street,Tuesday,off-peak
1 days,london kings cross,york,Wednesday,advance
1 days,london kings cross,york,Wednesday,advance
1 days,london kings cross,york,Wednesday,advance
1 days,birmingham new street,london paddington,Wednesday,advance
1 days,london kings cross,york,Wednesday,advance
1 days,london st pancras,birmingham new street,Wednesday,advance
0 days,manchester piccadilly,liverpool lime street,Tuesday,off-peak
1 days,london kings cross,york,Wednesday,advance
0 days,liverpool lime street,manchester piccadilly,Tuesday,off-peak
0 days,liverpool lime street,manchester piccadilly,Tuesday,off-peak
1 days,london st pancras,leicester,Wednesday,advance
1 days,manchester piccadilly,liverpool lime street,Wednesday,advance
1 days,manchester piccadilly,liverpool lime street,Wednesday,advance
1 days,london kings cross,york,Wednesday,advance
1 days,london euston,birmingham new street,Wednesday,advance
1 days,manchester piccadilly,liverpool lime street,Wednesday,advance
1 days,manchester piccadilly,liverpool lime street,Wednesday,advance
1 days,birmingham new street,york,Wednesday,advance
0 days,birmingham new street,liverpool lime street,Tuesday,off-peak
0 days,london paddington,reading,Tuesday,off-peak
1 days,manchester piccadilly,liverpool lime street,Wednesday,advance
1 days,birmingham new street,tamworth,Wednesday,advance
1 days,london kings cross,york,Wednesday,advance
1 days,birmingham new street,nuneaton,Wednesday,advance
1 days,london st pancras,birmingham new street,Wednesday,advance
1 days,manchester piccadilly,liverpool lime street,Wednesday,advance
1 days,birmingham new street,wolverhampton,Wednesday,advance
1 days,manchester piccadilly,liverpool lime street,Wednesday,advance
1 days,birmingham new street,stafford,Wednesday,advance
1 days,birmingham new street,stafford,Wednesday,advance
1 days,london euston,manchester piccadilly,Wednesday,advance
1 days,birmingham new street,london euston,Wednesday,advance
1 days,birmingham new street,tamworth,Wednesday,advance
1 days,birmingham new street,stafford,Wednesday,advance
1 days,birmingham new street,stafford,Wednesday,advance
1 days,london kings cross,york,Wednesday,advance
1 days,manchester piccadilly,liverpool lime street,Wednesday,advance
1 days,london st pancras,birmingham new street,Wednesday,advance
1 days,liverpool lime street,manchester piccadilly,Wednesday,advance
0 days,london paddington,reading,Tuesday,off-peak
0 days,london kings cross,york,Tuesday,off-peak
1 days,london kings cross,york,Wednesday,advance
1 days,london st pancras,birmingham new street,Wednesday,advance
1 days,london euston,birmingham new street,Wednesday,advance
1 days,london st pancras,birmingham new street,Wednesday,advance
1 days,london euston,birmingham new street,Wednesday,advance
1 days,liverpool lime street,manchester piccadilly,Wednesday,advance
1 days,london paddington,reading,Wednesday,advance
1 days,london kings cross,york,Wednesday,advance
1 days,london kings cross,york,Wednesday,advance
1 days,london euston,birmingham new street,Wednesday,advance
1 days,london euston,birmingham new street,Wednesday,advance
1 days,london st pancras,birmingham new street,Wednesday,advance
1 days,london paddington,reading,Wednesday,advance
1 days,london paddington,reading,Wednesday,advance
1 days,london paddington,reading,Wednesday,advance
1 days,london kings cross,york,Wednesday,advance
1 days,london kings cross,york,Wednesday,advance
1 days,london kings cross,york,Wednesday,advance
0 days,london kings cross,york,Wednesday,off-peak
2 days,london kings cross,edinburgh waverley,Friday,advance
2 days,london kings cross,edinburgh waverley,Friday,advance
0 days,liverpool lime street,manchester piccadilly,Wednesday,off-peak
0 days,london paddington,reading,Wednesday,off-peak
1 days,liverpool lime street,manchester piccadilly,Thursday,advance
0 days,liverpool lime street,manchester piccadilly,Wednesday,off-peak
1 days,london paddington,reading,Thursday,advance
0 days,york,durham,Wednesday,off-peak
0 days,york,durham,Wednesday,off-peak
0 days,liverpool lime street,manchester piccadilly,Wednesday,off-peak
0 days,liverpool lime street,london paddington,Wednesday,off-peak
1 days,manchester piccadilly,liverpool lime street,Thursday,advance
0 days,london kings cross,york,Wednesday,off-peak
1 days,london kings cross,york,Thursday,advance
0 days,london euston,birmingham new street,Wednesday,off-peak
0 days,liverpool lime street,manchester piccadilly,Wednesday,off-peak
0 days,london euston,birmingham new street,Wednesday,off-peak
0 days,london kings cross,york,Wednesday,off-peak
0 days,london kings cross,liverpool lime street,Wednesday,off-peak
0 days,london kings cross,york,Wednesday,off-peak
1 days,london euston,birmingham new street,Thursday,advance
1 days,london euston,birmingham new street,Thursday,advance
1 days,london euston,birmingham new street,Thursday,advance
0 days,manchester piccadilly,liverpool lime street,Wednesday,off-peak
1 days,liverpool lime street,manchester piccadilly,Thursday,advance
1 days,london kings cross,york,Thursday,advance
1 days,liverpool lime street,manchester piccadilly,Thursday,advance
0 days,liverpool lime street,manchester piccadilly,Wednesday,anytime
0 days,oxford,bristol temple meads,Wednesday,anytime
1 days,liverpool lime street,london paddington,Thursday,advance
0 days,london paddington,reading,Wednesday,anytime
1 days,london paddington,reading,Thursday,advance
0 days,manchester piccadilly,liverpool lime street,Wednesday,anytime
0 days,manchester piccadilly,liverpool lime street,Wednesday,anytime
0 days,manchester piccadilly,liverpool lime street,Wednesday,anytime
0 days,london kings cross,york,Wednesday,anytime
0 days,manchester piccadilly,liverpool lime street,Wednesday,anytime
0 days,london paddington,reading,Wednesday,anytime
0 days,manchester piccadilly,liverpool lime street,Wednesday,anytime
0 days,london st pancras,wolverhampton,Wednesday,anytime
0 days,birmingham new street,london st pancras,Wednesday,anytime
0 days,london paddington,reading,Wednesday,anytime
1 days,london euston,birmingham new street,Thursday,advance
1 days,london euston,birmingham new street,Thursday,advance
0 days,liverpool lime street,manchester piccadilly,Wednesday,anytime
0 days,london paddington,reading,Wednesday,anytime
0 days,liverpool lime street,manchester piccadilly,Wednesday,anytime
0 days,london paddington,reading,Wednesday,anytime
1 days,manchester piccadilly,liverpool lime street,Thursday,advance
1 days,liverpool lime street,manchester piccadilly,Thursday,advance
1 days,london euston,birmingham new street,Thursday,advance
0 days,london paddington,reading,Wednesday,anytime
0 days,reading,swindon,Wednesday,anytime
0 days,london kings cross,york,Wednesday,anytime
1 days,london st pancras,birmingham new street,Thursday,advance
0 days,liverpool lime street,manchester piccadilly,Wednesday,anytime
0 days,reading,swindon,Wednesday,anytime
0 days,york,peterborough,Wednesday,anytime
0 days,york,peterborough,Wednesday,anytime
1 days,london st pancras,birmingham new street,Thursday,advance
0 days,london kings cross,york,Wednesday,anytime
1 days,london kings cross,york,Thursday,advance
0 days,london paddington,reading,Wednesday,anytime
0 days,manchester piccadilly,london euston,Wednesday,anytime
1 days,london paddington,liverpool lime street,Thursday,advance
0 days,liverpool lime street,london euston,Wednesday,anytime
0 days,manchester piccadilly,london euston,Wednesday,anytime
0 days,manchester piccadilly,sheffield,Wednesday,anytime
0 days,manchester piccadilly,liverpool lime street,Wednesday,anytime
0 days,london paddington,oxford,Wednesday,anytime
0 days,london paddington,reading,Wednesday,anytime
0 days,london paddington,oxford,Wednesday,anytime
1 days,london paddington,reading,Thursday,advance
0 days,london paddington,oxford,Wednesday,anytime
0 days,london paddington,oxford,Wednesday,anytime
1 days,liverpool lime street,manchester piccadilly,Thursday,advance
0 days,london paddington,reading,Wednesday,off-peak
0 days,london kings cross,edinburgh waverley,Wednesday,anytime
1 days,london paddington,reading,Thursday,advance
1 days,london paddington,reading,Thursday,advance
1 days,manchester piccadilly,liverpool lime street,Thursday,advance
1 days,london paddington,reading,Thursday,advance
1 days,manchester piccadilly,liverpool lime street,Thursday,advance
1 days,london paddington,reading,Thursday,advance
0 days,london st pancras,birmingham new street,Wednesday,off-peak
1 days,birmingham new street,london st pancras,Thursday,advance
1 days,birmingham new street,london st pancras,Thursday,advance
1 days,london euston,birmingham new street,Thursday,advance
1 days,london euston,birmingham new street,Thursday,advance
1 days,london st pancras,birmingham new street,Thursday,advance
1 days,london euston,birmingham new street,Thursday,advance
1 days,york,doncaster,Thursday,advance
1 days,birmingham new street,london euston,Thursday,advance
1 days,birmingham new street,london st pancras,Thursday,advance
1 days,birmingham new street,london st pancras,Thursday,advance
1 days,london paddington,oxford,Thursday,advance
1 days,london paddington,reading,Thursday,advance
1 days,london paddington,oxford,Thursday,advance
1 days,london kings cross,york,Thursday,advance
0 days,london euston,birmingham new street,Wednesday,off-peak
1 days,london paddington,oxford,Thursday,advance
1 days,london kings cross,york,Thursday,advance
1 days,london paddington,reading,Thursday,advance
1 days,london st pancras,birmingham new street,Thursday,advance
1 days,manchester piccadilly,liverpool lime street,Thursday,advance
1 days,manchester piccadilly,liverpool lime street,Thursday,advance
1 days,manchester piccadilly,liverpool lime street,Thursday,advance
1 days,birmingham new street,london st pancras,Thursday,advance
0 days,london euston,birmingham new street,Wednesday,off-peak
1 days,york,doncaster,Thursday,advance
1 days,london paddington,london waterloo,Thursday,advance
1 days,liverpool lime street,london euston,Thursday,advance
1 days,london euston,manchester piccadilly,Thursday,advance
1 days,reading,oxford,Thursday,advance
1 days,liverpool lime street,london euston,Thursday,advance
1 days,manchester piccadilly,london euston,Thursday,advance
1 days,reading,birmingham new street,Thursday,advance
1 days,liverpool lime street,london euston,Thursday,advance
0 days,london st pancras,birmingham new street,Wednesday,off-peak
1 days,london euston,birmingham new street,Thursday,advance
1 days,london euston,birmingham new street,Thursday,advance
1 days,london kings cross,york,Thursday,advance
1 days,manchester piccadilly,london euston,Thursday,advance
0 days,manchester piccadilly,liverpool lime street,Wednesday,off-peak
1 days,london paddington,reading,Thursday,advance
1 days,london euston,birmingham new street,Thursday,advance
1 days,london euston,birmingham new street,Thursday,advance
1 days,manchester piccadilly,liverpool lime street,Thursday,advance
1 days,london paddington,reading,Thursday,advance
1 days,london euston,birmingham new street,Thursday,advance
1 days,manchester piccadilly,liverpool lime street,Thursday,advance
1 days,london euston,birmingham new street,Thursday,advance
1 days,liverpool lime street,manchester piccadilly,Thursday,advance
0 days,london st pancras,birmingham new street,Wednesday,off-peak
0 days,london euston,birmingham new street,Wednesday,off-peak
0 days,london paddington,reading,Wednesday,off-peak
1 days,liverpool lime street,manchester piccadilly,Thursday,advance
1 days,birmingham new street,manchester piccadilly,Thursday,advance
0 days,london paddington,reading,Wednesday,off-peak
0 days,london euston,birmingham new street,Wednesday,off-peak
0 days,london st pancras,birmingham new street,Wednesday,off-peak
0 days,london paddington,reading,Wednesday,off-peak
1 days,manchester piccadilly,liverpool lime street,Thursday,advance
1 days,london st pancras,birmingham new street,Thursday,advance
1 days,london st pancras,birmingham new street,Thursday,advance
1 days,manchester piccadilly,liverpool lime street,Thursday,advance
0 days,london paddington,reading,Wednesday,off-peak
0 days,london st pancras,birmingham new street,Wednesday,off-peak
0 days,london paddington,reading,Wednesday,off-peak
1 days,london st pancras,birmingham new street,Thursday,advance
1 days,oxford,bristol temple meads,Thursday,advance
1 days,london st pancras,birmingham new street,Thursday,advance
1 days,london paddington,reading,Thursday,advance
1 days,manchester piccadilly,london st pancras,Thursday,advance
1 days,london kings cross,york,Thursday,advance
0 days,london kings cross,york,Wednesday,off-peak
0 days,london paddington,reading,Wednesday,off-peak
0 days,reading,london paddington,Wednesday,off-peak
0 days,london euston,birmingham new street,Wednesday,off-peak
0 days,london euston,birmingham new street,Wednesday,off-peak
0 days,london euston,birmingham new street,Wednesday,off-peak
0 days,manchester piccadilly,liverpool lime street,Wednesday,anytime
1 days,manchester piccadilly,liverpool lime street,Thursday,advance
0 days,london kings cross,york,Wednesday,anytime
1 days,manchester piccadilly,liverpool lime street,Thursday,advance
0 days,london kings cross,york,Wednesday,anytime
0 days,london euston,birmingham new street,Wednesday,anytime
0 days,london euston,birmingham new street,Wednesday,anytime
0 days,london euston,birmingham new street,Wednesday,anytime
0 days,london euston,birmingham new street,Wednesday,anytime
0 days,manchester piccadilly,liverpool lime street,Wednesday,anytime
0 days,london euston,birmingham new street,Wednesday,anytime
0 days,manchester piccadilly,liverpool lime street,Wednesday,anytime
1 days,liverpool lime street,london euston,Thursday,advance
0 days,birmingham new street,manchester piccadilly,Wednesday,anytime
1 days,birmingham new street,london st pancras,Thursday,advance
0 days,london st pancras,leicester,Wednesday,anytime
0 days,birmingham new street,manchester piccadilly,Wednesday,anytime
0 days,london kings cross,york,Wednesday,anytime
0 days,london kings cross,york,Wednesday,anytime
1 days,manchester piccadilly,london euston,Thursday,advance
1 days,manchester piccadilly,london euston,Thursday,advance
0 days,liverpool lime street,sheffield,Wednesday,anytime
0 days,manchester piccadilly,london euston,Wednesday,off-peak
1 days,manchester piccadilly,liverpool lime street,Thursday,advance
0 days,edinburgh waverley,london kings cross,Wednesday,off-peak
1 days,liverpool lime street,manchester piccadilly,Thursday,advance
0 days,london paddington,reading,Wednesday,anytime
0 days,london kings cross,york,Wednesday,anytime
0 days,london kings cross,york,Wednesday,anytime
1 days,london st pancras,birmingham new street,Thursday,advance
0 days,manchester piccadilly,liverpool lime street,Wednesday,anytime
0 days,london euston,manchester piccadilly,Wednesday,anytime
0 days,london kings cross,york,Wednesday,anytime
0 days,london euston,birmingham new street,Wednesday,anytime
0 days,birmingham new street,tamworth,Wednesday,anytime
0 days,london euston,birmingham new street,Wednesday,anytime
1 days,manchester piccadilly,liverpool lime street,Thursday,advance
0 days,london euston,birmingham new street,Wednesday,anytime
1 days,manchester piccadilly,liverpool lime street,Thursday,advance
1 days,london paddington,reading,Thursday,advance
0 days,london st pancras,birmingham new street,Wednesday,anytime
0 days,london kings cross,york,Wednesday,anytime
0 days,liverpool lime street,london euston,Wednesday,anytime
0 days,london st pancras,birmingham new street,Wednesday,anytime
0 days,london st pancras,birmingham new street,Wednesday,anytime
0 days,london st pancras,birmingham new street,Wednesday,anytime
0 days,birmingham new street,coventry,Wednesday,anytime
1 days,london kings cross,york,Thursday,advance
0 days,london st pancras,birmingham new street,Wednesday,anytime
0 days,london st pancras,birmingham new street,Wednesday,anytime
1 days,liverpool lime street,manchester piccadilly,Thursday,advance
0 days,london st pancras,birmingham new street,Wednesday,anytime
0 days,london st pancras,wolverhampton,Wednesday,anytime
0 days,london st pancras,birmingham new street,Wednesday,anytime
1 days,london euston,birmingham new street,Thursday,advance
1 days,london euston,birmingham new street,Thursday,advance
1 days,london kings cross,york,Thursday,advance
0 days,london st pancras,birmingham new street,Wednesday,off-peak
1 days,manchester piccadilly,liverpool lime street,Thursday,advance
1 days,manchester piccadilly,liverpool lime street,Thursday,advance
1 days,london kings cross,york,Thursday,advance
1 days,london kings cross,liverpool lime street,Thursday,advance
1 days,liverpool lime street,sheffield,Thursday,advance
0 days,manchester piccadilly,liverpool lime street,Wednesday,anytime
0 days,manchester piccadilly,liverpool lime street,Wednesday,anytime
0 days,london paddington,reading,Wednesday,off-peak
1 days,london kings cross,york,Thursday,advance
1 days,london kings cross,york,Thursday,advance
0 days,london kings cross,york,Wednesday,off-peak
1 days,manchester piccadilly,liverpool lime street,Thursday,advance
1 days,london euston,birmingham new street,Thursday,advance
0 days,london st pancras,birmingham new street,Wednesday,off-peak
0 days,london st pancras,birmingham new street,Wednesday,off-peak
1 days,manchester piccadilly,liverpool lime street,Thursday,advance
0 days,reading,oxford,Wednesday,off-peak
1 days,london paddington,reading,Thursday,advance
1 days,london st pancras,leicester,Thursday,advance
1 days,manchester piccadilly,liverpool lime street,Thursday,advance
0 days,london euston,birmingham new street,Wednesday,off-peak
1 days,london paddington,reading,Thursday,advance
0 days,london euston,birmingham new street,Wednesday,off-peak
1 days,london st pancras,birmingham new street,Thursday,advance
1 days,london st pancras,birmingham new street,Thursday,advance
0 days,manchester piccadilly,liverpool lime street,Wednesday,off-peak
1 days,birmingham new street,nuneaton,Thursday,advance
1 days,birmingham new street,nuneaton,Thursday,advance
1 days,manchester piccadilly,liverpool lime street,Thursday,advance
1 days,london st pancras,birmingham new street,Thursday,advance
1 days,london kings cross,york,Thursday,advance
1 days,london euston,manchester piccadilly,Thursday,advance
1 days,london st pancras,birmingham new street,Thursday,advance
1 days,birmingham new street,stafford,Thursday,advance
1 days,birmingham new street,tamworth,Thursday,advance
1 days,birmingham new street,nuneaton,Thursday,advance
1 days,birmingham new street,stafford,Thursday,advance
1 days,london st pancras,birmingham new street,Thursday,advance
0 days,london st pancras,birmingham new street,Wednesday,off-peak
1 days,london paddington,reading,Thursday,advance
1 days,london st pancras,birmingham new street,Thursday,advance
1 days,london paddington,reading,Thursday,advance
1 days,london st pancras,birmingham new street,Thursday,advance
1 days,london st pancras,birmingham new street,Thursday,advance
1 days,reading,oxford,Thursday,advance
1 days,london euston,birmingham new street,Thursday,advance
1 days,manchester piccadilly,liverpool lime street,Thursday,advance
1 days,london st pancras,birmingham new street,Thursday,advance
1 days,london euston,birmingham new street,Thursday,advance
1 days,liverpool lime street,manchester piccadilly,Thursday,advance
1 days,liverpool lime street,manchester piccadilly,Thursday,advance
1 days,london paddington,reading,Thursday,advance
1 days,liverpool lime street,manchester piccadilly,Thursday,advance
1 days,liverpool lime street,leeds,Thursday,advance
1 days,liverpool lime street,manchester piccadilly,Thursday,advance
1 days,liverpool lime street,manchester piccadilly,Thursday,advance
1 days,london kings cross,york,Thursday,advance
1 days,london kings cross,york,Thursday,advance
0 days,manchester piccadilly,liverpool lime street,Thursday,off-peak
0 days,london euston,birmingham new street,Thursday,off-peak
0 days,london st pancras,birmingham new street,Thursday,off-peak
0 days,manchester piccadilly,london euston,Thursday,off-peak
0 days,manchester piccadilly,nottingham,Thursday,off-peak
0 days,manchester piccadilly,nottingham,Thursday,off-peak
0 days,london euston,birmingham new street,Thursday,off-peak
1 days,london st pancras,birmingham new street,Friday,advance
1 days,london paddington,reading,Friday,advance
1 days,london paddington,reading,Friday,advance
1 days,liverpool lime street,manchester piccadilly,Friday,advance
0 days,york,durham,Thursday,off-peak
0 days,york,durham,Thursday,off-peak
1 days,york,durham,Friday,advance
1 days,manchester piccadilly,london paddington,Friday,advance
1 days,manchester piccadilly,liverpool lime street,Friday,advance
1 days,london euston,york,Friday,advance
0 days,liverpool lime street,manchester piccadilly,Thursday,off-peak
0 days,london euston,birmingham new street,Thursday,off-peak
0 days,liverpool lime street,manchester piccadilly,Thursday,off-peak
0 days,liverpool lime street,manchester piccadilly,Thursday,off-peak
0 days,london kings cross,york,Thursday,off-peak
0 days,london st pancras,birmingham new street,Thursday,off-peak
0 days,liverpool lime street,manchester piccadilly,Thursday,off-peak
0 days,london kings cross,york,Thursday,off-peak
1 days,liverpool lime street,manchester piccadilly,Friday,advance
1 days,liverpool lime street,manchester piccadilly,Friday,advance
0 days,london st pancras,birmingham new street,Thursday,off-peak
1 days,london paddington,reading,Friday,advance
1 days,york,durham,Friday,advance
0 days,london kings cross,york,Thursday,off-peak
0 days,london kings cross,york,Thursday,off-peak
0 days,london kings cross,liverpool lime street,Thursday,off-peak
1 days,london kings cross,york,Friday,advance
0 days,london euston,manchester piccadilly,Thursday,off-peak
0 days,manchester piccadilly,liverpool lime street,Thursday,off-peak
0 days,london paddington,reading,Thursday,off-peak
1 days,london euston,birmingham new street,Friday,advance
0 days,london st pancras,birmingham new street,Thursday,off-peak
0 days,liverpool lime street,manchester piccadilly,Thursday,anytime
0 days,manchester piccadilly,liverpool lime street,Thursday,anytime
0 days,manchester piccadilly,liverpool lime street,Thursday,anytime
1 days,manchester piccadilly,liverpool lime street,Friday,advance
0 days,london kings cross,york,Thursday,anytime
0 days,london paddington,reading,Thursday,anytime
1 days,london paddington,reading,Friday,advance
0 days,london paddington,reading,Thursday,anytime
0 days,london kings cross,york,Thursday,anytime
0 days,london euston,birmingham new street,Thursday,anytime
0 days,birmingham new street,london st pancras,Thursday,anytime
0 days,birmingham new street,london st pancras,Thursday,anytime
0 days,birmingham new street,london st pancras,Thursday,anytime
0 days,birmingham new street,london kings cross,Thursday,anytime
0 days,birmingham new street,london st pancras,Thursday,anytime
0 days,birmingham new street,london st pancras,Thursday,anytime
0 days,liverpool lime street,manchester piccadilly,Thursday,anytime
0 days,london st pancras,birmingham new street,Thursday,anytime
0 days,liverpool lime street,manchester piccadilly,Thursday,anytime
0 days,liverpool lime street,manchester piccadilly,Thursday,anytime
0 days,manchester piccadilly,liverpool lime street,Thursday,anytime
1 days,liverpool lime street,manchester piccadilly,Friday,advance
0 days,york,peterborough,Thursday,anytime
0 days,london paddington,reading,Thursday,anytime
0 days,reading,swindon,Thursday,anytime
1 days,london st pancras,birmingham new street,Friday,advance
0 days,liverpool lime street,manchester piccadilly,Thursday,anytime
0 days,liverpool lime street,manchester piccadilly,Thursday,anytime
1 days,london kings cross,liverpool lime street,Friday,advance
1 days,london st pancras,birmingham new street,Friday,advance
1 days,liverpool lime street,london euston,Friday,advance
0 days,liverpool lime street,london euston,Thursday,anytime
0 days,liverpool lime street,london euston,Thursday,anytime
0 days,london paddington,reading,Thursday,anytime
0 days,liverpool lime street,london euston,Thursday,anytime
0 days,liverpool lime street,london euston,Thursday,anytime
0 days,liverpool lime street,london euston,Thursday,anytime
0 days,london kings cross,liverpool lime street,Thursday,anytime
0 days,london euston,birmingham new street,Thursday,anytime
0 days,london euston,birmingham new street,Thursday,anytime
0 days,london euston,birmingham new street,Thursday,anytime
0 days,london paddington,reading,Thursday,anytime
0 days,london paddington,reading,Thursday,anytime
0 days,liverpool lime street,london paddington,Thursday,anytime
0 days,london paddington,oxford,Thursday,anytime
1 days,london st pancras,birmingham new street,Friday,advance
0 days,london paddington,oxford,Thursday,anytime
1 days,liverpool lime street,manchester piccadilly,Friday,advance
0 days,london paddington,reading,Thursday,anytime
0 days,london kings cross,york,Thursday,anytime
0 days,london paddington,oxford,Thursday,anytime
0 days,london euston,birmingham new street,Thursday,off-peak
0 days,london paddington,reading,Thursday,off-peak
0 days,manchester piccadilly,liverpool lime street,Thursday,off-peak
1 days,london kings cross,york,Friday,advance
1 days,london paddington,reading,Friday,advance
1 days,london kings cross,york,Friday,advance
1 days,london kings cross,york,Friday,advance
0 days,manchester piccadilly,liverpool lime street,Thursday,off-peak
0 days,london kings cross,edinburgh waverley,Thursday,anytime
1 days,manchester piccadilly,liverpool lime street,Friday,advance
0 days,manchester piccadilly,liverpool lime street,Thursday,off-peak
0 days,london paddington,reading,Thursday,off-peak
1 days,london euston,manchester piccadilly,Friday,advance
1 days,london euston,birmingham new street,Friday,advance
1 days,london kings cross,york,Friday,advance
1 days,birmingham new street,london st pancras,Friday,advance
1 days,birmingham new street,london st pancras,Friday,advance
1 days,london euston,birmingham new street,Friday,advance
1 days,york,doncaster,Friday,advance
1 days,london paddington,reading,Friday,advance
1 days,birmingham new street,london st pancras,Friday,advance
1 days,london paddington,oxford,Friday,advance
1 days,london paddington,reading,Friday,advance
1 days,london paddington,oxford,Friday,advance
1 days,london paddington,reading,Friday,advance
1 days,london paddington,reading,Friday,advance
1 days,london paddington,reading,Friday,advance
1 days,liverpool lime street,manchester piccadilly,Friday,advance
1 days,london euston,birmingham new street,Friday,advance
1 days,liverpool lime street,manchester piccadilly,Friday,advance
0 days,london paddington,reading,Thursday,off-peak
1 days,london kings cross,york,Friday,advance
1 days,london kings cross,york,Friday,advance
1 days,london euston,birmingham new street,Friday,advance
0 days,liverpool lime street,manchester piccadilly,Thursday,off-peak
1 days,birmingham new street,london st pancras,Friday,advance
0 days,london euston,birmingham new street,Thursday,off-peak
0 days,london st pancras,birmingham new street,Thursday,off-peak
1 days,london paddington,reading,Friday,advance
0 days,oxford,bristol temple meads,Thursday,off-peak
0 days,london euston,birmingham new street,Thursday,off-peak
1 days,london st pancras,birmingham new street,Friday,advance
1 days,london paddington,reading,Friday,advance
0 days,london euston,birmingham new street,Thursday,off-peak
1 days,liverpool lime street,london euston,Friday,advance
1 days,liverpool lime street,london euston,Friday,advance
1 days,liverpool lime street,london euston,Friday,advance
1 days,london euston,birmingham new street,Friday,advance
1 days,manchester piccadilly,sheffield,Friday,advance
1 days,manchester piccadilly,leeds,Friday,advance
1 days,london paddington,reading,Friday,advance
1 days,london kings cross,york,Friday,advance
1 days,london kings cross,york,Friday,advance
1 days,manchester piccadilly,liverpool lime street,Friday,advance
1 days,manchester piccadilly,liverpool lime street,Friday,advance
0 days,london st pancras,birmingham new street,Thursday,off-peak
1 days,london euston,birmingham new street,Friday,advance
0 days,liverpool lime street,manchester piccadilly,Thursday,off-peak
0 days,liverpool lime street,manchester piccadilly,Thursday,off-peak
1 days,london paddington,reading,Friday,advance
1 days,london paddington,reading,Friday,advance
0 days,london st pancras,birmingham new street,Thursday,off-peak
0 days,london paddington,reading,Thursday,off-peak
0 days,liverpool lime street,manchester piccadilly,Thursday,off-peak
0 days,manchester piccadilly,liverpool lime street,Thursday,off-peak
1 days,liverpool lime street,manchester piccadilly,Friday,advance
1 days,london st pancras,birmingham new street,Friday,advance
0 days,manchester piccadilly,london paddington,Thursday,off-peak
0 days,london kings cross,york,Thursday,off-peak
1 days,york,edinburgh,Friday,advance
1 days,london st pancras,birmingham new street,Friday,advance
1 days,manchester piccadilly,liverpool lime street,Friday,advance
1 days,liverpool lime street,manchester piccadilly,Friday,advance
1 days,manchester piccadilly,liverpool lime street,Friday,advance
0 days,london paddington,reading,Thursday,off-peak
1 days,london paddington,reading,Friday,advance
1 days,london st pancras,birmingham new street,Friday,advance
1 days,london euston,birmingham new street,Friday,advance
1 days,reading,london paddington,Friday,advance
0 days,liverpool lime street,manchester piccadilly,Thursday,off-peak
0 days,london st pancras,birmingham new street,Thursday,off-peak
1 days,london st pancras,birmingham new street,Friday,advance
0 days,london paddington,reading,Thursday,off-peak
0 days,london st pancras,birmingham new street,Thursday,off-peak
0 days,london st pancras,birmingham new street,Thursday,off-peak
0 days,london paddington,reading,Thursday,off-peak
1 days,london euston,birmingham new street,Friday,advance
1 days,london paddington,reading,Friday,advance
0 days,manchester piccadilly,liverpool lime street,Thursday,off-peak
0 days,manchester piccadilly,liverpool lime street,Thursday,off-peak
0 days,manchester piccadilly,liverpool lime street,Thursday,anytime
0 days,london kings cross,york,Thursday,anytime
0 days,london euston,birmingham new street,Thursday,anytime
0 days,manchester piccadilly,liverpool lime street,Thursday,anytime
1 days,london kings cross,york,Friday,advance
0 days,london kings cross,york,Thursday,anytime
0 days,london kings cross,york,Thursday,anytime
1 days,london euston,birmingham new street,Friday,advance
1 days,liverpool lime street,manchester piccadilly,Friday,advance
0 days,manchester piccadilly,london euston,Thursday,off-peak
0 days,birmingham new street,liverpool lime street,Thursday,anytime
0 days,manchester piccadilly,liverpool lime street,Thursday,anytime
0 days,london kings cross,york,Thursday,anytime
0 days,london kings cross,york,Thursday,anytime
0 days,manchester piccadilly,liverpool lime street,Thursday,anytime
1 days,london paddington,reading,Friday,advance
0 days,london euston,birmingham new street,Thursday,anytime
0 days,manchester piccadilly,liverpool lime street,Thursday,anytime
0 days,liverpool lime street,manchester piccadilly,Thursday,anytime
0 days,reading,oxford,Thursday,anytime
0 days,manchester piccadilly,liverpool lime street,Thursday,anytime
0 days,reading,london paddington,Thursday,anytime
0 days,reading,oxford,Thursday,anytime
1 days,edinburgh waverley,london kings cross,Friday,advance
1 days,london kings cross,york,Friday,advance
1 days,london st pancras,birmingham new street,Friday,advance
0 days,manchester piccadilly,liverpool lime street,Thursday,anytime
0 days,manchester piccadilly,liverpool lime street,Thursday,anytime
1 days,london paddington,reading,Friday,advance
1 days,london paddington,reading,Friday,advance
0 days,liverpool lime street,manchester piccadilly,Thursday,anytime
1 days,london st pancras,birmingham new street,Friday,advance
0 days,birmingham new street,york,Thursday,anytime
0 days,london kings cross,york,Thursday,anytime
0 days,manchester piccadilly,london euston,Thursday,anytime
1 days,london euston,birmingham new street,Friday,advance
0 days,london st pancras,birmingham new street,Thursday,anytime
0 days,london st pancras,wolverhampton,Thursday,anytime
0 days,reading,didcot,Thursday,anytime
0 days,london st pancras,birmingham new street,Thursday,anytime
0 days,birmingham new street,nuneaton,Thursday,anytime
0 days,liverpool lime street,crewe,Thursday,anytime
0 days,birmingham new street,tamworth,Thursday,anytime
0 days,birmingham new street,nuneaton,Thursday,anytime
1 days,london kings cross,york,Friday,advance
1 days,london euston,birmingham new street,Friday,advance
0 days,london st pancras,birmingham new street,Thursday,off-peak
0 days,london euston,birmingham new street,Thursday,off-peak
1 days,london euston,birmingham new street,Friday,advance
1 days,york,peterborough,Friday,advance
1 days,london euston,birmingham new street,Friday,advance
0 days,manchester piccadilly,liverpool lime street,Thursday,off-peak
1 days,london st pancras,leicester,Friday,advance
1 days,london kings cross,york,Friday,advance
1 days,manchester piccadilly,liverpool lime street,Friday,advance
1 days,birmingham new street,manchester piccadilly,Friday,advance
1 days,birmingham new street,manchester piccadilly,Friday,advance
1 days,manchester piccadilly,liverpool lime street,Friday,advance
1 days,london euston,birmingham new street,Friday,advance
1 days,liverpool lime street,london euston,Friday,advance
0 days,london paddington,reading,Thursday,off-peak
1 days,london kings cross,york,Friday,advance
0 days,london st pancras,birmingham new street,Thursday,off-peak
0 days,london kings cross,york,Thursday,off-peak
0 days,london paddington,reading,Thursday,off-peak
1 days,liverpool lime street,manchester piccadilly,Friday,advance
1 days,liverpool lime street,manchester piccadilly,Friday,advance
1 days,london kings cross,york,Friday,advance
0 days,liverpool lime street,manchester piccadilly,Thursday,off-peak
1 days,london euston,birmingham new street,Friday,advance
1 days,london st pancras,leicester,Friday,advance
1 days,manchester piccadilly,liverpool lime street,Friday,advance
1 days,manchester piccadilly,liverpool lime street,Friday,advance
1 days,london st pancras,leicester,Friday,advance
1 days,manchester piccadilly,liverpool lime street,Friday,advance
1 days,london euston,birmingham new street,Friday,advance
1 days,manchester piccadilly,warrington,Friday,advance
1 days,manchester piccadilly,warrington,Friday,advance
1 days,london euston,birmingham new street,Friday,advance
1 days,london paddington,reading,Friday,advance
1 days,liverpool lime street,manchester piccadilly,Friday,advance
0 days,london kings cross,york,Thursday,off-peak
1 days,london st pancras,birmingham new street,Friday,advance
1 days,birmingham new street,wolverhampton,Friday,advance
1 days,london paddington,reading,Friday,advance
1 days,london st pancras,birmingham new street,Friday,advance
1 days,manchester piccadilly,liverpool lime street,Friday,advance
0 days,london euston,birmingham new street,Thursday,off-peak
1 days,london st pancras,birmingham new street,Friday,advance
1 days,manchester piccadilly,liverpool lime street,Friday,advance
1 days,birmingham new street,nuneaton,Friday,advance
1 days,london kings cross,york,Friday,advance
1 days,london kings cross,york,Friday,advance
0 days,london euston,birmingham new street,Thursday,off-peak
0 days,birmingham new street,liverpool lime street,Thursday,off-peak
1 days,london kings cross,york,Friday,advance
1 days,london st pancras,birmingham new street,Friday,advance
1 days,london st pancras,birmingham new street,Friday,advance
1 days,london st pancras,birmingham new street,Friday,advance
1 days,london paddington,reading,Friday,advance
1 days,london paddington,reading,Friday,advance
1 days,london paddington,reading,Friday,advance
1 days,london euston,birmingham new street,Friday,advance
1 days,manchester piccadilly,liverpool lime street,Friday,advance
1 days,birmingham new street,london st pancras,Friday,advance
1 days,london paddington,reading,Friday,advance
1 days,london euston,birmingham new street,Friday,advance
1 days,london euston,birmingham new street,Friday,advance
1 days,london euston,birmingham new street,Friday,advance
1 days,birmingham new street,liverpool lime street,Friday,advance
1 days,birmingham new street,liverpool lime street,Friday,advance
1 days,london kings cross,york,Friday,advance
1 days,london euston,birmingham new street,Saturday,advance
1 days,london euston,manchester piccadilly,Saturday,advance
0 days,oxford,bristol temple meads,Friday,off-peak
2 days,london kings cross,edinburgh waverley,Sunday,advance
0 days,london st pancras,birmingham new street,Friday,off-peak
0 days,manchester piccadilly,nottingham,Friday,off-peak
0 days,manchester piccadilly,liverpool lime street,Friday,off-peak
0 days,london paddington,reading,Friday,off-peak
1 days,liverpool lime street,manchester piccadilly,Saturday,advance
1 days,liverpool lime street,manchester piccadilly,Saturday,advance
0 days,london euston,birmingham new street,Friday,off-peak
0 days,london paddington,reading,Friday,off-peak
0 days,york,durham,Friday,off-peak
0 days,liverpool lime street,manchester piccadilly,Friday,off-peak
1 days,birmingham new street,liverpool lime street,Saturday,advance
1 days,london paddington,reading,Saturday,advance
1 days,york,durham,Saturday,advance
0 days,manchester piccadilly,liverpool lime street,Friday,off-peak
0 days,london kings cross,york,Friday,off-peak
1 days,liverpool lime street,manchester piccadilly,Saturday,advance
0 days,london euston,birmingham new street,Friday,off-peak
1 days,london euston,birmingham new street,Saturday,advance
0 days,london euston,birmingham new street,Friday,off-peak
0 days,london kings cross,york,Friday,off-peak
1 days,oxford,bristol temple meads,Saturday,advance
1 days,oxford,bristol temple meads,Saturday,advance
1 days,london kings cross,york,Saturday,advance
1 days,london paddington,reading,Saturday,advance
0 days,liverpool lime street,manchester piccadilly,Friday,off-peak
1 days,london euston,birmingham new street,Saturday,advance
1 days,london euston,birmingham new street,Saturday,advance
1 days,liverpool lime street,manchester piccadilly,Saturday,advance
0 days,london st pancras,birmingham new street,Friday,off-peak
0 days,manchester piccadilly,london euston,Friday,off-peak
1 days,london kings cross,york,Saturday,advance
0 days,oxford,bristol temple meads,Friday,anytime
1 days,liverpool lime street,manchester piccadilly,Saturday,advance
0 days,manchester piccadilly,liverpool lime street,Friday,anytime
0 days,manchester piccadilly,liverpool lime street,Friday,anytime
0 days,manchester piccadilly,liverpool lime street,Friday,anytime
0 days,birmingham new street,london st pancras,Friday,anytime
0 days,birmingham new street,london st pancras,Friday,anytime
0 days,london st pancras,wolverhampton,Friday,anytime
0 days,london st pancras,birmingham new street,Friday,anytime
0 days,manchester piccadilly,liverpool lime street,Friday,anytime
0 days,london paddington,reading,Friday,anytime
1 days,london euston,birmingham new street,Saturday,advance
0 days,london paddington,reading,Friday,anytime
0 days,london kings cross,york,Friday,anytime
1 days,london paddington,reading,Saturday,advance
1 days,liverpool lime street,manchester piccadilly,Saturday,advance
0 days,london kings cross,york,Friday,off-peak
0 days,london kings cross,york,Friday,anytime
0 days,liverpool lime street,manchester piccadilly,Friday,anytime
0 days,reading,swindon,Friday,anytime
0 days,london st pancras,birmingham new street,Friday,anytime
0 days,london kings cross,york,Friday,anytime
1 days,london kings cross,york,Saturday,advance
0 days,london kings cross,york,Friday,anytime
0 days,london kings cross,york,Friday,anytime
1 days,manchester piccadilly,liverpool lime street,Saturday,advance
1 days,manchester piccadilly,sheffield,Saturday,advance
0 days,liverpool lime street,london euston,Friday,anytime
0 days,london euston,manchester piccadilly,Friday,anytime
1 days,liverpool lime street,manchester piccadilly,Saturday,advance
0 days,liverpool lime street,london euston,Friday,anytime
0 days,london st pancras,birmingham new street,Friday,anytime
0 days,manchester piccadilly,leeds,Friday,anytime
0 days,london paddington,reading,Friday,anytime
0 days,london paddington,oxford,Friday,anytime
0 days,london kings cross,york,Friday,anytime
0 days,london paddington,reading,Friday,anytime
0 days,london paddington,reading,Friday,anytime
0 days,london paddington,reading,Friday,anytime
0 days,london paddington,reading,Friday,anytime
0 days,manchester piccadilly,leeds,Friday,off-peak
0 days,london paddington,reading,Friday,off-peak
1 days,london kings cross,york,Saturday,advance
1 days,manchester piccadilly,liverpool lime street,Saturday,advance
1 days,london paddington,reading,Saturday,advance
1 days,london kings cross,york,Saturday,advance
0 days,manchester piccadilly,liverpool lime street,Friday,off-peak
1 days,manchester piccadilly,liverpool lime street,Saturday,advance
0 days,manchester piccadilly,liverpool lime street,Friday,off-peak
1 days,london kings cross,york,Saturday,advance
1 days,birmingham new street,london st pancras,Saturday,advance
0 days,london euston,birmingham new street,Friday,off-peak
1 days,london st pancras,birmingham new street,Saturday,advance
1 days,york,doncaster,Saturday,advance
1 days,york,doncaster,Saturday,advance
1 days,london st pancras,birmingham new street,Saturday,advance
1 days,london kings cross,york,Saturday,advance
1 days,london paddington,oxford,Saturday,advance
1 days,london paddington,reading,Saturday,advance
1 days,london paddington,oxford,Saturday,advance
0 days,london paddington,reading,Friday,off-peak
1 days,london paddington,oxford,Saturday,advance
1 days,london paddington,reading,Saturday,advance
1 days,london kings cross,york,Saturday,advance
1 days,london st pancras,birmingham new street,Saturday,advance
1 days,london euston,birmingham new street,Saturday,advance
1 days,liverpool lime street,crewe,Saturday,advance
1 days,reading,swindon,Saturday,advance
0 days,london euston,birmingham new street,Friday,off-peak
0 days,london euston,birmingham new street,Friday,off-peak
1 days,london euston,birmingham new street,Saturday,advance
1 days,manchester piccadilly,london paddington,Saturday,advance
1 days,liverpool lime street,london euston,Saturday,advance
1 days,london kings cross,york,Saturday,advance
1 days,liverpool lime street,london euston,Saturday,advance
1 days,manchester piccadilly,london euston,Saturday,advance
1 days,liverpool lime street,london euston,Saturday,advance
1 days,manchester piccadilly,london euston,Saturday,advance
0 days,manchester piccadilly,liverpool lime street,Friday,off-peak
1 days,london euston,birmingham new street,Saturday,advance
1 days,london euston,manchester piccadilly,Saturday,advance
1 days,london euston,birmingham new street,Saturday,advance
0 days,london st pancras,birmingham new street,Friday,off-peak
1 days,liverpool lime street,manchester piccadilly,Saturday,advance
1 days,london paddington,reading,Saturday,advance
1 days,manchester piccadilly,liverpool lime street,Saturday,advance
0 days,manchester piccadilly,liverpool lime street,Friday,off-peak
0 days,london paddington,reading,Friday,off-peak
0 days,london euston,birmingham new street,Friday,off-peak
1 days,liverpool lime street,manchester piccadilly,Saturday,advance
1 days,london euston,birmingham new street,Saturday,advance
1 days,london paddington,reading,Saturday,advance
0 days,london st pancras,birmingham new street,Friday,off-peak
0 days,london st pancras,birmingham new street,Friday,off-peak
1 days,birmingham new street,manchester piccadilly,Saturday,advance
1 days,manchester piccadilly,liverpool lime street,Saturday,advance
0 days,manchester piccadilly,london paddington,Friday,off-peak
1 days,london euston,birmingham new street,Saturday,advance
1 days,manchester piccadilly,liverpool lime street,Saturday,advance
1 days,liverpool lime street,manchester piccadilly,Saturday,advance
0 days,london kings cross,york,Friday,off-peak
1 days,london euston,birmingham new street,Saturday,advance
0 days,london paddington,reading,Friday,off-peak
1 days,london kings cross,york,Saturday,advance
0 days,london st pancras,birmingham new street,Friday,off-peak
0 days,london st pancras,birmingham new street,Friday,off-peak
1 days,manchester piccadilly,liverpool lime street,Saturday,advance
0 days,london paddington,reading,Friday,off-peak
0 days,london euston,birmingham new street,Friday,off-peak
0 days,london paddington,reading,Friday,off-peak
0 days,london euston,birmingham new street,Friday,off-peak
0 days,london kings cross,york,Friday,off-peak
1 days,london euston,manchester piccadilly,Saturday,advance
1 days,london kings cross,york,Saturday,advance
0 days,london euston,birmingham new street,Friday,anytime
0 days,london euston,birmingham new street,Friday,anytime
0 days,london euston,birmingham new street,Friday,anytime
0 days,london euston,birmingham new street,Friday,anytime
1 days,london paddington,reading,Saturday,advance
0 days,manchester piccadilly,liverpool lime street,Friday,anytime
1 days,london euston,birmingham new street,Saturday,advance
1 days,london st pancras,birmingham new street,Saturday,advance
0 days,manchester piccadilly,liverpool lime street,Friday,anytime
0 days,birmingham new street,manchester piccadilly,Friday,anytime
0 days,london kings cross,york,Friday,anytime
1 days,manchester piccadilly,london euston,Saturday,advance
1 days,manchester piccadilly,liverpool lime street,Saturday,advance
1 days,reading,london paddington,Saturday,advance
0 days,london euston,birmingham new street,Friday,anytime
0 days,london euston,birmingham new street,Friday,anytime
0 days,london kings cross,york,Friday,anytime
0 days,london kings cross,york,Friday,anytime
1 days,london paddington,reading,Saturday,advance
0 days,birmingham new street,london euston,Friday,anytime
0 days,reading,london paddington,Friday,anytime
0 days,london kings cross,york,Friday,anytime
0 days,london kings cross,york,Friday,anytime
0 days,birmingham new street,tamworth,Friday,anytime
0 days,birmingham new street,tamworth,Friday,anytime
0 days,london euston,birmingham new street,Friday,anytime
0 days,manchester piccadilly,liverpool lime street,Friday,anytime
0 days,london kings cross,york,Friday,anytime
1 days,london euston,birmingham new street,Saturday,advance
0 days,london euston,birmingham new street,Friday,anytime
0 days,liverpool lime street,london euston,Friday,anytime
1 days,london euston,birmingham new street,Saturday,advance
0 days,birmingham new street,london euston,Friday,anytime
0 days,birmingham new street,london euston,Friday,anytime
1 days,london st pancras,birmingham new street,Saturday,advance
0 days,london st pancras,birmingham new street,Friday,anytime
0 days,manchester piccadilly,liverpool lime street,Friday,anytime
0 days,london st pancras,birmingham new street,Friday,anytime
0 days,london paddington,reading,Friday,anytime
1 days,london euston,birmingham new street,Saturday,advance
1 days,manchester piccadilly,liverpool lime street,Saturday,advance
1 days,manchester piccadilly,liverpool lime street,Saturday,advance
0 days,london euston,manchester piccadilly,Friday,anytime
1 days,york,peterborough,Saturday,advance
1 days,manchester piccadilly,liverpool lime street,Saturday,advance
0 days,london st pancras,birmingham new street,Friday,off-peak
1 days,manchester piccadilly,liverpool lime street,Saturday,advance
1 days,london euston,birmingham new street,Saturday,advance
1 days,london euston,birmingham new street,Saturday,advance
1 days,london euston,birmingham new street,Saturday,advance
1 days,birmingham new street,manchester piccadilly,Saturday,advance
1 days,london st pancras,leicester,Saturday,advance
1 days,london paddington,reading,Saturday,advance
1 days,london kings cross,york,Saturday,advance
1 days,london st pancras,leicester,Saturday,advance
1 days,liverpool lime street,london euston,Saturday,advance
1 days,liverpool lime street,london euston,Saturday,advance
0 days,london st pancras,leicester,Friday,anytime
0 days,london kings cross,york,Friday,off-peak
1 days,london euston,birmingham new street,Saturday,advance
1 days,manchester piccadilly,liverpool lime street,Saturday,advance
0 days,liverpool lime street,manchester piccadilly,Friday,off-peak
1 days,london paddington,reading,Saturday,advance
0 days,london kings cross,york,Friday,off-peak
1 days,london euston,birmingham new street,Saturday,advance
0 days,london paddington,reading,Friday,off-peak
0 days,london euston,birmingham new street,Friday,off-peak
0 days,manchester piccadilly,liverpool lime street,Friday,off-peak
1 days,london euston,birmingham new street,Saturday,advance
0 days,london euston,manchester piccadilly,Friday,off-peak
0 days,london paddington,reading,Friday,off-peak
1 days,london euston,birmingham new street,Saturday,advance
1 days,london kings cross,york,Saturday,advance
1 days,london euston,birmingham new street,Saturday,advance
1 days,london st pancras,birmingham new street,Saturday,advance
1 days,london st pancras,birmingham new street,Saturday,advance
1 days,london st pancras,birmingham new street,Saturday,advance
1 days,london st pancras,leicester,Saturday,advance
1 days,manchester piccadilly,liverpool lime street,Saturday,advance
1 days,london st pancras,leicester,Saturday,advance
1 days,london st pancras,birmingham new street,Saturday,advance
0 days,london paddington,reading,Friday,off-peak
1 days,liverpool lime street,manchester piccadilly,Saturday,advance
0 days,london euston,birmingham new street,Friday,off-peak
1 days,london paddington,reading,Saturday,advance
1 days,london kings cross,york,Saturday,advance
1 days,liverpool lime street,crewe,Saturday,advance
1 days,london euston,manchester piccadilly,Saturday,advance
1 days,london st pancras,birmingham new street,Saturday,advance
1 days,london kings cross,york,Saturday,advance
0 days,london kings cross,york,Friday,off-peak
1 days,london euston,birmingham new street,Saturday,advance
1 days,liverpool lime street,manchester piccadilly,Saturday,advance
1 days,london kings cross,york,Saturday,advance
1 days,london paddington,reading,Saturday,advance
1 days,liverpool lime street,manchester piccadilly,Saturday,advance
1 days,london paddington,reading,Saturday,advance
1 days,london paddington,reading,Saturday,advance
1 days,manchester piccadilly,liverpool lime street,Saturday,advance
1 days,liverpool lime street,manchester piccadilly,Saturday,advance
1 days,liverpool lime street,manchester piccadilly,Saturday,advance
1 days,london euston,birmingham new street,Saturday,advance
1 days,london euston,birmingham new street,Saturday,advance
1 days,london euston,birmingham new street,Saturday,advance
1 days,liverpool lime street,manchester piccadilly,Saturday,advance
1 days,york,edinburgh,Sunday,advance
0 days,york,edinburgh,Saturday,off-peak
1 days,liverpool lime street,manchester piccadilly,Sunday,advance
0 days,manchester piccadilly,nottingham,Saturday,off-peak
2 days,london kings cross,edinburgh waverley,Monday,advance
0 days,manchester piccadilly,nottingham,Saturday,off-peak
0 days,london st pancras,birmingham new street,Saturday,off-peak
0 days,liverpool lime street,manchester piccadilly,Saturday,off-peak
0 days,liverpool lime street,manchester piccadilly,Saturday,off-peak
1 days,york,durham,Sunday,advance
0 days,york,durham,Saturday,off-peak
1 days,liverpool lime street,manchester piccadilly,Sunday,advance
0 days,manchester piccadilly,liverpool lime street,Saturday,off-peak
1 days,birmingham new street,london st pancras,Sunday,advance
0 days,london paddington,reading,Saturday,off-peak
0 days,london paddington,reading,Saturday,off-peak
0 days,york,birmingham new street,Saturday,off-peak
1 days,liverpool lime street,manchester piccadilly,Sunday,advance
0 days,london euston,birmingham new street,Saturday,off-peak
0 days,birmingham new street,london st pancras,Saturday,off-peak
0 days,liverpool lime street,manchester piccadilly,Saturday,off-peak
0 days,birmingham new street,london st pancras,Saturday,off-peak
0 days,birmingham new street,london st pancras,Saturday,off-peak
1 days,liverpool lime street,london euston,Sunday,advance
1 days,london st pancras,birmingham new street,Sunday,advance
1 days,manchester piccadilly,liverpool lime street,Sunday,advance
1 days,liverpool lime street,manchester piccadilly,Sunday,advance
0 days,london st pancras,birmingham new street,Saturday,off-peak
0 days,london paddington,reading,Saturday,off-peak
0 days,manchester piccadilly,liverpool lime street,Saturday,off-peak
0 days,london kings cross,york,Saturday,off-peak
0 days,london paddington,reading,Saturday,off-peak
1 days,london paddington,reading,Sunday,advance
0 days,london kings cross,york,Saturday,off-peak
0 days,manchester piccadilly,liverpool lime street,Saturday,off-peak
0 days,london kings cross,york,Saturday,off-peak
0 days,london paddington,reading,Saturday,off-peak
0 days,york,doncaster,Saturday,off-peak
0 days,birmingham new street,nuneaton,Saturday,off-peak
0 days,london st pancras,birmingham new street,Saturday,off-peak
0 days,london euston,birmingham new street,Saturday,off-peak
0 days,york,doncaster,Saturday,off-peak
0 days,london kings cross,york,Saturday,off-peak
0 days,london kings cross,york,Saturday,off-peak
0 days,liverpool lime street,manchester piccadilly,Saturday,off-peak
1 days,london euston,birmingham new street,Sunday,advance
1 days,london kings cross,york,Sunday,advance
0 days,manchester piccadilly,liverpool lime street,Saturday,off-peak
0 days,liverpool lime street,manchester piccadilly,Saturday,off-peak
1 days,london euston,birmingham new street,Sunday,advance
0 days,london kings cross,york,Saturday,off-peak
0 days,london kings cross,york,Saturday,off-peak
0 days,london paddington,manchester piccadilly,Saturday,off-peak
1 days,liverpool lime street,manchester piccadilly,Sunday,advance
0 days,london kings cross,york,Saturday,off-peak
0 days,liverpool lime street,london euston,Saturday,off-peak
0 days,london kings cross,york,Saturday,off-peak
0 days,liverpool lime street,london euston,Saturday,off-peak
1 days,manchester piccadilly,sheffield,Sunday,advance
0 days,london paddington,reading,Saturday,off-peak
0 days,liverpool lime street,london euston,Saturday,off-peak
0 days,london euston,manchester piccadilly,Saturday,off-peak
0 days,liverpool lime street,london euston,Saturday,off-peak
0 days,liverpool lime street,london euston,Saturday,off-peak
1 days,london euston,birmingham new street,Sunday,advance
0 days,london paddington,reading,Saturday,off-peak
1 days,london kings cross,york,Sunday,advance
0 days,london paddington,oxford,Saturday,off-peak
0 days,london paddington,reading,Saturday,off-peak
0 days,london paddington,oxford,Saturday,off-peak
0 days,london paddington,oxford,Saturday,off-peak
0 days,london paddington,reading,Saturday,off-peak
0 days,london paddington,reading,Saturday,off-peak
0 days,london euston,birmingham new street,Saturday,off-peak
0 days,liverpool lime street,manchester piccadilly,Saturday,off-peak
0 days,london paddington,reading,Saturday,off-peak
0 days,london paddington,reading,Saturday,off-peak
0 days,manchester piccadilly,liverpool lime street,Saturday,off-peak
0 days,london paddington,reading,Saturday,off-peak
1 days,london paddington,reading,Sunday,advance
1 days,london euston,birmingham new street,Sunday,advance
0 days,manchester piccadilly,liverpool lime street,Saturday,off-peak
0 days,liverpool lime street,manchester piccadilly,Saturday,off-peak
0 days,london st pancras,birmingham new street,Saturday,off-peak
1 days,birmingham new street,london st pancras,Sunday,advance
1 days,birmingham new street,london st pancras,Sunday,advance
1 days,birmingham new street,london st pancras,Sunday,advance
1 days,london kings cross,york,Sunday,advance
1 days,london euston,manchester piccadilly,Sunday,advance
1 days,manchester piccadilly,liverpool lime street,Sunday,advance
1 days,london paddington,oxford,Sunday,advance
1 days,liverpool lime street,manchester piccadilly,Sunday,advance
1 days,london paddington,oxford,Sunday,advance
1 days,london paddington,reading,Sunday,advance
1 days,london paddington,reading,Sunday,advance
1 days,liverpool lime street,manchester piccadilly,Sunday,advance
1 days,london st pancras,birmingham new street,Sunday,advance
1 days,liverpool lime street,london euston,Sunday,advance
1 days,liverpool lime street,london euston,Sunday,advance
1 days,liverpool lime street,london euston,Sunday,advance
1 days,manchester piccadilly,london euston,Sunday,advance
1 days,reading,oxford,Sunday,advance
1 days,liverpool lime street,london euston,Sunday,advance
1 days,liverpool lime street,london euston,Sunday,advance
1 days,liverpool lime street,london euston,Sunday,advance
1 days,liverpool lime street,london euston,Sunday,advance
1 days,london paddington,reading,Sunday,advance
1 days,london euston,birmingham new street,Sunday,advance
0 days,london st pancras,birmingham new street,Saturday,off-peak
0 days,manchester piccadilly,liverpool lime street,Saturday,off-peak
1 days,london paddington,reading,Sunday,advance
0 days,liverpool lime street,manchester piccadilly,Saturday,off-peak
0 days,birmingham new street,manchester piccadilly,Saturday,off-peak
0 days,london euston,birmingham new street,Saturday,off-peak
0 days,liverpool lime street,manchester piccadilly,Saturday,off-peak
1 days,london euston,birmingham new street,Sunday,advance
0 days,london paddington,reading,Saturday,off-peak
1 days,liverpool lime street,manchester piccadilly,Sunday,advance
0 days,london euston,birmingham new street,Saturday,off-peak
0 days,manchester piccadilly,liverpool lime street,Saturday,off-peak
0 days,manchester piccadilly,liverpool lime street,Saturday,off-peak
1 days,manchester piccadilly,liverpool lime street,Sunday,advance
1 days,liverpool lime street,manchester piccadilly,Sunday,advance
0 days,manchester piccadilly,london paddington,Saturday,off-peak
1 days,york,edinburgh,Sunday,advance
1 days,london euston,birmingham new street,Sunday,advance
1 days,reading,london paddington,Sunday,advance
0 days,london paddington,reading,Saturday,off-peak
1 days,liverpool lime street,manchester piccadilly,Sunday,advance
1 days,birmingham new street,london st pancras,Sunday,advance
0 days,london paddington,reading,Saturday,off-peak
0 days,london paddington,reading,Saturday,off-peak
0 days,london st pancras,birmingham new street,Saturday,off-peak
1 days,london kings cross,york,Sunday,advance
0 days,london euston,birmingham new street,Saturday,off-peak
0 days,london paddington,reading,Saturday,off-peak
0 days,london euston,birmingham new street,Saturday,off-peak
0 days,london euston,birmingham new street,Saturday,off-peak
0 days,manchester piccadilly,liverpool lime street,Saturday,off-peak
0 days,london euston,birmingham new street,Saturday,off-peak
0 days,london euston,birmingham new street,Saturday,off-peak
0 days,london euston,birmingham new street,Saturday,off-peak
0 days,london euston,birmingham new street,Saturday,off-peak
0 days,london euston,birmingham new street,Saturday,off-peak
0 days,london kings cross,york,Saturday,off-peak
1 days,liverpool lime street,manchester piccadilly,Sunday,advance
1 days,liverpool lime street,manchester piccadilly,Sunday,advance
1 days,manchester piccadilly,liverpool lime street,Sunday,advance
0 days,birmingham new street,london euston,Saturday,off-peak
1 days,manchester piccadilly,liverpool lime street,Sunday,advance
0 days,liverpool lime street,leeds,Saturday,off-peak
1 days,london st pancras,birmingham new street,Sunday,advance
0 days,london kings cross,york,Saturday,off-peak
0 days,liverpool lime street,sheffield,Saturday,off-peak
0 days,birmingham new street,stafford,Saturday,off-peak
0 days,london kings cross,york,Saturday,off-peak
0 days,london kings cross,york,Saturday,off-peak
0 days,birmingham new street,stafford,Saturday,off-peak
0 days,london kings cross,york,Saturday,off-peak
0 days,london euston,birmingham new street,Saturday,off-peak
0 days,london kings cross,york,Saturday,off-peak
1 days,manchester piccadilly,liverpool lime street,Sunday,advance
0 days,london euston,birmingham new street,Saturday,off-peak
0 days,london kings cross,york,Saturday,off-peak
0 days,manchester piccadilly,liverpool lime street,Saturday,off-peak
1 days,edinburgh waverley,london kings cross,Sunday,advance
0 days,manchester piccadilly,liverpool lime street,Saturday,off-peak
0 days,london st pancras,birmingham new street,Saturday,off-peak
1 days,manchester piccadilly,liverpool lime street,Sunday,advance
0 days,manchester piccadilly,liverpool lime street,Saturday,off-peak
1 days,liverpool lime street,manchester piccadilly,Sunday,advance
1 days,london euston,birmingham new street,Sunday,advance
1 days,london paddington,reading,Sunday,advance
0 days,liverpool lime street,london euston,Saturday,off-peak
1 days,london euston,birmingham new street,Sunday,advance
0 days,london st pancras,birmingham new street,Saturday,off-peak
0 days,manchester piccadilly,liverpool lime street,Saturday,off-peak
0 days,birmingham new street,stafford,Saturday,off-peak
0 days,london st pancras,birmingham new street,Saturday,off-peak
0 days,london st pancras,birmingham new street,Saturday,off-peak
0 days,manchester piccadilly,liverpool lime street,Saturday,off-peak
0 days,manchester piccadilly,liverpool lime street,Saturday,off-peak
1 days,london euston,birmingham new street,Sunday,advance
0 days,london st pancras,birmingham new street,Saturday,off-peak
0 days,birmingham new street,nuneaton,Saturday,off-peak
1 days,london kings cross,york,Sunday,advance
1 days,london euston,birmingham new street,Sunday,advance
1 days,london kings cross,york,Sunday,advance
1 days,london euston,birmingham new street,Sunday,advance
1 days,london euston,birmingham new street,Sunday,advance
1 days,london euston,birmingham new street,Sunday,advance
1 days,manchester piccadilly,liverpool lime street,Sunday,advance
1 days,manchester piccadilly,liverpool lime street,Sunday,advance
1 days,london paddington,reading,Sunday,advance
1 days,birmingham new street,manchester piccadilly,Sunday,advance
1 days,manchester piccadilly,liverpool lime street,Sunday,advance
0 days,manchester piccadilly,liverpool lime street,Saturday,off-peak
0 days,london euston,birmingham new street,Saturday,off-peak
0 days,manchester piccadilly,liverpool lime street,Saturday,off-peak
0 days,london paddington,reading,Saturday,off-peak
1 days,london euston,birmingham new street,Sunday,advance
1 days,manchester piccadilly,liverpool lime street,Sunday,advance
0 days,london euston,birmingham new street,Saturday,off-peak
1 days,manchester piccadilly,liverpool lime street,Sunday,advance
1 days,london st pancras,leicester,Sunday,advance
1 days,manchester piccadilly,liverpool lime street,Sunday,advance
1 days,manchester piccadilly,liverpool lime street,Sunday,advance
1 days,manchester piccadilly,liverpool lime street,Sunday,advance
1 days,manchester piccadilly,liverpool lime street,Sunday,advance
0 days,london euston,birmingham new street,Saturday,off-peak
0 days,london paddington,reading,Saturday,off-peak
1 days,liverpool lime street,manchester piccadilly,Sunday,advance
0 days,london paddington,reading,Saturday,off-peak
1 days,reading,birmingham new street,Sunday,advance
1 days,birmingham new street,nuneaton,Sunday,advance
1 days,birmingham new street,coventry,Sunday,advance
1 days,reading,didcot,Sunday,advance
1 days,york,peterborough,Sunday,advance
1 days,birmingham new street,tamworth,Sunday,advance
1 days,london kings cross,york,Sunday,advance
1 days,london kings cross,york,Sunday,advance
1 days,liverpool lime street,crewe,Sunday,advance
0 days,london euston,birmingham new street,Saturday,off-peak
1 days,london kings cross,york,Sunday,advance
0 days,london euston,birmingham new street,Saturday,off-peak
1 days,london paddington,reading,Sunday,advance
1 days,london kings cross,york,Sunday,advance
1 days,birmingham new street,tamworth,Sunday,advance
1 days,london kings cross,york,Sunday,advance
1 days,manchester piccadilly,liverpool lime street,Sunday,advance
1 days,london paddington,reading,Sunday,advance
1 days,london paddington,reading,Sunday,advance
1 days,london paddington,reading,Sunday,advance
1 days,manchester piccadilly,liverpool lime street,Sunday,advance
1 days,london euston,birmingham new street,Sunday,advance
1 days,london euston,birmingham new street,Sunday,advance
1 days,manchester piccadilly,liverpool lime street,Sunday,advance
1 days,london euston,york,Sunday,advance
1 days,london euston,birmingham new street,Sunday,advance
1 days,london kings cross,york,Sunday,advance
1 days,liverpool lime street,manchester piccadilly,Sunday,advance
1 days,liverpool lime street,manchester piccadilly,Sunday,advance
1 days,liverpool lime street,manchester piccadilly,Sunday,advance
1 days,london euston,manchester piccadilly,Sunday,advance
1 days,london paddington,reading,Sunday,advance
0 days,manchester piccadilly,leeds,Sunday,off-peak
0 days,london paddington,reading,Sunday,off-peak
1 days,london paddington,reading,Monday,advance
1 days,liverpool lime street,manchester piccadilly,Monday,advance
0 days,london paddington,reading,Sunday,off-peak
0 days,liverpool lime street,manchester piccadilly,Sunday,off-peak
1 days,london euston,manchester piccadilly,Monday,advance
1 days,london euston,birmingham new street,Monday,advance
1 days,london paddington,reading,Monday,advance
0 days,london st pancras,birmingham new street,Sunday,off-peak
1 days,london euston,birmingham new street,Monday,advance
1 days,york,durham,Monday,advance
1 days,liverpool lime street,manchester piccadilly,Monday,advance
1 days,liverpool lime street,manchester piccadilly,Monday,advance
0 days,liverpool lime street,manchester piccadilly,Sunday,off-peak
0 days,london kings cross,york,Sunday,off-peak
1 days,manchester piccadilly,liverpool lime street,Monday,advance
1 days,liverpool lime street,manchester piccadilly,Monday,advance
1 days,manchester piccadilly,liverpool lime street,Monday,advance
0 days,london kings cross,york,Sunday,off-peak
0 days,liverpool lime street,manchester piccadilly,Sunday,off-peak
0 days,birmingham new street,london st pancras,Sunday,off-peak
0 days,london paddington,reading,Sunday,off-peak
0 days,london kings cross,york,Sunday,off-peak
0 days,liverpool lime street,manchester piccadilly,Sunday,off-peak
1 days,york,durham,Monday,advance
0 days,london paddington,liverpool lime street,Sunday,off-peak
0 days,liverpool lime street,manchester piccadilly,Sunday,off-peak
1 days,london st pancras,birmingham new street,Monday,advance
0 days,london kings cross,york,Sunday,off-peak
1 days,london euston,birmingham new street,Monday,advance
1 days,liverpool lime street,manchester piccadilly,Monday,advance
1 days,london euston,birmingham new street,Monday,advance
0 days,london paddington,reading,Sunday,off-peak
1 days,london euston,manchester piccadilly,Monday,advance
0 days,london st pancras,birmingham new street,Sunday,off-peak
0 days,manchester piccadilly,liverpool lime street,Sunday,off-peak
0 days,london st pancras,birmingham new street,Sunday,off-peak
0 days,manchester piccadilly,liverpool lime street,Sunday,off-peak
0 days,london paddington,reading,Sunday,off-peak
0 days,manchester piccadilly,liverpool lime street,Sunday,off-peak
0 days,manchester piccadilly,liverpool lime street,Sunday,off-peak
0 days,london euston,birmingham new street,Sunday,off-peak
0 days,birmingham new street,london st pancras,Sunday,off-peak
0 days,birmingham new street,stafford,Sunday,off-peak
0 days,london euston,birmingham new street,Sunday,off-peak
0 days,london euston,birmingham new street,Sunday,off-peak
0 days,birmingham new street,london st pancras,Sunday,off-peak
0 days,london euston,manchester piccadilly,Sunday,off-peak
0 days,london euston,birmingham new street,Sunday,off-peak
0 days,birmingham new street,london st pancras,Sunday,off-peak
1 days,london euston,birmingham new street,Monday,advance
0 days,liverpool lime street,manchester piccadilly,Sunday,off-peak
0 days,london st pancras,birmingham new street,Sunday,off-peak
1 days,london kings cross,york,Monday,advance
1 days,london euston,birmingham new street,Monday,advance
1 days,manchester piccadilly,liverpool lime street,Monday,advance
1 days,london paddington,reading,Monday,advance
0 days,london paddington,london waterloo,Sunday,off-peak
0 days,reading,swindon,Sunday,off-peak
0 days,london kings cross,york,Sunday,off-peak
0 days,london kings cross,york,Sunday,off-peak
1 days,london st pancras,birmingham new street,Monday,advance
0 days,london paddington,london waterloo,Sunday,off-peak
0 days,reading,swindon,Sunday,off-peak
1 days,london st pancras,birmingham new street,Monday,advance
1 days,london st pancras,birmingham new street,Monday,advance
1 days,london st pancras,birmingham new street,Monday,advance
0 days,london kings cross,york,Sunday,off-peak
0 days,london kings cross,york,Sunday,off-peak
1 days,london kings cross,york,Monday,advance
0 days,liverpool lime street,london euston,Sunday,off-peak
0 days,london euston,manchester piccadilly,Sunday,off-peak
0 days,liverpool lime street,london euston,Sunday,off-peak
1 days,liverpool lime street,manchester piccadilly,Monday,advance
0 days,manchester piccadilly,leeds,Sunday,off-peak
1 days,london euston,birmingham new street,Monday,advance
1 days,manchester piccadilly,liverpool lime street,Monday,advance
0 days,london euston,birmingham new street,Sunday,off-peak
0 days,london euston,birmingham new street,Sunday,off-peak
0 days,london paddington,reading,Sunday,off-peak
0 days,london kings cross,york,Sunday,off-peak
0 days,london paddington,reading,Sunday,off-peak
0 days,liverpool lime street,london paddington,Sunday,off-peak
1 days,manchester piccadilly,liverpool lime street,Monday,advance
0 days,london euston,birmingham new street,Sunday,off-peak
0 days,manchester piccadilly,liverpool lime street,Sunday,off-peak
0 days,manchester piccadilly,leeds,Sunday,off-peak
0 days,manchester piccadilly,liverpool lime street,Sunday,off-peak
1 days,london paddington,reading,Monday,advance
1 days,london kings cross,york,Monday,advance
1 days,london kings cross,york,Monday,advance
0 days,london kings cross,liverpool lime street,Sunday,off-peak
0 days,london kings cross,liverpool lime street,Sunday,off-peak
1 days,manchester piccadilly,liverpool lime street,Monday,advance
1 days,birmingham new street,london st pancras,Monday,advance
1 days,birmingham new street,london st pancras,Monday,advance
1 days,london st pancras,birmingham new street,Monday,advance
1 days,london kings cross,york,Monday,advance
1 days,london euston,birmingham new street,Monday,advance
0 days,london kings cross,york,Sunday,off-peak
1 days,london st pancras,birmingham new street,Monday,advance
1 days,london paddington,reading,Monday,advance
1 days,liverpool lime street,manchester piccadilly,Monday,advance
1 days,london euston,birmingham new street,Monday,advance
1 days,liverpool lime street,manchester piccadilly,Monday,advance
0 days,liverpool lime street,birmingham new street,Sunday,off-peak
1 days,london euston,birmingham new street,Monday,advance
1 days,london kings cross,york,Monday,advance
0 days,manchester piccadilly,sheffield,Sunday,off-peak
0 days,london euston,birmingham new street,Sunday,off-peak
1 days,reading,swindon,Monday,advance
1 days,york,peterborough,Monday,advance
1 days,london kings cross,york,Monday,advance
1 days,london st pancras,birmingham new street,Monday,advance
1 days,liverpool lime street,london euston,Monday,advance
1 days,london euston,manchester piccadilly,Monday,advance
1 days,london euston,manchester piccadilly,Monday,advance
0 days,london euston,birmingham new street,Sunday,off-peak
0 days,manchester piccadilly,liverpool lime street,Sunday,off-peak
0 days,london euston,birmingham new street,Sunday,off-peak
1 days,liverpool lime street,london euston,Monday,advance
1 days,reading,oxford,Monday,advance
0 days,manchester piccadilly,liverpool lime street,Sunday,off-peak
1 days,liverpool lime street,london euston,Monday,advance
1 days,birmingham new street,liverpool lime street,Monday,advance
1 days,london euston,manchester piccadilly,Monday,advance
1 days,manchester piccadilly,sheffield,Monday,advance
0 days,london st pancras,birmingham new street,Sunday,off-peak
1 days,london st pancras,birmingham new street,Monday,advance
0 days,london euston,birmingham new street,Sunday,off-peak
0 days,london kings cross,york,Sunday,off-peak
0 days,london paddington,reading,Sunday,off-peak
1 days,manchester piccadilly,liverpool lime street,Monday,advance
1 days,manchester piccadilly,liverpool lime street,Monday,advance
0 days,manchester piccadilly,leeds,Sunday,off-peak
0 days,manchester piccadilly,liverpool lime street,Sunday,off-peak
0 days,liverpool lime street,manchester piccadilly,Sunday,off-peak
1 days,manchester piccadilly,leeds,Monday,advance
0 days,birmingham new street,manchester piccadilly,Sunday,off-peak
1 days,manchester piccadilly,liverpool lime street,Monday,advance
1 days,london paddington,reading,Monday,advance
1 days,manchester piccadilly,liverpool lime street,Monday,advance
1 days,manchester piccadilly,liverpool lime street,Monday,advance
0 days,london euston,birmingham new street,Sunday,off-peak
0 days,london euston,birmingham new street,Sunday,off-peak
0 days,london euston,birmingham new street,Sunday,off-peak
0 days,london kings cross,york,Sunday,off-peak
0 days,london euston,birmingham new street,Sunday,off-peak
1 days,manchester piccadilly,liverpool lime street,Monday,advance
0 days,london euston,birmingham new street,Sunday,off-peak
1 days,london euston,birmingham new street,Monday,advance
0 days,manchester piccadilly,liverpool lime street,Sunday,off-peak
1 days,liverpool lime street,manchester piccadilly,Monday,advance
0 days,manchester piccadilly,liverpool lime street,Sunday,off-peak
0 days,london paddington,reading,Sunday,off-peak
1 days,london euston,birmingham new street,Monday,advance
1 days,london st pancras,birmingham new street,Monday,advance
1 days,liverpool lime street,manchester piccadilly,Monday,advance
0 days,london paddington,reading,Sunday,off-peak
1 days,manchester piccadilly,liverpool lime street,Monday,advance
1 days,london st pancras,birmingham new street,Monday,advance
1 days,london euston,birmingham new street,Monday,advance
0 days,manchester piccadilly,liverpool lime street,Sunday,off-peak
1 days,london st pancras,birmingham new street,Monday,advance
0 days,birmingham new street,reading,Sunday,off-peak
0 days,london st pancras,birmingham new street,Sunday,off-peak
0 days,london paddington,reading,Sunday,off-peak
0 days,london euston,birmingham new street,Sunday,off-peak
0 days,london paddington,reading,Sunday,off-peak
0 days,london kings cross,york,Sunday,off-peak
0 days,manchester piccadilly,liverpool lime street,Sunday,off-peak
1 days,london paddington,reading,Monday,advance
1 days,london euston,manchester piccadilly,Monday,advance
0 days,london euston,birmingham new street,Sunday,off-peak
0 days,london euston,birmingham new street,Sunday,off-peak
0 days,london euston,birmingham new street,Sunday,off-peak
0 days,manchester piccadilly,liverpool lime street,Sunday,off-peak
1 days,manchester piccadilly,liverpool lime street,Monday,advance
0 days,manchester piccadilly,liverpool lime street,Sunday,off-peak
0 days,edinburgh waverley,london kings cross,Sunday,off-peak
1 days,manchester piccadilly,liverpool lime street,Monday,advance
0 days,london kings cross,york,Sunday,off-peak
1 days,manchester piccadilly,liverpool lime street,Monday,advance
0 days,manchester piccadilly,london euston,Sunday,off-peak
0 days,manchester piccadilly,liverpool lime street,Sunday,off-peak
1 days,liverpool lime street,manchester piccadilly,Monday,advance
0 days,london kings cross,york,Sunday,off-peak
0 days,london kings cross,york,Sunday,off-peak
0 days,london kings cross,york,Sunday,off-peak
0 days,london kings cross,york,Sunday,off-peak
1 days,london paddington,reading,Monday,advance
0 days,london kings cross,york,Sunday,off-peak
0 days,london kings cross,york,Sunday,off-peak
0 days,london euston,birmingham new street,Sunday,off-peak
1 days,london kings cross,york,Monday,advance
1 days,london paddington,reading,Monday,advance
0 days,manchester piccadilly,liverpool lime street,Sunday,off-peak
1 days,liverpool lime street,manchester piccadilly,Monday,advance
1 days,manchester piccadilly,liverpool lime street,Monday,advance
1 days,manchester piccadilly,liverpool lime street,Monday,advance
1 days,manchester piccadilly,liverpool lime street,Monday,advance
1 days,london paddington,reading,Monday,advance
0 days,london kings cross,york,Sunday,off-peak
1 days,london paddington,reading,Monday,advance
0 days,liverpool lime street,manchester piccadilly,Sunday,off-peak
1 days,reading,london paddington,Monday,advance
1 days,london paddington,reading,Monday,advance
0 days,london st pancras,birmingham new street,Sunday,off-peak
1 days,london paddington,reading,Monday,advance
0 days,london paddington,reading,Sunday,off-peak
1 days,london euston,birmingham new street,Monday,advance
1 days,london euston,birmingham new street,Monday,advance
0 days,london st pancras,birmingham new street,Sunday,off-peak
0 days,manchester piccadilly,liverpool lime street,Sunday,off-peak
1 days,london euston,birmingham new street,Monday,advance
1 days,london euston,birmingham new street,Monday,advance
0 days,london paddington,reading,Sunday,off-peak
0 days,birmingham new street,tamworth,Sunday,off-peak
0 days,london st pancras,wolverhampton,Sunday,off-peak
0 days,liverpool lime street,crewe,Sunday,off-peak
0 days,birmingham new street,nuneaton,Sunday,off-peak
1 days,london euston,birmingham new street,Monday,advance
1 days,london kings cross,york,Monday,advance
1 days,london euston,birmingham new street,Monday,advance
1 days,london euston,birmingham new street,Monday,advance
1 days,london kings cross,york,Monday,advance
1 days,london paddington,reading,Monday,advance
1 days,london euston,birmingham new street,Monday,advance
1 days,london euston,birmingham new street,Monday,advance
1 days,liverpool lime street,manchester piccadilly,Monday,advance
1 days,london kings cross,york,Monday,advance
1 days,london st pancras,leicester,Monday,advance
1 days,birmingham new street,manchester piccadilly,Monday,advance
1 days,manchester piccadilly,liverpool lime street,Monday,advance
1 days,liverpool lime street,london euston,Monday,advance
0 days,london st pancras,leicester,Sunday,off-peak
0 days,london st pancras,leicester,Sunday,off-peak
0 days,london kings cross,york,Sunday,off-peak
1 days,london paddington,reading,Monday,advance
0 days,london paddington,reading,Sunday,off-peak
0 days,london paddington,reading,Sunday,off-peak
1 days,birmingham new street,london euston,Monday,advance
1 days,london euston,birmingham new street,Monday,advance
0 days,london paddington,reading,Sunday,off-peak
0 days,london paddington,reading,Sunday,off-peak
1 days,reading,london paddington,Monday,advance
0 days,liverpool lime street,manchester piccadilly,Sunday,off-peak
1 days,liverpool lime street,manchester piccadilly,Monday,advance
1 days,liverpool lime street,london euston,Monday,advance
1 days,manchester piccadilly,liverpool lime street,Monday,advance
1 days,london euston,birmingham new street,Monday,advance
1 days,london st pancras,birmingham new street,Monday,advance
1 days,manchester piccadilly,liverpool lime street,Monday,advance
1 days,reading,swindon,Monday,advance
1 days,manchester piccadilly,liverpool lime street,Monday,advance
1 days,reading,liverpool lime street,Monday,advance
1 days,birmingham new street,liverpool lime street,Monday,advance
1 days,birmingham new street,tamworth,Monday,advance
1 days,birmingham new street,tamworth,Monday,advance
1 days,london st pancras,birmingham new street,Monday,advance
1 days,london paddington,reading,Monday,advance
1 days,birmingham new street,nuneaton,Monday,advance
1 days,london kings cross,york,Monday,advance
1 days,reading,swindon,Monday,advance
1 days,birmingham new street,tamworth,Monday,advance
1 days,liverpool lime street,crewe,Monday,advance
1 days,manchester piccadilly,liverpool lime street,Monday,advance
1 days,london st pancras,birmingham new street,Monday,advance
1 days,london paddington,reading,Monday,advance
1 days,london kings cross,york,Monday,advance
1 days,liverpool lime street,crewe,Monday,advance
1 days,london kings cross,york,Monday,advance
1 days,london paddington,reading,Monday,advance
1 days,birmingham new street,stafford,Monday,advance
1 days,manchester piccadilly,liverpool lime street,Monday,advance
1 days,manchester piccadilly,liverpool lime street,Monday,advance
1 days,london paddington,reading,Monday,advance
1 days,london paddington,reading,Monday,advance
1 days,manchester piccadilly,liverpool lime street,Monday,advance
1 days,london st pancras,birmingham new street,Monday,advance
1 days,london euston,york,Monday,advance
1 days,manchester piccadilly,liverpool lime street,Monday,advance
1 days,london st pancras,birmingham new street,Monday,advance
1 days,london st pancras,birmingham new street,Monday,advance
1 days,london euston,york,Monday,advance
1 days,liverpool lime street,manchester piccadilly,Monday,advance
1 days,liverpool lime street,manchester piccadilly,Monday,advance
1 days,london paddington,reading,Monday,advance
1 days,liverpool lime street,manchester piccadilly,Monday,advance
1 days,liverpool lime street,manchester piccadilly,Monday,advance
1 days,london paddington,reading,Monday,advance
1 days,london euston,birmingham new street,Monday,advance
1 days,london paddington,reading,Monday,advance
1 days,london euston,birmingham new street,Monday,advance
1 days,london euston,birmingham new street,Monday,advance
0 days,london paddington,reading,Monday,off-peak
0 days,liverpool lime street,london euston,Monday,off-peak
2 days,london kings cross,edinburgh waverley,Wednesday,advance
0 days,london kings cross,liverpool lime street,Monday,off-peak
0 days,manchester piccadilly,nottingham,Monday,off-peak
0 days,london euston,birmingham new street,Monday,off-peak
0 days,liverpool lime street,manchester piccadilly,Monday,off-peak
0 days,manchester piccadilly,liverpool lime street,Monday,off-peak
1 days,york,durham,Tuesday,advance
0 days,york,durham,Monday,off-peak
0 days,london euston,birmingham new street,Monday,off-peak
1 days,york,durham,Tuesday,advance
1 days,york,durham,Tuesday,advance
1 days,liverpool lime street,manchester piccadilly,Tuesday,advance
1 days,london euston,york,Tuesday,advance
1 days,birmingham new street,liverpool lime street,Tuesday,advance
0 days,liverpool lime street,manchester piccadilly,Monday,off-peak
1 days,manchester piccadilly,london euston,Tuesday,advance
1 days,london st pancras,birmingham new street,Tuesday,advance
0 days,liverpool lime street,manchester piccadilly,Monday,off-peak
1 days,london st pancras,birmingham new street,Tuesday,advance
0 days,london kings cross,york,Monday,off-peak
1 days,london st pancras,birmingham new street,Tuesday,advance
0 days,birmingham new street,london st pancras,Monday,off-peak
1 days,london st pancras,birmingham new street,Tuesday,advance
1 days,london st pancras,birmingham new street,Tuesday,advance
1 days,london st pancras,birmingham new street,Tuesday,advance
1 days,york,durham,Tuesday,advance
1 days,london kings cross,york,Tuesday,advance
0 days,london kings cross,liverpool lime street,Monday,off-peak
1 days,manchester piccadilly,nottingham,Tuesday,advance
1 days,london st pancras,birmingham new street,Tuesday,advance
1 days,london kings cross,york,Tuesday,advance
1 days,manchester piccadilly,london paddington,Tuesday,advance
0 days,london paddington,reading,Monday,off-peak
0 days,manchester piccadilly,liverpool lime street,Monday,off-peak
0 days,manchester piccadilly,london euston,Monday,off-peak
0 days,london paddington,reading,Monday,anytime
0 days,london paddington,reading,Monday,anytime
0 days,london kings cross,york,Monday,anytime
0 days,london paddington,reading,Monday,anytime
0 days,manchester piccadilly,liverpool lime street,Monday,anytime
1 days,manchester piccadilly,liverpool lime street,Tuesday,advance
0 days,birmingham new street,london st pancras,Monday,anytime
0 days,birmingham new street,london st pancras,Monday,anytime
0 days,york,doncaster,Monday,anytime
0 days,london euston,birmingham new street,Monday,anytime
1 days,york,durham,Tuesday,advance
0 days,london paddington,reading,Monday,anytime
0 days,london euston,manchester piccadilly,Monday,anytime
0 days,birmingham new street,london st pancras,Monday,anytime
0 days,london st pancras,birmingham new street,Monday,anytime
0 days,liverpool lime street,manchester piccadilly,Monday,anytime
0 days,liverpool lime street,manchester piccadilly,Monday,anytime
0 days,london euston,birmingham new street,Monday,anytime
1 days,manchester piccadilly,liverpool lime street,Tuesday,advance
0 days,birmingham new street,london st pancras,Monday,anytime
0 days,london paddington,reading,Monday,anytime
0 days,manchester piccadilly,liverpool lime street,Monday,anytime
0 days,london kings cross,york,Monday,anytime
0 days,york,doncaster,Monday,anytime
0 days,liverpool lime street,crewe,Monday,anytime
1 days,london st pancras,birmingham new street,Tuesday,advance
0 days,reading,swindon,Monday,anytime
0 days,london kings cross,york,Monday,anytime
0 days,liverpool lime street,london euston,Monday,anytime
0 days,liverpool lime street,london euston,Monday,anytime
0 days,liverpool lime street,london euston,Monday,anytime
0 days,liverpool lime street,london euston,Monday,anytime
0 days,liverpool lime street,london euston,Monday,anytime
1 days,manchester piccadilly,sheffield,Tuesday,advance
1 days,london kings cross,york,Tuesday,advance
0 days,liverpool lime street,london euston,Monday,anytime
0 days,london euston,manchester piccadilly,Monday,anytime
0 days,liverpool lime street,london euston,Monday,anytime
0 days,birmingham new street,liverpool lime street,Monday,anytime
0 days,london kings cross,liverpool lime street,Monday,anytime
1 days,london euston,birmingham new street,Tuesday,advance
0 days,manchester piccadilly,leeds,Monday,anytime
1 days,london euston,manchester piccadilly,Tuesday,advance
0 days,london paddington,reading,Monday,anytime
0 days,london paddington,oxford,Monday,anytime
0 days,london paddington,reading,Monday,anytime
0 days,liverpool lime street,manchester piccadilly,Monday,anytime
1 days,manchester piccadilly,liverpool lime street,Tuesday,advance
0 days,london kings cross,york,Monday,anytime
0 days,london paddington,reading,Monday,anytime
0 days,london paddington,oxford,Monday,anytime
0 days,london paddington,oxford,Monday,anytime
1 days,manchester piccadilly,liverpool lime street,Tuesday,advance
0 days,london euston,birmingham new street,Monday,off-peak
0 days,london st pancras,birmingham new street,Monday,off-peak
1 days,manchester piccadilly,liverpool lime street,Tuesday,advance
1 days,manchester piccadilly,liverpool lime street,Tuesday,advance
0 days,london kings cross,edinburgh waverley,Monday,anytime
0 days,london paddington,reading,Monday,off-peak
1 days,york,peterborough,Tuesday,advance
1 days,manchester piccadilly,liverpool lime street,Tuesday,advance
0 days,london paddington,reading,Monday,off-peak
1 days,london kings cross,york,Tuesday,advance
1 days,manchester piccadilly,liverpool lime street,Tuesday,advance
1 days,birmingham new street,london st pancras,Tuesday,advance
1 days,york,doncaster,Tuesday,advance
1 days,london euston,birmingham new street,Tuesday,advance
1 days,birmingham new street,london st pancras,Tuesday,advance
1 days,manchester piccadilly,liverpool lime street,Tuesday,advance
1 days,london st pancras,birmingham new street,Tuesday,advance
1 days,london paddington,oxford,Tuesday,advance
1 days,london paddington,oxford,Tuesday,advance
1 days,manchester piccadilly,liverpool lime street,Tuesday,advance
1 days,london kings cross,york,Tuesday,advance
1 days,london kings cross,york,Tuesday,advance
1 days,london paddington,reading,Tuesday,advance
1 days,london st pancras,birmingham new street,Tuesday,advance
1 days,london paddington,reading,Tuesday,advance
1 days,manchester piccadilly,liverpool lime street,Tuesday,advance
1 days,manchester piccadilly,liverpool lime street,Tuesday,advance
1 days,manchester piccadilly,liverpool lime street,Tuesday,advance
0 days,london st pancras,birmingham new street,Monday,off-peak
1 days,london paddington,reading,Tuesday,advance
1 days,reading,swindon,Tuesday,advance
0 days,manchester piccadilly,liverpool lime street,Monday,off-peak
1 days,london paddington,london waterloo,Tuesday,advance
1 days,york,wakefield,Tuesday,advance
1 days,liverpool lime street,crewe,Tuesday,advance
1 days,london paddington,london waterloo,Tuesday,advance
1 days,london kings cross,york,Tuesday,advance
1 days,london paddington,london waterloo,Tuesday,advance
1 days,london euston,manchester piccadilly,Tuesday,advance
0 days,manchester piccadilly,liverpool lime street,Monday,off-peak
1 days,london euston,manchester piccadilly,Tuesday,advance
1 days,liverpool lime street,london euston,Tuesday,advance
0 days,london st pancras,birmingham new street,Monday,off-peak
0 days,manchester piccadilly,liverpool lime street,Monday,off-peak
1 days,manchester piccadilly,leeds,Tuesday,advance
1 days,york,leeds,Tuesday,advance
0 days,london st pancras,birmingham new street,Monday,off-peak
1 days,manchester piccadilly,leeds,Tuesday,advance
1 days,birmingham new street,liverpool lime street,Tuesday,advance
1 days,birmingham new street,liverpool lime street,Tuesday,advance
0 days,london euston,birmingham new street,Monday,off-peak
1 days,manchester piccadilly,liverpool lime street,Tuesday,advance
1 days,london paddington,reading,Tuesday,advance
1 days,liverpool lime street,london paddington,Tuesday,advance
0 days,london st pancras,birmingham new street,Monday,off-peak
0 days,london st pancras,birmingham new street,Monday,off-peak
0 days,london paddington,reading,Monday,off-peak
1 days,liverpool lime street,manchester piccadilly,Tuesday,advance
1 days,london paddington,reading,Tuesday,advance
1 days,london kings cross,york,Tuesday,advance
1 days,london paddington,reading,Tuesday,advance
0 days,liverpool lime street,manchester piccadilly,Monday,off-peak
0 days,london euston,birmingham new street,Monday,off-peak
1 days,london euston,birmingham new street,Tuesday,advance
0 days,london euston,birmingham new street,Monday,off-peak
0 days,london kings cross,york,Monday,off-peak
0 days,liverpool lime street,manchester piccadilly,Monday,off-peak
1 days,london paddington,reading,Tuesday,advance
0 days,reading,london paddington,Monday,off-peak
1 days,london euston,birmingham new street,Tuesday,advance
1 days,oxford,bristol temple meads,Tuesday,advance
1 days,liverpool lime street,manchester piccadilly,Tuesday,advance
1 days,london st pancras,birmingham new street,Tuesday,advance
1 days,london st pancras,birmingham new street,Tuesday,advance
1 days,manchester piccadilly,liverpool lime street,Tuesday,advance
1 days,london euston,birmingham new street,Tuesday,advance
1 days,manchester piccadilly,liverpool lime street,Tuesday,advance
0 days,oxford,bristol temple meads,Monday,off-peak
1 days,london euston,birmingham new street,Tuesday,advance
0 days,london kings cross,york,Monday,off-peak
0 days,london paddington,reading,Monday,off-peak
0 days,london paddington,reading,Monday,off-peak
0 days,london paddington,reading,Monday,off-peak
0 days,london euston,birmingham new street,Monday,off-peak
1 days,london paddington,reading,Tuesday,advance
1 days,london paddington,reading,Tuesday,advance
0 days,london euston,birmingham new street,Monday,anytime
0 days,london euston,birmingham new street,Monday,anytime
0 days,london euston,birmingham new street,Monday,anytime
0 days,london euston,birmingham new street,Monday,anytime
0 days,birmingham new street,manchester piccadilly,Monday,anytime
0 days,manchester piccadilly,liverpool lime street,Monday,anytime
1 days,manchester piccadilly,liverpool lime street,Tuesday,advance
0 days,manchester piccadilly,liverpool lime street,Monday,anytime
1 days,liverpool lime street,manchester piccadilly,Tuesday,advance
1 days,london st pancras,birmingham new street,Tuesday,advance
0 days,birmingham new street,manchester piccadilly,Monday,anytime
1 days,reading,london paddington,Tuesday,advance
1 days,london euston,birmingham new street,Tuesday,advance
1 days,london euston,birmingham new street,Tuesday,advance
0 days,london paddington,reading,Monday,anytime
0 days,liverpool lime street,manchester piccadilly,Monday,anytime
0 days,london paddington,reading,Monday,anytime
0 days,manchester piccadilly,liverpool lime street,Monday,anytime
0 days,liverpool lime street,manchester piccadilly,Monday,anytime
0 days,liverpool lime street,manchester piccadilly,Monday,anytime
0 days,london st pancras,birmingham new street,Monday,anytime
0 days,birmingham new street,london paddington,Monday,anytime
0 days,london kings cross,york,Monday,anytime
1 days,london paddington,reading,Tuesday,advance
0 days,liverpool lime street,manchester piccadilly,Monday,anytime
1 days,london paddington,reading,Tuesday,advance
1 days,manchester piccadilly,london euston,Tuesday,advance
0 days,manchester piccadilly,liverpool lime street,Monday,anytime
1 days,manchester piccadilly,liverpool lime street,Tuesday,advance
0 days,london euston,birmingham new street,Monday,anytime
1 days,london st pancras,birmingham new street,Tuesday,advance
1 days,london euston,birmingham new street,Tuesday,advance
0 days,liverpool lime street,manchester piccadilly,Monday,anytime
1 days,london kings cross,york,Tuesday,advance
1 days,manchester piccadilly,liverpool lime street,Tuesday,advance
0 days,london st pancras,birmingham new street,Monday,anytime
0 days,london st pancras,birmingham new street,Monday,anytime
1 days,york,edinburgh,Tuesday,advance
0 days,london euston,manchester piccadilly,Monday,anytime
0 days,london st pancras,birmingham new street,Monday,anytime
0 days,london st pancras,birmingham new street,Monday,anytime
0 days,manchester piccadilly,liverpool lime street,Monday,anytime
0 days,liverpool lime street,crewe,Monday,anytime
0 days,london st pancras,birmingham new street,Monday,anytime
0 days,london st pancras,birmingham new street,Monday,anytime
0 days,manchester piccadilly,liverpool lime street,Monday,anytime
0 days,london paddington,reading,Monday,anytime
0 days,london st pancras,birmingham new street,Monday,anytime
0 days,london paddington,reading,Monday,anytime
0 days,liverpool lime street,crewe,Monday,anytime
0 days,london st pancras,birmingham new street,Monday,anytime
1 days,birmingham new street,liverpool lime street,Tuesday,advance
1 days,london kings cross,york,Tuesday,advance
0 days,london st pancras,birmingham new street,Monday,off-peak
1 days,manchester piccadilly,liverpool lime street,Tuesday,advance
1 days,manchester piccadilly,liverpool lime street,Tuesday,advance
1 days,london paddington,reading,Tuesday,advance
1 days,london euston,birmingham new street,Tuesday,advance
1 days,london euston,birmingham new street,Tuesday,advance
0 days,manchester piccadilly,liverpool lime street,Monday,off-peak
1 days,birmingham new street,liverpool lime street,Tuesday,advance
1 days,birmingham new street,liverpool lime street,Tuesday,advance
1 days,liverpool lime street,london euston,Tuesday,advance
0 days,london st pancras,leicester,Monday,anytime
0 days,manchester piccadilly,liverpool lime street,Monday,anytime
1 days,london euston,birmingham new street,Tuesday,advance
1 days,london euston,birmingham new street,Tuesday,advance
0 days,london paddington,reading,Monday,off-peak
0 days,london paddington,reading,Monday,off-peak
0 days,manchester piccadilly,liverpool lime street,Monday,off-peak
1 days,london euston,birmingham new street,Tuesday,advance
1 days,liverpool lime street,manchester piccadilly,Tuesday,advance
0 days,london euston,manchester piccadilly,Monday,off-peak
0 days,london euston,birmingham new street,Monday,off-peak
1 days,london st pancras,birmingham new street,Tuesday,advance
1 days,london paddington,reading,Tuesday,advance
1 days,london st pancras,leicester,Tuesday,advance
1 days,birmingham new street,tamworth,Tuesday,advance
1 days,birmingham new street,tamworth,Tuesday,advance
1 days,liverpool lime street,manchester piccadilly,Tuesday,advance
1 days,reading,birmingham new street,Tuesday,advance
1 days,london paddington,reading,Tuesday,advance
0 days,london euston,birmingham new street,Monday,off-peak
1 days,london st pancras,birmingham new street,Tuesday,advance
1 days,london kings cross,york,Tuesday,advance
1 days,birmingham new street,nuneaton,Tuesday,advance
1 days,london st pancras,birmingham new street,Tuesday,advance
1 days,london kings cross,york,Tuesday,advance
1 days,london st pancras,birmingham new street,Tuesday,advance
1 days,london kings cross,york,Tuesday,advance
1 days,london st pancras,birmingham new street,Tuesday,advance
1 days,london paddington,reading,Tuesday,advance
1 days,liverpool lime street,crewe,Tuesday,advance
1 days,manchester piccadilly,liverpool lime street,Tuesday,advance
1 days,london kings cross,york,Tuesday,advance
1 days,london kings cross,york,Tuesday,advance
0 days,london euston,birmingham new street,Monday,off-peak
1 days,london st pancras,birmingham new street,Tuesday,advance
1 days,london st pancras,birmingham new street,Tuesday,advance
1 days,london st pancras,birmingham new street,Tuesday,advance
1 days,manchester piccadilly,liverpool lime street,Tuesday,advance
1 days,manchester piccadilly,liverpool lime street,Tuesday,advance
0 days,manchester piccadilly,london euston,Monday,off-peak
0 days,london kings cross,york,Monday,off-peak
1 days,london kings cross,york,Tuesday,advance
1 days,liverpool lime street,manchester piccadilly,Tuesday,advance
1 days,london kings cross,york,Tuesday,advance
1 days,manchester piccadilly,liverpool lime street,Tuesday,advance
1 days,london paddington,reading,Tuesday,advance
1 days,birmingham new street,edinburgh,Tuesday,advance
1 days,manchester piccadilly,liverpool lime street,Tuesday,advance
1 days,london st pancras,birmingham new street,Tuesday,advance
1 days,london euston,birmingham new street,Tuesday,advance
1 days,london paddington,reading,Tuesday,advance
1 days,manchester piccadilly,liverpool lime street,Tuesday,advance
1 days,birmingham new street,liverpool lime street,Tuesday,advance
1 days,london euston,birmingham new street,Tuesday,advance
1 days,manchester piccadilly,liverpool lime street,Tuesday,advance
1 days,london euston,birmingham new street,Tuesday,advance
1 days,liverpool lime street,manchester piccadilly,Tuesday,advance
1 days,liverpool lime street,manchester piccadilly,Tuesday,advance
1 days,london euston,birmingham new street,Tuesday,advance
1 days,manchester piccadilly,london euston,Tuesday,advance
1 days,london paddington,reading,Tuesday,advance
0 days,london paddington,reading,Tuesday,off-peak
0 days,liverpool lime street,manchester piccadilly,Tuesday,off-peak
1 days,manchester piccadilly,london euston,Wednesday,advance
0 days,london euston,birmingham new street,Tuesday,off-peak
2 days,london kings cross,edinburgh waverley,Thursday,advance
0 days,london kings cross,york,Tuesday,off-peak
0 days,manchester piccadilly,london paddington,Tuesday,off-peak
0 days,london euston,birmingham new street,Tuesday,off-peak
0 days,london euston,birmingham new street,Tuesday,off-peak
0 days,london paddington,reading,Tuesday,off-peak
0 days,liverpool lime street,london euston,Tuesday,off-peak
0 days,liverpool lime street,manchester piccadilly,Tuesday,off-peak
0 days,london st pancras,birmingham new street,Tuesday,off-peak
0 days,london kings cross,york,Tuesday,off-peak
1 days,york,durham,Wednesday,advance
0 days,london kings cross,york,Tuesday,off-peak
1 days,manchester piccadilly,london paddington,Wednesday,advance
1 days,liverpool lime street,manchester piccadilly,Wednesday,advance
1 days,manchester piccadilly,liverpool lime street,Wednesday,advance
1 days,birmingham new street,london st pancras,Wednesday,advance
0 days,manchester piccadilly,liverpool lime street,Tuesday,off-peak
0 days,manchester piccadilly,london euston,Tuesday,off-peak
0 days,london kings cross,york,Tuesday,off-peak
0 days,york,birmingham new street,Tuesday,off-peak
1 days,liverpool lime street,manchester piccadilly,Wednesday,advance
0 days,london euston,birmingham new street,Tuesday,off-peak
0 days,birmingham new street,london st pancras,Tuesday,off-peak
0 days,birmingham new street,london st pancras,Tuesday,off-peak
0 days,london kings cross,york,Tuesday,off-peak
1 days,liverpool lime street,london euston,Wednesday,advance
1 days,london paddington,reading,Wednesday,advance
0 days,liverpool lime street,london euston,Tuesday,off-peak
1 days,london euston,birmingham new street,Wednesday,advance
1 days,london euston,birmingham new street,Wednesday,advance
0 days,birmingham new street,london st pancras,Tuesday,off-peak
1 days,manchester piccadilly,liverpool lime street,Wednesday,advance
1 days,manchester piccadilly,liverpool lime street,Wednesday,advance
0 days,london st pancras,birmingham new street,Tuesday,off-peak
1 days,liverpool lime street,manchester piccadilly,Wednesday,advance
0 days,london kings cross,york,Tuesday,anytime
0 days,london paddington,reading,Tuesday,anytime
0 days,london kings cross,york,Tuesday,anytime
0 days,london paddington,reading,Tuesday,anytime
0 days,london paddington,reading,Tuesday,anytime
0 days,london euston,birmingham new street,Tuesday,anytime
0 days,london st pancras,birmingham new street,Tuesday,anytime
0 days,london euston,manchester piccadilly,Tuesday,anytime
0 days,birmingham new street,london st pancras,Tuesday,anytime
0 days,london kings cross,york,Tuesday,anytime
0 days,london euston,manchester piccadilly,Tuesday,anytime
1 days,manchester piccadilly,london euston,Wednesday,advance
0 days,york,doncaster,Tuesday,anytime
1 days,york,birmingham new street,Wednesday,advance
1 days,london euston,birmingham new street,Wednesday,advance
0 days,london paddington,reading,Tuesday,anytime
1 days,london kings cross,york,Wednesday,advance
1 days,liverpool lime street,manchester piccadilly,Wednesday,advance
1 days,london euston,birmingham new street,Wednesday,advance
1 days,london st pancras,birmingham new street,Wednesday,advance
0 days,york,peterborough,Tuesday,anytime
0 days,reading,swindon,Tuesday,anytime
0 days,london st pancras,birmingham new street,Tuesday,anytime
0 days,london kings cross,york,Tuesday,anytime
0 days,liverpool lime street,manchester piccadilly,Tuesday,anytime
0 days,manchester piccadilly,london euston,Tuesday,anytime
0 days,liverpool lime street,london euston,Tuesday,anytime
0 days,london euston,manchester piccadilly,Tuesday,anytime
0 days,reading,birmingham new street,Tuesday,anytime
1 days,manchester piccadilly,liverpool lime street,Wednesday,advance
1 days,london kings cross,york,Wednesday,advance
0 days,london euston,manchester piccadilly,Tuesday,anytime
0 days,birmingham new street,london euston,Tuesday,anytime
1 days,london paddington,reading,Wednesday,advance
0 days,london paddington,reading,Tuesday,anytime
0 days,london paddington,reading,Tuesday,anytime
0 days,london paddington,reading,Tuesday,anytime
0 days,london paddington,oxford,Tuesday,anytime
0 days,liverpool lime street,london paddington,Tuesday,anytime
0 days,liverpool lime street,manchester piccadilly,Tuesday,off-peak
0 days,liverpool lime street,manchester piccadilly,Tuesday,off-peak
0 days,manchester piccadilly,leeds,Tuesday,off-peak
1 days,london paddington,reading,Wednesday,advance
0 days,manchester piccadilly,liverpool lime street,Tuesday,off-peak
1 days,london paddington,reading,Wednesday,advance
1 days,london paddington,reading,Wednesday,advance
1 days,london paddington,reading,Wednesday,advance
1 days,manchester piccadilly,liverpool lime street,Wednesday,advance
1 days,london st pancras,wolverhampton,Wednesday,advance
1 days,london euston,manchester piccadilly,Wednesday,advance
1 days,london paddington,reading,Wednesday,advance
1 days,manchester piccadilly,liverpool lime street,Wednesday,advance
1 days,london paddington,reading,Wednesday,advance
1 days,london paddington,reading,Wednesday,advance
1 days,london paddington,oxford,Wednesday,advance
1 days,london paddington,oxford,Wednesday,advance
1 days,london euston,birmingham new street,Wednesday,advance
1 days,birmingham new street,london st pancras,Wednesday,advance
1 days,birmingham new street,london st pancras,Wednesday,advance
1 days,manchester piccadilly,liverpool lime street,Wednesday,advance
1 days,london kings cross,york,Wednesday,advance
1 days,reading,swindon,Wednesday,advance
1 days,york,peterborough,Wednesday,advance
1 days,london kings cross,york,Wednesday,advance
0 days,manchester piccadilly,liverpool lime street,Tuesday,off-peak
0 days,london euston,birmingham new street,Tuesday,off-peak
0 days,manchester piccadilly,liverpool lime street,Tuesday,off-peak
0 days,manchester piccadilly,liverpool lime street,Tuesday,off-peak
0 days,manchester piccadilly,liverpool lime street,Tuesday,off-peak
0 days,manchester piccadilly,liverpool lime street,Tuesday,off-peak
1 days,liverpool lime street,london euston,Wednesday,advance
1 days,london euston,manchester piccadilly,Wednesday,advance
1 days,london euston,birmingham new street,Wednesday,advance
1 days,manchester piccadilly,sheffield,Wednesday,advance
1 days,london euston,manchester piccadilly,Wednesday,advance
1 days,london paddington,reading,Wednesday,advance
0 days,london euston,birmingham new street,Tuesday,off-peak
1 days,london paddington,reading,Wednesday,advance
1 days,london paddington,reading,Wednesday,advance
0 days,london st pancras,birmingham new street,Tuesday,off-peak
0 days,liverpool lime street,manchester piccadilly,Tuesday,off-peak
0 days,london st pancras,birmingham new street,Tuesday,off-peak
1 days,manchester piccadilly,liverpool lime street,Wednesday,advance
0 days,london st pancras,birmingham new street,Tuesday,off-peak
1 days,manchester piccadilly,liverpool lime street,Wednesday,advance
1 days,manchester piccadilly,liverpool lime street,Wednesday,advance
0 days,liverpool lime street,manchester piccadilly,Tuesday,off-peak
1 days,london kings cross,york,Wednesday,advance
0 days,manchester piccadilly,liverpool lime street,Tuesday,off-peak
0 days,london paddington,reading,Tuesday,off-peak
0 days,manchester piccadilly,liverpool lime street,Tuesday,off-peak
1 days,london euston,birmingham new street,Wednesday,advance
0 days,liverpool lime street,manchester piccadilly,Tuesday,off-peak
0 days,manchester piccadilly,sheffield,Tuesday,off-peak
1 days,york,edinburgh,Wednesday,advance
1 days,manchester piccadilly,york,Wednesday,advance
1 days,york,edinburgh,Wednesday,advance
0 days,london paddington,reading,Tuesday,off-peak
1 days,manchester piccadilly,liverpool lime street,Wednesday,advance
0 days,liverpool lime street,manchester piccadilly,Tuesday,off-peak
1 days,london st pancras,birmingham new street,Wednesday,advance
1 days,liverpool lime street,manchester piccadilly,Wednesday,advance
1 days,liverpool lime street,manchester piccadilly,Wednesday,advance
1 days,london kings cross,york,Wednesday,advance
0 days,london euston,birmingham new street,Tuesday,off-peak
1 days,reading,london paddington,Wednesday,advance
0 days,london paddington,reading,Tuesday,off-peak
1 days,london st pancras,birmingham new street,Wednesday,advance
1 days,london st pancras,birmingham new street,Wednesday,advance
1 days,manchester piccadilly,leeds,Wednesday,advance
0 days,london st pancras,birmingham new street,Tuesday,off-peak
0 days,london st pancras,birmingham new street,Tuesday,off-peak
0 days,london euston,birmingham new street,Tuesday,off-peak
0 days,london euston,birmingham new street,Tuesday,off-peak
0 days,london euston,birmingham new street,Tuesday,off-peak
0 days,london euston,birmingham new street,Tuesday,off-peak
0 days,london st pancras,birmingham new street,Tuesday,off-peak
0 days,london euston,birmingham new street,Tuesday,anytime
0 days,manchester piccadilly,liverpool lime street,Tuesday,anytime
0 days,london st pancras,birmingham new street,Tuesday,anytime
0 days,london paddington,reading,Tuesday,anytime
0 days,london euston,birmingham new street,Tuesday,anytime
0 days,manchester piccadilly,liverpool lime street,Tuesday,anytime
0 days,london euston,birmingham new street,Tuesday,anytime
0 days,london euston,birmingham new street,Tuesday,anytime
1 days,york,edinburgh waverley,Wednesday,advance
1 days,london st pancras,birmingham new street,Wednesday,advance
0 days,london kings cross,york,Tuesday,anytime
1 days,liverpool lime street,manchester piccadilly,Wednesday,advance
1 days,manchester piccadilly,liverpool lime street,Wednesday,advance
1 days,london euston,birmingham new street,Wednesday,advance
0 days,manchester piccadilly,liverpool lime street,Tuesday,anytime
0 days,birmingham new street,manchester piccadilly,Tuesday,anytime
0 days,london paddington,reading,Tuesday,anytime
1 days,manchester piccadilly,liverpool lime street,Wednesday,advance
1 days,liverpool lime street,manchester piccadilly,Wednesday,advance
0 days,reading,swindon,Tuesday,anytime
0 days,birmingham new street,stafford,Tuesday,anytime
1 days,london paddington,reading,Wednesday,advance
0 days,london paddington,reading,Tuesday,anytime
1 days,london paddington,reading,Wednesday,advance
0 days,london kings cross,york,Tuesday,anytime
1 days,oxford,bristol temple meads,Wednesday,advance
0 days,liverpool lime street,manchester piccadilly,Tuesday,anytime
1 days,london paddington,reading,Wednesday,advance
0 days,london euston,birmingham new street,Tuesday,anytime
0 days,london kings cross,york,Tuesday,anytime
1 days,manchester piccadilly,liverpool lime street,Wednesday,advance
1 days,york,edinburgh,Wednesday,advance
0 days,london euston,birmingham new street,Tuesday,anytime
0 days,manchester piccadilly,liverpool lime street,Tuesday,anytime
1 days,london euston,birmingham new street,Wednesday,advance
1 days,reading,london paddington,Wednesday,advance
0 days,london euston,birmingham new street,Tuesday,anytime
0 days,liverpool lime street,london euston,Tuesday,anytime
1 days,london euston,birmingham new street,Wednesday,advance
0 days,liverpool lime street,crewe,Tuesday,anytime
0 days,birmingham new street,nuneaton,Tuesday,anytime
0 days,london st pancras,birmingham new street,Tuesday,anytime
0 days,manchester piccadilly,liverpool lime street,Tuesday,anytime
0 days,birmingham new street,coventry,Tuesday,anytime
0 days,london st pancras,birmingham new street,Tuesday,anytime
1 days,london euston,birmingham new street,Wednesday,advance
0 days,birmingham new street,coventry,Tuesday,anytime
0 days,london st pancras,birmingham new street,Tuesday,anytime
1 days,london euston,birmingham new street,Wednesday,advance
1 days,london euston,birmingham new street,Wednesday,advance
1 days,manchester piccadilly,liverpool lime street,Wednesday,advance
0 days,manchester piccadilly,liverpool lime street,Tuesday,anytime
1 days,london euston,birmingham new street,Wednesday,advance
0 days,london st pancras,leicester,Tuesday,anytime
1 days,manchester piccadilly,liverpool lime street,Wednesday,advance
1 days,london euston,birmingham new street,Wednesday,advance
1 days,liverpool lime street,manchester piccadilly,Wednesday,advance
1 days,london paddington,reading,Wednesday,advance
0 days,london euston,manchester piccadilly,Tuesday,off-peak
1 days,birmingham new street,london st pancras,Wednesday,advance
1 days,manchester piccadilly,liverpool lime street,Wednesday,advance
0 days,manchester piccadilly,liverpool lime street,Tuesday,off-peak
1 days,london kings cross,york,Wednesday,advance
1 days,london st pancras,leicester,Wednesday,advance
1 days,london paddington,reading,Wednesday,advance
1 days,london st pancras,birmingham new street,Wednesday,advance
1 days,london st pancras,leicester,Wednesday,advance
0 days,london euston,birmingham new street,Tuesday,off-peak
1 days,london euston,birmingham new street,Wednesday,advance
1 days,liverpool lime street,manchester piccadilly,Wednesday,advance
0 days,london paddington,reading,Tuesday,off-peak
0 days,london paddington,reading,Tuesday,off-peak
1 days,birmingham new street,nuneaton,Wednesday,advance
1 days,birmingham new street,nuneaton,Wednesday,advance
1 days,london st pancras,birmingham new street,Wednesday,advance
1 days,manchester piccadilly,liverpool lime street,Wednesday,advance
1 days,london kings cross,york,Wednesday,advance
1 days,london st pancras,birmingham new street,Wednesday,advance
1 days,london st pancras,birmingham new street,Wednesday,advance
1 days,london st pancras,birmingham new street,Wednesday,advance
1 days,london st pancras,birmingham new street,Wednesday,advance
1 days,reading,didcot,Wednesday,advance
1 days,manchester piccadilly,liverpool lime street,Wednesday,advance
1 days,london st pancras,birmingham new street,Wednesday,advance
1 days,manchester piccadilly,liverpool lime street,Wednesday,advance
1 days,london paddington,reading,Wednesday,advance
0 days,london paddington,reading,Tuesday,off-peak
0 days,manchester piccadilly,london euston,Tuesday,off-peak
1 days,liverpool lime street,manchester piccadilly,Wednesday,advance
1 days,london paddington,reading,Wednesday,advance
1 days,london paddington,reading,Wednesday,advance
1 days,manchester piccadilly,liverpool lime street,Wednesday,advance
1 days,london paddington,reading,Wednesday,advance
1 days,london kings cross,york,Wednesday,advance
1 days,london kings cross,york,Wednesday,advance
1 days,london kings cross,york,Wednesday,advance
1 days,manchester piccadilly,leeds,Wednesday,advance
1 days,liverpool lime street,manchester piccadilly,Wednesday,advance
1 days,liverpool lime street,leeds,Wednesday,advance
0 days,london paddington,reading,Wednesday,off-peak
0 days,liverpool lime street,manchester piccadilly,Wednesday,off-peak
0 days,liverpool lime street,manchester piccadilly,Wednesday,off-peak
0 days,london euston,birmingham new street,Wednesday,off-peak
1 days,london paddington,reading,Thursday,advance
0 days,manchester piccadilly,sheffield,Wednesday,off-peak
1 days,york,durham,Thursday,advance
1 days,york,durham,Thursday,advance
1 days,london paddington,reading,Thursday,advance
1 days,liverpool lime street,manchester piccadilly,Thursday,advance
1 days,liverpool lime street,manchester piccadilly,Thursday,advance
1 days,manchester piccadilly,liverpool lime street,Thursday,advance
1 days,birmingham new street,london st pancras,Thursday,advance
0 days,liverpool lime street,manchester piccadilly,Wednesday,off-peak
0 days,london paddington,reading,Wednesday,off-peak
1 days,manchester piccadilly,liverpool lime street,Thursday,advance
0 days,london paddington,reading,Wednesday,off-peak
0 days,birmingham new street,london st pancras,Wednesday,off-peak
0 days,london paddington,reading,Wednesday,off-peak
1 days,york,durham,Thursday,advance
1 days,york,durham,Thursday,advance
0 days,london kings cross,york,Wednesday,off-peak
1 days,manchester piccadilly,nottingham,Thursday,advance
1 days,manchester piccadilly,liverpool lime street,Thursday,advance
0 days,london paddington,reading,Wednesday,anytime
0 days,london paddington,reading,Wednesday,anytime
0 days,manchester piccadilly,liverpool lime street,Wednesday,anytime
0 days,london paddington,reading,Wednesday,anytime
1 days,london paddington,reading,Thursday,advance
0 days,london st pancras,wolverhampton,Wednesday,anytime
0 days,york,doncaster,Wednesday,anytime
0 days,birmingham new street,london st pancras,Wednesday,anytime
0 days,birmingham new street,london st pancras,Wednesday,anytime
0 days,london euston,birmingham new street,Wednesday,anytime
0 days,london euston,birmingham new street,Wednesday,anytime
0 days,birmingham new street,london paddington,Wednesday,anytime
0 days,london euston,birmingham new street,Wednesday,anytime
1 days,liverpool lime street,manchester piccadilly,Thursday,advance
0 days,london st pancras,birmingham new street,Wednesday,anytime
0 days,birmingham new street,london euston,Wednesday,anytime
0 days,birmingham new street,london st pancras,Wednesday,anytime
0 days,manchester piccadilly,liverpool lime street,Wednesday,anytime
0 days,london st pancras,birmingham new street,Wednesday,anytime
0 days,liverpool lime street,manchester piccadilly,Wednesday,anytime
0 days,london st pancras,birmingham new street,Wednesday,anytime
0 days,london st pancras,birmingham new street,Wednesday,anytime
0 days,london st pancras,birmingham new street,Wednesday,anytime
0 days,oxford,bristol temple meads,Wednesday,anytime
0 days,manchester piccadilly,liverpool lime street,Wednesday,anytime
1 days,manchester piccadilly,liverpool lime street,Thursday,advance
0 days,reading,swindon,Wednesday,anytime
0 days,reading,swindon,Wednesday,anytime
0 days,london paddington,london waterloo,Wednesday,anytime
0 days,london euston,birmingham new street,Wednesday,anytime
0 days,london kings cross,york,Wednesday,anytime
0 days,liverpool lime street,manchester piccadilly,Wednesday,anytime
1 days,london st pancras,birmingham new street,Thursday,advance
0 days,york,peterborough,Wednesday,anytime
0 days,london kings cross,york,Wednesday,anytime
0 days,york,doncaster,Wednesday,anytime
0 days,london paddington,london waterloo,Wednesday,anytime
0 days,london kings cross,york,Wednesday,anytime
1 days,liverpool lime street,manchester piccadilly,Thursday,advance
0 days,birmingham new street,london euston,Wednesday,anytime
0 days,birmingham new street,london euston,Wednesday,anytime
0 days,liverpool lime street,london euston,Wednesday,anytime
0 days,london paddington,reading,Wednesday,anytime
0 days,manchester piccadilly,liverpool lime street,Wednesday,anytime
0 days,london paddington,reading,Wednesday,anytime
0 days,london euston,birmingham new street,Wednesday,anytime
0 days,london kings cross,york,Wednesday,anytime
1 days,london paddington,reading,Thursday,advance
0 days,london paddington,reading,Wednesday,anytime
0 days,manchester piccadilly,liverpool lime street,Wednesday,anytime
1 days,london st pancras,birmingham new street,Thursday,advance
0 days,manchester piccadilly,liverpool lime street,Wednesday,anytime
0 days,london paddington,oxford,Wednesday,anytime
0 days,london kings cross,york,Wednesday,anytime
0 days,london paddington,reading,Wednesday,anytime
0 days,london paddington,reading,Wednesday,anytime
0 days,manchester piccadilly,liverpool lime street,Wednesday,anytime
1 days,london st pancras,birmingham new street,Thursday,advance
0 days,london kings cross,edinburgh waverley,Wednesday,anytime
0 days,london euston,birmingham new street,Wednesday,off-peak
1 days,manchester piccadilly,liverpool lime street,Thursday,advance
1 days,london kings cross,york,Thursday,advance
1 days,london kings cross,york,Thursday,advance
1 days,manchester piccadilly,liverpool lime street,Thursday,advance
0 days,manchester piccadilly,liverpool lime street,Wednesday,off-peak
1 days,manchester piccadilly,liverpool lime street,Thursday,advance
0 days,london kings cross,liverpool lime street,Wednesday,off-peak
1 days,london kings cross,york,Thursday,advance
1 days,manchester piccadilly,liverpool lime street,Thursday,advance
1 days,manchester piccadilly,liverpool lime street,Thursday,advance
6 days,london euston,birmingham new street,Tuesday,advance
1 days,london paddington,oxford,Thursday,advance
1 days,london st pancras,birmingham new street,Thursday,advance
0 days,london kings cross,york,Wednesday,off-peak
1 days,london euston,birmingham new street,Thursday,advance
1 days,london paddington,reading,Thursday,advance
1 days,reading,swindon,Thursday,advance
1 days,london kings cross,york,Thursday,advance
0 days,manchester piccadilly,liverpool lime street,Wednesday,off-peak
0 days,london euston,birmingham new street,Wednesday,off-peak
0 days,manchester piccadilly,york,Wednesday,off-peak
1 days,london euston,manchester piccadilly,Thursday,advance
1 days,oxford,bristol temple meads,Thursday,advance
0 days,london st pancras,birmingham new street,Wednesday,off-peak
1 days,manchester piccadilly,sheffield,Thursday,advance
0 days,london st pancras,birmingham new street,Wednesday,off-peak
1 days,london paddington,reading,Thursday,advance
0 days,london kings cross,york,Wednesday,off-peak
1 days,manchester piccadilly,liverpool lime street,Thursday,advance
0 days,london euston,birmingham new street,Wednesday,off-peak
1 days,manchester piccadilly,leeds,Thursday,advance
1 days,manchester piccadilly,liverpool lime street,Thursday,advance
1 days,london st pancras,birmingham new street,Thursday,advance
0 days,london paddington,reading,Wednesday,off-peak
1 days,liverpool lime street,manchester piccadilly,Thursday,advance
0 days,manchester piccadilly,liverpool lime street,Wednesday,off-peak
0 days,london euston,birmingham new street,Wednesday,off-peak
0 days,london euston,birmingham new street,Wednesday,off-peak
0 days,liverpool lime street,manchester piccadilly,Wednesday,off-peak
1 days,london euston,birmingham new street,Thursday,advance
1 days,manchester piccadilly,liverpool lime street,Thursday,advance
0 days,london euston,birmingham new street,Wednesday,off-peak
1 days,liverpool lime street,manchester piccadilly,Thursday,advance
0 days,london paddington,reading,Wednesday,off-peak
1 days,manchester piccadilly,liverpool lime street,Thursday,advance
1 days,liverpool lime street,manchester piccadilly,Thursday,advance
0 days,manchester piccadilly,london paddington,Wednesday,off-peak
0 days,london kings cross,york,Wednesday,off-peak
1 days,london st pancras,birmingham new street,Thursday,advance
1 days,london st pancras,birmingham new street,Thursday,advance
1 days,london st pancras,birmingham new street,Thursday,advance
0 days,london paddington,reading,Wednesday,off-peak
0 days,london st pancras,birmingham new street,Wednesday,off-peak
0 days,london st pancras,birmingham new street,Wednesday,off-peak
1 days,london paddington,reading,Thursday,advance
1 days,london kings cross,york,Thursday,advance
1 days,london st pancras,birmingham new street,Thursday,advance
1 days,manchester piccadilly,liverpool lime street,Thursday,advance
1 days,manchester piccadilly,liverpool lime street,Thursday,advance
1 days,manchester piccadilly,liverpool lime street,Thursday,advance
0 days,london euston,birmingham new street,Wednesday,off-peak
0 days,london euston,birmingham new street,Wednesday,off-peak
0 days,london euston,birmingham new street,Wednesday,anytime
0 days,london kings cross,york,Wednesday,anytime
1 days,london kings cross,york,Thursday,advance
1 days,manchester piccadilly,liverpool lime street,Thursday,advance
0 days,london euston,birmingham new street,Wednesday,anytime
1 days,manchester piccadilly,liverpool lime street,Thursday,advance
0 days,birmingham new street,manchester piccadilly,Wednesday,anytime
0 days,london euston,birmingham new street,Wednesday,anytime
1 days,london euston,birmingham new street,Thursday,advance
1 days,london paddington,reading,Thursday,advance
1 days,manchester piccadilly,liverpool lime street,Thursday,advance
0 days,london euston,birmingham new street,Wednesday,anytime
1 days,manchester piccadilly,liverpool lime street,Thursday,advance
0 days,london euston,birmingham new street,Wednesday,anytime
0 days,liverpool lime street,leeds,Wednesday,anytime
0 days,london euston,birmingham new street,Wednesday,anytime
1 days,reading,london paddington,Thursday,advance
0 days,london kings cross,york,Wednesday,anytime
0 days,liverpool lime street,leeds,Wednesday,anytime
0 days,manchester piccadilly,liverpool lime street,Wednesday,anytime
1 days,york,edinburgh,Thursday,advance
1 days,london st pancras,birmingham new street,Thursday,advance
0 days,london kings cross,york,Wednesday,anytime
1 days,london st pancras,birmingham new street,Thursday,advance
1 days,london euston,birmingham new street,Thursday,advance
0 days,london kings cross,york,Wednesday,anytime
0 days,manchester piccadilly,liverpool lime street,Wednesday,anytime
0 days,birmingham new street,london paddington,Wednesday,anytime
0 days,liverpool lime street,manchester piccadilly,Wednesday,anytime
0 days,london kings cross,york,Wednesday,anytime
0 days,london kings cross,york,Wednesday,anytime
0 days,liverpool lime street,london euston,Wednesday,anytime
0 days,london euston,birmingham new street,Wednesday,anytime
0 days,manchester piccadilly,liverpool lime street,Wednesday,anytime
0 days,manchester piccadilly,liverpool lime street,Wednesday,anytime
0 days,manchester piccadilly,liverpool lime street,Wednesday,anytime
0 days,london euston,birmingham new street,Wednesday,anytime
1 days,london st pancras,birmingham new street,Thursday,advance
0 days,london kings cross,york,Wednesday,anytime
0 days,london euston,birmingham new street,Wednesday,anytime
1 days,manchester piccadilly,london euston,Thursday,advance
1 days,manchester piccadilly,liverpool lime street,Thursday,advance
1 days,liverpool lime street,manchester piccadilly,Thursday,advance
0 days,london paddington,reading,Wednesday,anytime
0 days,manchester piccadilly,london euston,Wednesday,anytime
0 days,birmingham new street,york,Wednesday,anytime
0 days,reading,didcot,Wednesday,anytime
0 days,liverpool lime street,crewe,Wednesday,anytime
0 days,birmingham new street,tamworth,Wednesday,anytime
0 days,london st pancras,birmingham new street,Wednesday,anytime
0 days,birmingham new street,tamworth,Wednesday,anytime
0 days,london st pancras,birmingham new street,Wednesday,anytime
0 days,london st pancras,birmingham new street,Wednesday,anytime
1 days,london euston,birmingham new street,Thursday,advance
0 days,london st pancras,birmingham new street,Wednesday,anytime
0 days,manchester piccadilly,liverpool lime street,Wednesday,anytime
0 days,birmingham new street,nuneaton,Wednesday,anytime
0 days,birmingham new street,tamworth,Wednesday,anytime
1 days,manchester piccadilly,liverpool lime street,Thursday,advance
0 days,liverpool lime street,crewe,Wednesday,anytime
0 days,manchester piccadilly,liverpool lime street,Wednesday,anytime
0 days,london st pancras,birmingham new street,Wednesday,anytime
1 days,london euston,birmingham new street,Thursday,advance
1 days,manchester piccadilly,liverpool lime street,Thursday,advance
1 days,london euston,birmingham new street,Thursday,advance
1 days,london paddington,reading,Thursday,advance
1 days,london euston,birmingham new street,Thursday,advance
1 days,london st pancras,leicester,Thursday,advance
1 days,london kings cross,york,Thursday,advance
1 days,liverpool lime street,sheffield,Thursday,advance
1 days,liverpool lime street,sheffield,Thursday,advance
0 days,manchester piccadilly,liverpool lime street,Wednesday,anytime
0 days,london euston,birmingham new street,Wednesday,off-peak
0 days,london paddington,reading,Wednesday,off-peak
0 days,manchester piccadilly,liverpool lime street,Wednesday,off-peak
1 days,london paddington,reading,Thursday,advance
1 days,london kings cross,york,Thursday,advance
0 days,liverpool lime street,manchester piccadilly,Wednesday,off-peak
0 days,london euston,birmingham new street,Wednesday,off-peak
0 days,london euston,manchester piccadilly,Wednesday,off-peak
1 days,london euston,birmingham new street,Thursday,advance
0 days,reading,oxford,Wednesday,off-peak
0 days,london euston,birmingham new street,Wednesday,off-peak
1 days,manchester piccadilly,liverpool lime street,Thursday,advance
1 days,manchester piccadilly,liverpool lime street,Thursday,advance
1 days,london st pancras,birmingham new street,Thursday,advance
0 days,london euston,birmingham new street,Wednesday,off-peak
0 days,london st pancras,birmingham new street,Wednesday,off-peak
1 days,manchester piccadilly,liverpool lime street,Thursday,advance
1 days,liverpool lime street,manchester piccadilly,Thursday,advance
0 days,liverpool lime street,manchester piccadilly,Wednesday,off-peak
1 days,liverpool lime street,manchester piccadilly,Thursday,advance
1 days,birmingham new street,york,Thursday,advance
0 days,liverpool lime street,manchester piccadilly,Wednesday,off-peak
1 days,liverpool lime street,manchester piccadilly,Thursday,advance
1 days,birmingham new street,coventry,Thursday,advance
1 days,birmingham new street,stafford,Thursday,advance
1 days,london kings cross,york,Thursday,advance
1 days,london st pancras,birmingham new street,Thursday,advance
1 days,manchester piccadilly,liverpool lime street,Thursday,advance
1 days,birmingham new street,coventry,Thursday,advance
1 days,birmingham new street,stafford,Thursday,advance
1 days,london kings cross,york,Thursday,advance
1 days,london kings cross,york,Thursday,advance
0 days,london euston,birmingham new street,Wednesday,off-peak
1 days,london paddington,reading,Thursday,advance
1 days,london paddington,reading,Thursday,advance
1 days,london st pancras,birmingham new street,Thursday,advance
1 days,manchester piccadilly,liverpool lime street,Thursday,advance
1 days,manchester piccadilly,liverpool lime street,Thursday,advance
1 days,manchester piccadilly,liverpool lime street,Thursday,advance
1 days,london euston,birmingham new street,Thursday,advance
1 days,manchester piccadilly,london euston,Thursday,advance
1 days,liverpool lime street,manchester piccadilly,Thursday,advance
1 days,london euston,birmingham new street,Thursday,advance
1 days,london kings cross,york,Thursday,advance
1 days,london paddington,reading,Thursday,advance
1 days,london kings cross,york,Thursday,advance
1 days,liverpool lime street,leeds,Thursday,advance
1 days,liverpool lime street,manchester piccadilly,Thursday,advance
1 days,london euston,birmingham new street,Thursday,advance
0 days,london euston,oxford,Thursday,off-peak
0 days,liverpool lime street,manchester piccadilly,Thursday,off-peak
0 days,liverpool lime street,manchester piccadilly,Thursday,off-peak
0 days,manchester piccadilly,liverpool lime street,Thursday,off-peak
0 days,liverpool lime street,manchester piccadilly,Thursday,off-peak
1 days,liverpool lime street,manchester piccadilly,Friday,advance
0 days,london paddington,reading,Thursday,off-peak
0 days,liverpool lime street,london euston,Thursday,off-peak
0 days,london kings cross,york,Thursday,off-peak
0 days,london kings cross,york,Thursday,off-peak
1 days,york,durham,Friday,advance
1 days,manchester piccadilly,london paddington,Friday,advance
0 days,london euston,birmingham new street,Thursday,off-peak
1 days,london euston,birmingham new street,Friday,advance
1 days,liverpool lime street,manchester piccadilly,Friday,advance
1 days,liverpool lime street,manchester piccadilly,Friday,advance
1 days,liverpool lime street,manchester piccadilly,Friday,advance
1 days,london st pancras,birmingham new street,Friday,advance
0 days,liverpool lime street,manchester piccadilly,Thursday,off-peak
1 days,liverpool lime street,manchester piccadilly,Friday,advance
0 days,london paddington,reading,Thursday,off-peak
0 days,manchester piccadilly,london euston,Thursday,off-peak
0 days,manchester piccadilly,sheffield,Thursday,off-peak
0 days,london euston,birmingham new street,Thursday,off-peak
0 days,london euston,birmingham new street,Thursday,off-peak
0 days,london euston,birmingham new street,Thursday,off-peak
0 days,liverpool lime street,manchester piccadilly,Thursday,off-peak
0 days,london paddington,reading,Thursday,off-peak
0 days,london paddington,reading,Thursday,off-peak
0 days,london st pancras,birmingham new street,Thursday,off-peak
0 days,london kings cross,york,Thursday,off-peak
1 days,manchester piccadilly,nottingham,Friday,advance
1 days,london euston,birmingham new street,Friday,advance
1 days,london euston,birmingham new street,Friday,advance
0 days,liverpool lime street,manchester piccadilly,Thursday,off-peak
1 days,manchester piccadilly,liverpool lime street,Friday,advance
0 days,london st pancras,birmingham new street,Thursday,off-peak
0 days,manchester piccadilly,london euston,Thursday,off-peak
0 days,manchester piccadilly,liverpool lime street,Thursday,anytime
0 days,birmingham new street,london st pancras,Thursday,anytime
0 days,york,doncaster,Thursday,anytime
0 days,london euston,birmingham new street,Thursday,anytime
1 days,manchester piccadilly,london euston,Friday,advance
0 days,london st pancras,birmingham new street,Thursday,anytime
0 days,birmingham new street,london euston,Thursday,anytime
0 days,liverpool lime street,manchester piccadilly,Thursday,anytime
0 days,liverpool lime street,manchester piccadilly,Thursday,anytime
0 days,london st pancras,birmingham new street,Thursday,anytime
0 days,london kings cross,york,Thursday,anytime
0 days,london st pancras,birmingham new street,Thursday,anytime
0 days,london st pancras,birmingham new street,Thursday,anytime
0 days,london paddington,reading,Thursday,anytime
1 days,london paddington,reading,Friday,advance
0 days,london paddington,reading,Thursday,anytime
0 days,manchester piccadilly,liverpool lime street,Thursday,anytime
4 days,london euston,birmingham new street,Monday,advance
1 days,london paddington,reading,Friday,advance
0 days,reading,swindon,Thursday,anytime
1 days,birmingham new street,london st pancras,Friday,advance
0 days,london paddington,london waterloo,Thursday,anytime
1 days,london paddington,reading,Friday,advance
1 days,london st pancras,birmingham new street,Friday,advance
1 days,liverpool lime street,manchester piccadilly,Friday,advance
1 days,liverpool lime street,london euston,Friday,advance
0 days,liverpool lime street,london euston,Thursday,anytime
0 days,york,liverpool lime street,Thursday,anytime
0 days,manchester piccadilly,liverpool lime street,Thursday,anytime
1 days,london euston,manchester piccadilly,Friday,advance
0 days,london paddington,reading,Thursday,anytime
0 days,london paddington,reading,Thursday,anytime
0 days,london kings cross,york,Thursday,anytime
0 days,london paddington,oxford,Thursday,anytime
0 days,manchester piccadilly,london euston,Thursday,anytime
0 days,london paddington,oxford,Thursday,anytime
0 days,london paddington,oxford,Thursday,anytime
0 days,london paddington,reading,Thursday,anytime
0 days,london kings cross,york,Thursday,anytime
0 days,london paddington,reading,Thursday,anytime
0 days,london euston,birmingham new street,Thursday,off-peak
0 days,london paddington,reading,Thursday,off-peak
1 days,oxford,bristol temple meads,Friday,advance
0 days,manchester piccadilly,liverpool lime street,Thursday,off-peak
0 days,manchester piccadilly,liverpool lime street,Thursday,off-peak
1 days,london euston,birmingham new street,Friday,advance
0 days,london kings cross,edinburgh waverley,Thursday,anytime
0 days,london kings cross,edinburgh waverley,Thursday,anytime
1 days,london paddington,reading,Friday,advance
1 days,london kings cross,york,Friday,advance
1 days,liverpool lime street,crewe,Friday,advance
0 days,london kings cross,york,Thursday,off-peak
1 days,birmingham new street,london st pancras,Friday,advance
1 days,york,doncaster,Friday,advance
0 days,london kings cross,york,Thursday,off-peak
1 days,london euston,manchester piccadilly,Friday,advance
1 days,york,doncaster,Friday,advance
1 days,birmingham new street,london st pancras,Friday,advance
1 days,birmingham new street,london st pancras,Friday,advance
1 days,london kings cross,york,Friday,advance
1 days,london st pancras,birmingham new street,Friday,advance
0 days,london kings cross,york,Thursday,off-peak
1 days,liverpool lime street,manchester piccadilly,Friday,advance
0 days,london euston,birmingham new street,Thursday,off-peak
0 days,liverpool lime street,birmingham new street,Thursday,off-peak
1 days,london paddington,reading,Friday,advance
1 days,london euston,birmingham new street,Friday,advance
1 days,london kings cross,york,Friday,advance
1 days,york,peterborough,Friday,advance
1 days,london euston,birmingham new street,Friday,advance
1 days,york,doncaster,Friday,advance
0 days,liverpool lime street,manchester piccadilly,Thursday,off-peak
0 days,york,edinburgh,Thursday,off-peak
1 days,liverpool lime street,london euston,Friday,advance
0 days,london st pancras,birmingham new street,Thursday,off-peak
1 days,liverpool lime street,london euston,Friday,advance
1 days,liverpool lime street,london euston,Friday,advance
1 days,liverpool lime street,london euston,Friday,advance
0 days,london st pancras,birmingham new street,Thursday,off-peak
1 days,liverpool lime street,london euston,Friday,advance
0 days,manchester piccadilly,liverpool lime street,Thursday,off-peak
1 days,manchester piccadilly,sheffield,Friday,advance
1 days,london st pancras,birmingham new street,Friday,advance
1 days,london paddington,reading,Friday,advance
1 days,manchester piccadilly,liverpool lime street,Friday,advance
0 days,london st pancras,birmingham new street,Thursday,off-peak
1 days,london st pancras,birmingham new street,Friday,advance
0 days,birmingham new street,manchester piccadilly,Thursday,off-peak
1 days,london kings cross,liverpool lime street,Friday,advance
0 days,liverpool lime street,manchester piccadilly,Thursday,off-peak
0 days,london kings cross,york,Thursday,off-peak
0 days,liverpool lime street,manchester piccadilly,Thursday,off-peak
1 days,liverpool lime street,manchester piccadilly,Friday,advance
0 days,manchester piccadilly,liverpool lime street,Thursday,off-peak
0 days,manchester piccadilly,liverpool lime street,Thursday,off-peak
0 days,london paddington,liverpool lime street,Thursday,off-peak
1 days,london st pancras,birmingham new street,Friday,advance
1 days,london st pancras,birmingham new street,Friday,advance
0 days,london paddington,manchester piccadilly,Thursday,off-peak
0 days,birmingham new street,reading,Thursday,off-peak
0 days,manchester piccadilly,liverpool lime street,Thursday,off-peak
1 days,london kings cross,york,Friday,advance
1 days,london st pancras,birmingham new street,Friday,advance
1 days,london kings cross,york,Friday,advance
1 days,london euston,birmingham new street,Friday,advance
1 days,london st pancras,birmingham new street,Friday,advance
1 days,liverpool lime street,manchester piccadilly,Friday,advance
1 days,manchester piccadilly,leeds,Friday,advance
0 days,london st pancras,birmingham new street,Thursday,off-peak
0 days,london st pancras,birmingham new street,Thursday,off-peak
0 days,york,edinburgh,Thursday,off-peak
1 days,london st pancras,birmingham new street,Friday,advance
0 days,london euston,birmingham new street,Thursday,anytime
0 days,manchester piccadilly,liverpool lime street,Thursday,anytime
1 days,london kings cross,york,Friday,advance
1 days,london st pancras,birmingham new street,Friday,advance
0 days,london paddington,reading,Thursday,anytime
0 days,london euston,birmingham new street,Thursday,anytime
0 days,manchester piccadilly,liverpool lime street,Thursday,anytime
0 days,london paddington,reading,Thursday,anytime
0 days,london euston,birmingham new street,Thursday,anytime
0 days,london euston,birmingham new street,Thursday,anytime
0 days,london kings cross,york,Thursday,anytime
0 days,london kings cross,york,Thursday,anytime
0 days,london paddington,reading,Thursday,anytime
0 days,manchester piccadilly,liverpool lime street,Thursday,anytime
1 days,manchester piccadilly,liverpool lime street,Friday,advance
1 days,london kings cross,york,Friday,advance
0 days,liverpool lime street,sheffield,Thursday,anytime
0 days,london kings cross,york,Thursday,anytime
0 days,london kings cross,york,Thursday,anytime
0 days,birmingham new street,stafford,Thursday,anytime
1 days,manchester piccadilly,london paddington,Friday,advance
1 days,london paddington,reading,Friday,advance
0 days,manchester piccadilly,liverpool lime street,Thursday,anytime
0 days,birmingham new street,london euston,Thursday,anytime
0 days,liverpool lime street,london euston,Thursday,anytime
0 days,manchester piccadilly,liverpool lime street,Thursday,anytime
0 days,london kings cross,york,Thursday,anytime
0 days,london euston,birmingham new street,Thursday,anytime
0 days,liverpool lime street,manchester piccadilly,Thursday,anytime
0 days,london kings cross,york,Thursday,anytime
1 days,london euston,birmingham new street,Friday,advance
1 days,liverpool lime street,london euston,Friday,advance
0 days,manchester piccadilly,liverpool lime street,Thursday,anytime
0 days,london euston,birmingham new street,Thursday,anytime
1 days,london paddington,reading,Friday,advance
0 days,manchester piccadilly,warrington,Thursday,anytime
0 days,manchester piccadilly,warrington,Thursday,anytime
1 days,london paddington,reading,Friday,advance
1 days,london paddington,reading,Friday,advance
0 days,london kings cross,york,Thursday,anytime
0 days,london st pancras,birmingham new street,Thursday,anytime
0 days,london kings cross,york,Thursday,anytime
1 days,birmingham new street,liverpool lime street,Friday,advance
1 days,london kings cross,york,Friday,advance
0 days,london euston,manchester piccadilly,Thursday,anytime
0 days,manchester piccadilly,london euston,Thursday,anytime
0 days,birmingham new street,nuneaton,Thursday,anytime
0 days,london st pancras,birmingham new street,Thursday,anytime
0 days,manchester piccadilly,liverpool lime street,Thursday,anytime
1 days,london euston,birmingham new street,Friday,advance
1 days,london euston,birmingham new street,Friday,advance
1 days,london euston,birmingham new street,Friday,advance
1 days,manchester piccadilly,liverpool lime street,Friday,advance
0 days,manchester piccadilly,liverpool lime street,Thursday,off-peak
1 days,london st pancras,leicester,Friday,advance
1 days,manchester piccadilly,liverpool lime street,Friday,advance
1 days,london euston,birmingham new street,Friday,advance
1 days,birmingham new street,liverpool lime street,Friday,advance
1 days,liverpool lime street,sheffield,Friday,advance
0 days,london st pancras,leicester,Thursday,anytime
0 days,manchester piccadilly,liverpool lime street,Thursday,anytime
1 days,birmingham new street,london euston,Friday,advance
1 days,london kings cross,york,Friday,advance
0 days,liverpool lime street,manchester piccadilly,Thursday,off-peak
0 days,london euston,manchester piccadilly,Thursday,off-peak
0 days,liverpool lime street,manchester piccadilly,Thursday,off-peak
0 days,london paddington,reading,Thursday,off-peak
1 days,liverpool lime street,manchester piccadilly,Friday,advance
0 days,london st pancras,birmingham new street,Thursday,off-peak
0 days,london euston,birmingham new street,Thursday,off-peak
0 days,liverpool lime street,manchester piccadilly,Thursday,off-peak
0 days,london euston,birmingham new street,Thursday,off-peak
1 days,london st pancras,birmingham new street,Friday,advance
1 days,london st pancras,birmingham new street,Friday,advance
0 days,manchester piccadilly,liverpool lime street,Thursday,off-peak
1 days,manchester piccadilly,liverpool lime street,Friday,advance
1 days,manchester piccadilly,liverpool lime street,Friday,advance
1 days,london st pancras,birmingham new street,Friday,advance
1 days,manchester piccadilly,liverpool lime street,Friday,advance
1 days,manchester piccadilly,liverpool lime street,Friday,advance
1 days,london paddington,reading,Friday,advance
1 days,birmingham new street,york,Friday,advance
1 days,london st pancras,birmingham new street,Friday,advance
1 days,london st pancras,birmingham new street,Friday,advance
1 days,london st pancras,birmingham new street,Friday,advance
1 days,birmingham new street,coventry,Friday,advance
1 days,london st pancras,birmingham new street,Friday,advance
0 days,london euston,manchester piccadilly,Thursday,off-peak
1 days,manchester piccadilly,liverpool lime street,Friday,advance
1 days,london kings cross,york,Friday,advance
1 days,manchester piccadilly,liverpool lime street,Friday,advance
1 days,london euston,birmingham new street,Friday,advance
1 days,liverpool lime street,manchester piccadilly,Friday,advance
1 days,london euston,manchester piccadilly,Friday,advance
1 days,london euston,manchester piccadilly,Friday,advance
1 days,reading,oxford,Friday,advance
1 days,london euston,birmingham new street,Friday,advance
1 days,liverpool lime street,manchester piccadilly,Friday,advance
1 days,london euston,birmingham new street,Friday,advance
1 days,york,durham,Friday,advance
1 days,london st pancras,birmingham new street,Friday,advance
1 days,manchester piccadilly,london euston,Friday,advance
1 days,london euston,manchester piccadilly,Friday,advance
1 days,london st pancras,birmingham new street,Friday,advance
1 days,london euston,birmingham new street,Friday,advance
1 days,london kings cross,york,Friday,advance
0 days,manchester piccadilly,london euston,Friday,off-peak
0 days,london st pancras,birmingham new street,Friday,off-peak
1 days,london paddington,reading,Saturday,advance
0 days,london paddington,reading,Friday,off-peak
0 days,london paddington,reading,Friday,off-peak
0 days,london paddington,reading,Friday,off-peak
1 days,london paddington,reading,Saturday,advance
0 days,manchester piccadilly,liverpool lime street,Friday,off-peak
0 days,liverpool lime street,manchester piccadilly,Friday,off-peak
0 days,london euston,birmingham new street,Friday,off-peak
0 days,london kings cross,york,Friday,off-peak
0 days,reading,london paddington,Friday,off-peak
0 days,manchester piccadilly,sheffield,Friday,off-peak
1 days,manchester piccadilly,liverpool lime street,Saturday,advance
0 days,london kings cross,york,Friday,off-peak
0 days,london euston,birmingham new street,Friday,off-peak
1 days,liverpool lime street,manchester piccadilly,Saturday,advance
0 days,liverpool lime street,manchester piccadilly,Friday,off-peak
1 days,london kings cross,york,Saturday,advance
0 days,liverpool lime street,manchester piccadilly,Friday,off-peak
1 days,liverpool lime street,manchester piccadilly,Saturday,advance
1 days,liverpool lime street,manchester piccadilly,Saturday,advance
0 days,liverpool lime street,manchester piccadilly,Friday,off-peak
0 days,liverpool lime street,manchester piccadilly,Friday,off-peak
0 days,london kings cross,york,Friday,off-peak
1 days,london kings cross,york,Saturday,advance
1 days,manchester piccadilly,nottingham,Saturday,advance
1 days,london kings cross,york,Saturday,advance
1 days,london kings cross,york,Saturday,advance
0 days,london kings cross,liverpool lime street,Friday,off-peak
0 days,london euston,birmingham new street,Friday,off-peak
0 days,london euston,birmingham new street,Friday,off-peak
1 days,liverpool lime street,manchester piccadilly,Saturday,advance
0 days,london paddington,reading,Friday,off-peak
0 days,liverpool lime street,manchester piccadilly,Friday,off-peak
0 days,oxford,bristol temple meads,Friday,anytime
0 days,manchester piccadilly,liverpool lime street,Friday,anytime
0 days,reading,oxford,Friday,anytime
0 days,manchester piccadilly,liverpool lime street,Friday,anytime
0 days,london kings cross,york,Friday,anytime
0 days,manchester piccadilly,liverpool lime street,Friday,anytime
0 days,london euston,birmingham new street,Friday,anytime
1 days,manchester piccadilly,liverpool lime street,Saturday,advance
0 days,london euston,birmingham new street,Friday,anytime
0 days,birmingham new street,london st pancras,Friday,anytime
0 days,birmingham new street,london st pancras,Friday,anytime
0 days,london euston,birmingham new street,Friday,anytime
0 days,london st pancras,birmingham new street,Friday,anytime
0 days,liverpool lime street,manchester piccadilly,Friday,anytime
0 days,london st pancras,birmingham new street,Friday,anytime
1 days,liverpool lime street,manchester piccadilly,Saturday,advance
1 days,london kings cross,york,Saturday,advance
0 days,london euston,manchester piccadilly,Friday,anytime
1 days,london st pancras,birmingham new street,Saturday,advance
0 days,london kings cross,york,Friday,anytime
1 days,london kings cross,york,Saturday,advance
0 days,reading,swindon,Friday,anytime
0 days,reading,swindon,Friday,anytime
1 days,birmingham new street,london st pancras,Saturday,advance
0 days,york,peterborough,Friday,anytime
0 days,bristol temple meads,cardiff central,Friday,anytime
1 days,london st pancras,birmingham new street,Saturday,advance
1 days,liverpool lime street,manchester piccadilly,Saturday,advance
1 days,london kings cross,york,Saturday,advance
1 days,london st pancras,birmingham new street,Saturday,advance
1 days,london st pancras,birmingham new street,Saturday,advance
1 days,london kings cross,liverpool lime street,Saturday,advance
0 days,liverpool lime street,london euston,Friday,anytime
1 days,london st pancras,birmingham new street,Saturday,advance
0 days,reading,birmingham new street,Friday,anytime
0 days,liverpool lime street,london euston,Friday,anytime
0 days,liverpool lime street,london euston,Friday,anytime
1 days,london kings cross,york,Saturday,advance
0 days,liverpool lime street,london euston,Friday,anytime
0 days,manchester piccadilly,liverpool lime street,Friday,anytime
1 days,liverpool lime street,manchester piccadilly,Saturday,advance
0 days,manchester piccadilly,leeds,Friday,anytime
1 days,london euston,manchester piccadilly,Saturday,advance
1 days,london st pancras,birmingham new street,Saturday,advance
0 days,london paddington,reading,Friday,anytime
0 days,london paddington,reading,Friday,anytime
0 days,manchester piccadilly,liverpool lime street,Friday,anytime
1 days,london kings cross,york,Saturday,advance
0 days,london kings cross,york,Friday,anytime
0 days,london paddington,reading,Friday,anytime
0 days,london paddington,reading,Friday,anytime
0 days,london paddington,reading,Friday,anytime
0 days,london paddington,oxford,Friday,anytime
0 days,london kings cross,york,Friday,anytime
0 days,london paddington,oxford,Friday,anytime
0 days,london euston,birmingham new street,Friday,off-peak
0 days,manchester piccadilly,liverpool lime street,Friday,off-peak
0 days,birmingham new street,london st pancras,Friday,off-peak
0 days,london kings cross,york,Friday,off-peak
0 days,london kings cross,edinburgh waverley,Friday,anytime
1 days,london kings cross,york,Saturday,advance
1 days,london paddington,reading,Saturday,advance
0 days,manchester piccadilly,liverpool lime street,Friday,off-peak
1 days,manchester piccadilly,liverpool lime street,Saturday,advance
0 days,manchester piccadilly,liverpool lime street,Friday,off-peak
1 days,manchester piccadilly,liverpool lime street,Saturday,advance
1 days,london kings cross,york,Saturday,advance
1 days,manchester piccadilly,liverpool lime street,Saturday,advance
1 days,london st pancras,birmingham new street,Saturday,advance
1 days,york,doncaster,Saturday,advance
1 days,birmingham new street,london st pancras,Saturday,advance
1 days,birmingham new street,london st pancras,Saturday,advance
1 days,manchester piccadilly,liverpool lime street,Saturday,advance
1 days,birmingham new street,london st pancras,Saturday,advance
1 days,london paddington,oxford,Saturday,advance
1 days,london kings cross,york,Saturday,advance
3 days,london paddington,oxford,Monday,advance
0 days,london kings cross,york,Friday,off-peak
1 days,london kings cross,york,Saturday,advance
1 days,london st pancras,birmingham new street,Saturday,advance
1 days,london paddington,reading,Saturday,advance
0 days,manchester piccadilly,liverpool lime street,Friday,off-peak
1 days,london st pancras,birmingham new street,Saturday,advance
1 days,london kings cross,york,Saturday,advance
1 days,york,peterborough,Saturday,advance
0 days,liverpool lime street,manchester piccadilly,Friday,off-peak
1 days,liverpool lime street,manchester piccadilly,Saturday,advance
1 days,york,doncaster,Saturday,advance
0 days,liverpool lime street,manchester piccadilly,Friday,off-peak
1 days,london paddington,reading,Saturday,advance
0 days,london kings cross,york,Friday,off-peak
1 days,london kings cross,york,Saturday,advance
1 days,liverpool lime street,manchester piccadilly,Saturday,advance
0 days,manchester piccadilly,liverpool lime street,Friday,off-peak
1 days,london st pancras,birmingham new street,Saturday,advance
1 days,london kings cross,york,Saturday,advance
0 days,manchester piccadilly,liverpool lime street,Friday,off-peak
0 days,liverpool lime street,manchester piccadilly,Friday,off-peak
0 days,london kings cross,york,Friday,off-peak
1 days,liverpool lime street,london euston,Saturday,advance
0 days,london st pancras,birmingham new street,Friday,off-peak
0 days,manchester piccadilly,liverpool lime street,Friday,off-peak
1 days,london paddington,reading,Saturday,advance
1 days,birmingham new street,liverpool lime street,Saturday,advance
1 days,london euston,manchester piccadilly,Saturday,advance
0 days,london st pancras,birmingham new street,Friday,off-peak
0 days,manchester piccadilly,liverpool lime street,Friday,off-peak
1 days,liverpool lime street,manchester piccadilly,Saturday,advance
1 days,manchester piccadilly,liverpool lime street,Saturday,advance
1 days,manchester piccadilly,london euston,Saturday,advance
1 days,london euston,birmingham new street,Saturday,advance
0 days,london euston,birmingham new street,Friday,off-peak
1 days,manchester piccadilly,leeds,Saturday,advance
0 days,london st pancras,birmingham new street,Friday,off-peak
1 days,london paddington,reading,Saturday,advance
1 days,liverpool lime street,manchester piccadilly,Saturday,advance
1 days,manchester piccadilly,liverpool lime street,Saturday,advance
1 days,manchester piccadilly,liverpool lime street,Saturday,advance
0 days,liverpool lime street,manchester piccadilly,Friday,off-peak
0 days,london paddington,reading,Friday,off-peak
1 days,london kings cross,york,Saturday,advance
0 days,london paddington,reading,Friday,off-peak
0 days,london kings cross,york,Friday,off-peak
0 days,london kings cross,york,Friday,off-peak
0 days,manchester piccadilly,liverpool lime street,Friday,off-peak
0 days,london euston,birmingham new street,Friday,off-peak
1 days,birmingham new street,manchester piccadilly,Saturday,advance
1 days,liverpool lime street,manchester piccadilly,Saturday,advance
1 days,manchester piccadilly,liverpool lime street,Saturday,advance
0 days,liverpool lime street,manchester piccadilly,Friday,off-peak
0 days,london st pancras,birmingham new street,Friday,off-peak
1 days,manchester piccadilly,liverpool lime street,Saturday,advance
1 days,manchester piccadilly,liverpool lime street,Saturday,advance
1 days,manchester piccadilly,liverpool lime street,Saturday,advance
1 days,london kings cross,york,Saturday,advance
1 days,manchester piccadilly,liverpool lime street,Saturday,advance
0 days,london paddington,reading,Friday,off-peak
1 days,london euston,birmingham new street,Saturday,advance
1 days,reading,london paddington,Saturday,advance
0 days,liverpool lime street,manchester piccadilly,Friday,off-peak
1 days,liverpool lime street,manchester piccadilly,Saturday,advance
0 days,london paddington,reading,Friday,off-peak
0 days,london paddington,reading,Friday,off-peak
0 days,london euston,birmingham new street,Friday,off-peak
0 days,london euston,birmingham new street,Friday,off-peak
0 days,london euston,birmingham new street,Friday,anytime
0 days,london euston,birmingham new street,Friday,anytime
0 days,london euston,birmingham new street,Friday,anytime
0 days,london euston,birmingham new street,Friday,anytime
1 days,london euston,birmingham new street,Saturday,advance
1 days,manchester piccadilly,liverpool lime street,Saturday,advance
0 days,manchester piccadilly,liverpool lime street,Friday,anytime
0 days,london euston,birmingham new street,Friday,anytime
1 days,manchester piccadilly,liverpool lime street,Saturday,advance
0 days,london kings cross,york,Friday,anytime
1 days,manchester piccadilly,liverpool lime street,Saturday,advance
1 days,london kings cross,york,Saturday,advance
0 days,liverpool lime street,sheffield,Friday,anytime
0 days,edinburgh waverley,london kings cross,Friday,off-peak
0 days,london paddington,reading,Friday,anytime
0 days,manchester piccadilly,london kings cross,Friday,anytime
0 days,london kings cross,york,Friday,anytime
0 days,london kings cross,york,Friday,anytime
1 days,london paddington,reading,Saturday,advance
0 days,london paddington,reading,Friday,anytime
0 days,london kings cross,york,Friday,anytime
0 days,manchester piccadilly,liverpool lime street,Friday,anytime
1 days,london paddington,reading,Saturday,advance
0 days,reading,swindon,Friday,anytime
1 days,liverpool lime street,manchester piccadilly,Saturday,advance
0 days,london st pancras,birmingham new street,Friday,anytime
0 days,london st pancras,birmingham new street,Friday,anytime
0 days,liverpool lime street,london euston,Friday,anytime
1 days,reading,london paddington,Saturday,advance
0 days,london paddington,reading,Friday,anytime
1 days,london euston,birmingham new street,Saturday,advance
1 days,london kings cross,york,Saturday,advance
0 days,london euston,manchester piccadilly,Friday,anytime
0 days,london st pancras,birmingham new street,Friday,anytime
1 days,london paddington,reading,Saturday,advance
0 days,london st pancras,birmingham new street,Friday,anytime
0 days,london st pancras,birmingham new street,Friday,anytime
0 days,london kings cross,york,Friday,anytime
1 days,manchester piccadilly,liverpool lime street,Saturday,advance
0 days,london st pancras,birmingham new street,Friday,anytime
0 days,london st pancras,birmingham new street,Friday,anytime
0 days,london st pancras,birmingham new street,Friday,anytime
0 days,london paddington,reading,Friday,anytime
0 days,london st pancras,wolverhampton,Friday,anytime
0 days,london st pancras,birmingham new street,Friday,anytime
0 days,london st pancras,wolverhampton,Friday,anytime
1 days,london euston,birmingham new street,Saturday,advance
1 days,london euston,birmingham new street,Saturday,advance
1 days,london euston,birmingham new street,Saturday,advance
1 days,london euston,birmingham new street,Saturday,advance
0 days,london euston,birmingham new street,Friday,off-peak
1 days,manchester piccadilly,liverpool lime street,Saturday,advance
0 days,manchester piccadilly,liverpool lime street,Friday,off-peak
1 days,london euston,birmingham new street,Saturday,advance
1 days,birmingham new street,manchester piccadilly,Saturday,advance
1 days,manchester piccadilly,london kings cross,Saturday,advance
1 days,manchester piccadilly,liverpool lime street,Saturday,advance
0 days,london euston,birmingham new street,Friday,off-peak
0 days,london euston,birmingham new street,Friday,off-peak
1 days,liverpool lime street,london euston,Saturday,advance
0 days,london st pancras,birmingham new street,Friday,off-peak
1 days,manchester piccadilly,liverpool lime street,Saturday,advance
0 days,manchester piccadilly,liverpool lime street,Friday,off-peak
1 days,reading,oxford,Saturday,advance
1 days,manchester piccadilly,liverpool lime street,Saturday,advance
1 days,london st pancras,birmingham new street,Saturday,advance
1 days,london euston,birmingham new street,Saturday,advance
1 days,manchester piccadilly,liverpool lime street,Saturday,advance
1 days,manchester piccadilly,liverpool lime street,Saturday,advance
1 days,manchester piccadilly,liverpool lime street,Saturday,advance
1 days,london st pancras,leicester,Saturday,advance
1 days,london euston,birmingham new street,Saturday,advance
1 days,london st pancras,birmingham new street,Saturday,advance
1 days,manchester piccadilly,liverpool lime street,Saturday,advance
1 days,london st pancras,birmingham new street,Saturday,advance
1 days,reading,swindon,Saturday,advance
1 days,london paddington,reading,Saturday,advance
1 days,london st pancras,birmingham new street,Saturday,advance
1 days,london st pancras,birmingham new street,Saturday,advance
1 days,london st pancras,birmingham new street,Saturday,advance
1 days,london kings cross,york,Saturday,advance
1 days,york,peterborough,Saturday,advance
1 days,london st pancras,birmingham new street,Saturday,advance
1 days,liverpool lime street,crewe,Saturday,advance
1 days,reading,swindon,Saturday,advance
1 days,london kings cross,york,Saturday,advance
1 days,reading,didcot,Saturday,advance
1 days,london st pancras,birmingham new street,Saturday,advance
1 days,manchester piccadilly,liverpool lime street,Saturday,advance
1 days,london kings cross,york,Saturday,advance
0 days,liverpool lime street,manchester piccadilly,Friday,off-peak
0 days,liverpool lime street,manchester piccadilly,Friday,off-peak
1 days,manchester piccadilly,liverpool lime street,Saturday,advance
1 days,london paddington,reading,Saturday,advance
1 days,london paddington,reading,Saturday,advance
1 days,london euston,birmingham new street,Saturday,advance
1 days,london paddington,reading,Saturday,advance
1 days,london paddington,reading,Saturday,advance
1 days,liverpool lime street,manchester piccadilly,Saturday,advance
1 days,london euston,york,Saturday,advance
1 days,birmingham new street,london st pancras,Saturday,advance
1 days,birmingham new street,london st pancras,Saturday,advance
1 days,london paddington,reading,Saturday,advance
1 days,liverpool lime street,manchester piccadilly,Saturday,advance
1 days,london kings cross,york,Saturday,advance
1 days,london euston,birmingham new street,Saturday,advance
1 days,london paddington,reading,Saturday,advance
1 days,manchester piccadilly,liverpool lime street,Saturday,advance
0 days,liverpool lime street,manchester piccadilly,Saturday,off-peak
0 days,liverpool lime street,manchester piccadilly,Saturday,off-peak
0 days,london paddington,reading,Saturday,off-peak
0 days,london paddington,reading,Saturday,off-peak
0 days,manchester piccadilly,london paddington,Saturday,off-peak
0 days,london euston,birmingham new street,Saturday,off-peak
0 days,manchester piccadilly,liverpool lime street,Saturday,off-peak
0 days,liverpool lime street,manchester piccadilly,Saturday,off-peak
0 days,london paddington,reading,Saturday,off-peak
0 days,manchester piccadilly,liverpool lime street,Saturday,off-peak
0 days,liverpool lime street,london paddington,Saturday,off-peak
0 days,manchester piccadilly,sheffield,Saturday,off-peak
0 days,york,birmingham new street,Saturday,off-peak
0 days,london euston,birmingham new street,Saturday,off-peak
0 days,birmingham new street,london st pancras,Saturday,off-peak
0 days,london st pancras,birmingham new street,Saturday,off-peak
0 days,london kings cross,york,Saturday,off-peak
0 days,liverpool lime street,manchester piccadilly,Saturday,off-peak
0 days,manchester piccadilly,liverpool lime street,Saturday,off-peak
0 days,manchester piccadilly,liverpool lime street,Saturday,off-peak
0 days,manchester piccadilly,liverpool lime street,Saturday,off-peak
0 days,london euston,birmingham new street,Saturday,off-peak
0 days,york,doncaster,Saturday,off-peak
0 days,london euston,birmingham new street,Saturday,off-peak
0 days,birmingham new street,london st pancras,Saturday,off-peak
0 days,birmingham new street,london st pancras,Saturday,off-peak
0 days,birmingham new street,london st pancras,Saturday,off-peak
0 days,manchester piccadilly,liverpool lime street,Saturday,off-peak
0 days,birmingham new street,london st pancras,Saturday,off-peak
0 days,london euston,manchester piccadilly,Saturday,off-peak
0 days,london kings cross,york,Saturday,off-peak
0 days,london kings cross,york,Saturday,off-peak
0 days,london kings cross,york,Saturday,off-peak
0 days,london euston,birmingham new street,Saturday,off-peak
0 days,london kings cross,york,Saturday,off-peak
0 days,york,doncaster,Saturday,off-peak
0 days,london kings cross,york,Saturday,off-peak
0 days,london st pancras,birmingham new street,Saturday,off-peak
0 days,london kings cross,york,Saturday,off-peak
0 days,london paddington,london waterloo,Saturday,off-peak
0 days,london kings cross,york,Saturday,off-peak
0 days,london paddington,reading,Saturday,off-peak
0 days,liverpool lime street,london euston,Saturday,off-peak
0 days,liverpool lime street,london euston,Saturday,off-peak
0 days,london euston,manchester piccadilly,Saturday,off-peak
0 days,birmingham new street,london euston,Saturday,off-peak
0 days,manchester piccadilly,london euston,Saturday,off-peak
0 days,liverpool lime street,london euston,Saturday,off-peak
0 days,london st pancras,birmingham new street,Saturday,off-peak
0 days,liverpool lime street,manchester piccadilly,Saturday,off-peak
0 days,london euston,birmingham new street,Saturday,off-peak
0 days,london paddington,reading,Saturday,off-peak
0 days,manchester piccadilly,liverpool lime street,Saturday,off-peak
0 days,london paddington,reading,Saturday,off-peak
0 days,london kings cross,york,Saturday,off-peak
0 days,london paddington,reading,Saturday,off-peak
0 days,london paddington,reading,Saturday,off-peak
0 days,manchester piccadilly,liverpool lime street,Saturday,off-peak
0 days,london st pancras,birmingham new street,Saturday,off-peak
0 days,liverpool lime street,manchester piccadilly,Saturday,off-peak
0 days,london kings cross,york,Saturday,off-peak
0 days,liverpool lime street,manchester piccadilly,Saturday,off-peak
0 days,manchester piccadilly,liverpool lime street,Saturday,off-peak
0 days,london euston,birmingham new street,Saturday,off-peak
2 days,london paddington,reading,Monday,advance
0 days,birmingham new street,manchester piccadilly,Saturday,off-peak
0 days,manchester piccadilly,liverpool lime street,Saturday,off-peak
0 days,london paddington,reading,Saturday,off-peak
0 days,london kings cross,york,Saturday,off-peak
0 days,london kings cross,york,Saturday,off-peak
0 days,london euston,birmingham new street,Saturday,off-peak
0 days,manchester piccadilly,liverpool lime street,Saturday,off-peak
0 days,london euston,birmingham new street,Saturday,off-peak
0 days,reading,london paddington,Saturday,off-peak
0 days,reading,london paddington,Saturday,off-peak
0 days,reading,london paddington,Saturday,off-peak
0 days,liverpool lime street,manchester piccadilly,Saturday,off-peak
0 days,london paddington,liverpool lime street,Saturday,off-peak
0 days,london euston,birmingham new street,Saturday,off-peak
0 days,london kings cross,york,Saturday,off-peak
0 days,london euston,birmingham new street,Saturday,off-peak
0 days,london euston,birmingham new street,Saturday,off-peak
0 days,london euston,birmingham new street,Saturday,off-peak
0 days,manchester piccadilly,liverpool lime street,Saturday,off-peak
0 days,london euston,birmingham new street,Saturday,off-peak
0 days,london euston,birmingham new street,Saturday,off-peak
0 days,london euston,birmingham new street,Saturday,off-peak
0 days,london euston,birmingham new street,Saturday,off-peak
0 days,birmingham new street,manchester piccadilly,Saturday,off-peak
0 days,liverpool lime street,sheffield,Saturday,off-peak
0 days,edinburgh waverley,london kings cross,Saturday,off-peak
0 days,liverpool lime street,leeds,Saturday,off-peak
0 days,london kings cross,york,Saturday,off-peak
0 days,london kings cross,york,Saturday,off-peak
0 days,london kings cross,york,Saturday,off-peak
0 days,london st pancras,birmingham new street,Saturday,off-peak
0 days,manchester piccadilly,liverpool lime street,Saturday,off-peak
0 days,manchester piccadilly,liverpool lime street,Saturday,off-peak
0 days,liverpool lime street,manchester piccadilly,Saturday,off-peak
0 days,manchester piccadilly,liverpool lime street,Saturday,off-peak
0 days,london euston,birmingham new street,Saturday,off-peak
0 days,manchester piccadilly,liverpool lime street,Saturday,off-peak
0 days,london st pancras,birmingham new street,Saturday,off-peak
0 days,london st pancras,birmingham new street,Saturday,off-peak
0 days,london paddington,reading,Saturday,off-peak
0 days,liverpool lime street,london euston,Saturday,off-peak
0 days,london st pancras,birmingham new street,Saturday,off-peak
0 days,birmingham new street,tamworth,Saturday,off-peak
0 days,reading,didcot,Saturday,off-peak
0 days,london st pancras,birmingham new street,Saturday,off-peak
0 days,liverpool lime street,crewe,Saturday,off-peak
0 days,birmingham new street,coventry,Saturday,off-peak
0 days,liverpool lime street,crewe,Saturday,off-peak
0 days,birmingham new street,nuneaton,Saturday,off-peak
0 days,manchester piccadilly,liverpool lime street,Saturday,off-peak
0 days,birmingham new street,tamworth,Saturday,off-peak
0 days,manchester piccadilly,liverpool lime street,Saturday,off-peak
0 days,manchester piccadilly,liverpool lime street,Saturday,off-peak
0 days,manchester piccadilly,liverpool lime street,Saturday,off-peak
0 days,manchester piccadilly,liverpool lime street,Saturday,off-peak
0 days,london st pancras,leicester,Saturday,off-peak
0 days,london st pancras,leicester,Saturday,off-peak
0 days,london paddington,reading,Saturday,off-peak
0 days,birmingham new street,london euston,Saturday,off-peak
0 days,london paddington,reading,Saturday,off-peak
0 days,london paddington,reading,Saturday,off-peak
0 days,birmingham new street,edinburgh,Saturday,off-peak
0 days,oxford,bristol temple meads,Saturday,off-peak
2 days,london st pancras,leicester,Monday,advance
0 days,london euston,birmingham new street,Saturday,off-peak
0 days,liverpool lime street,manchester piccadilly,Saturday,off-peak
0 days,london euston,birmingham new street,Saturday,off-peak
0 days,london euston,birmingham new street,Saturday,off-peak
0 days,london paddington,reading,Saturday,off-peak
0 days,london kings cross,york,Saturday,off-peak
0 days,london st pancras,birmingham new street,Saturday,off-peak
0 days,london st pancras,birmingham new street,Saturday,off-peak
0 days,london euston,manchester piccadilly,Saturday,off-peak
1 days,manchester piccadilly,liverpool lime street,Sunday,advance
1 days,london euston,york,Sunday,advance
1 days,liverpool lime street,manchester piccadilly,Sunday,advance
1 days,liverpool lime street,manchester piccadilly,Sunday,advance
1 days,liverpool lime street,manchester piccadilly,Sunday,advance
1 days,liverpool lime street,manchester piccadilly,Sunday,advance
0 days,liverpool lime street,manchester piccadilly,Sunday,off-peak
0 days,london euston,manchester piccadilly,Sunday,off-peak
0 days,york,edinburgh,Sunday,off-peak
2 days,london kings cross,edinburgh waverley,Tuesday,advance
0 days,york,durham,Sunday,off-peak
0 days,manchester piccadilly,liverpool lime street,Sunday,off-peak
0 days,manchester piccadilly,nottingham,Sunday,off-peak
0 days,manchester piccadilly,nottingham,Sunday,off-peak
0 days,london paddington,reading,Sunday,off-peak
0 days,liverpool lime street,manchester piccadilly,Sunday,off-peak
0 days,liverpool lime street,london euston,Sunday,off-peak
0 days,london euston,birmingham new street,Sunday,off-peak
0 days,london st pancras,birmingham new street,Sunday,off-peak
0 days,london paddington,reading,Sunday,off-peak
0 days,york,durham,Sunday,off-peak
0 days,liverpool lime street,manchester piccadilly,Sunday,off-peak
0 days,london paddington,reading,Sunday,off-peak
0 days,liverpool lime street,manchester piccadilly,Sunday,off-peak
0 days,manchester piccadilly,london euston,Sunday,off-peak
0 days,manchester piccadilly,london euston,Sunday,off-peak
0 days,manchester piccadilly,london euston,Sunday,off-peak
0 days,london kings cross,york,Sunday,off-peak
0 days,london euston,birmingham new street,Sunday,off-peak
0 days,london euston,birmingham new street,Sunday,off-peak
0 days,london st pancras,birmingham new street,Sunday,off-peak
0 days,liverpool lime street,manchester piccadilly,Sunday,off-peak
0 days,london euston,birmingham new street,Sunday,off-peak
0 days,manchester piccadilly,liverpool lime street,Sunday,off-peak
0 days,london st pancras,birmingham new street,Sunday,off-peak
0 days,manchester piccadilly,london paddington,Sunday,off-peak
0 days,london paddington,reading,Sunday,off-peak
0 days,london st pancras,birmingham new street,Sunday,off-peak
0 days,manchester piccadilly,liverpool lime street,Sunday,off-peak
0 days,london kings cross,liverpool lime street,Sunday,off-peak
0 days,london euston,birmingham new street,Sunday,off-peak
0 days,manchester piccadilly,liverpool lime street,Sunday,off-peak
0 days,london st pancras,birmingham new street,Sunday,off-peak
0 days,manchester piccadilly,liverpool lime street,Sunday,off-peak
0 days,london paddington,reading,Sunday,off-peak
0 days,london paddington,reading,Sunday,off-peak
0 days,manchester piccadilly,liverpool lime street,Sunday,off-peak
0 days,liverpool lime street,manchester piccadilly,Sunday,off-peak
0 days,york,peterborough,Sunday,off-peak
0 days,manchester piccadilly,liverpool lime street,Sunday,off-peak
0 days,manchester piccadilly,liverpool lime street,Sunday,off-peak
1 days,liverpool lime street,manchester piccadilly,Monday,advance
0 days,london euston,manchester piccadilly,Sunday,off-peak
0 days,birmingham new street,london st pancras,Sunday,off-peak
0 days,birmingham new street,london st pancras,Sunday,off-peak
0 days,london euston,birmingham new street,Sunday,off-peak
0 days,birmingham new street,stafford,Sunday,off-peak
0 days,birmingham new street,london st pancras,Sunday,off-peak
0 days,london st pancras,birmingham new street,Sunday,off-peak
0 days,manchester piccadilly,liverpool lime street,Sunday,off-peak
0 days,birmingham new street,london st pancras,Sunday,off-peak
0 days,london euston,birmingham new street,Sunday,off-peak
0 days,london kings cross,york,Sunday,off-peak
0 days,liverpool lime street,manchester piccadilly,Sunday,off-peak
0 days,london st pancras,birmingham new street,Sunday,off-peak
0 days,london st pancras,birmingham new street,Sunday,off-peak
1 days,london euston,birmingham new street,Monday,advance
0 days,manchester piccadilly,liverpool lime street,Sunday,off-peak
0 days,london paddington,reading,Sunday,off-peak
0 days,liverpool lime street,manchester piccadilly,Sunday,off-peak
0 days,liverpool lime street,manchester piccadilly,Sunday,off-peak
0 days,london paddington,london waterloo,Sunday,off-peak
0 days,london st pancras,birmingham new street,Sunday,off-peak
0 days,london euston,birmingham new street,Sunday,off-peak
0 days,london kings cross,york,Sunday,off-peak
0 days,london paddington,manchester piccadilly,Sunday,off-peak
0 days,york,peterborough,Sunday,off-peak
0 days,manchester piccadilly,london paddington,Sunday,off-peak
0 days,liverpool lime street,london euston,Sunday,off-peak
0 days,liverpool lime street,london euston,Sunday,off-peak
1 days,london euston,manchester piccadilly,Monday,advance
0 days,manchester piccadilly,london euston,Sunday,off-peak
0 days,liverpool lime street,london euston,Sunday,off-peak
0 days,london kings cross,york,Sunday,off-peak
0 days,liverpool lime street,london euston,Sunday,off-peak
0 days,liverpool lime street,london euston,Sunday,off-peak
0 days,london paddington,reading,Sunday,off-peak
0 days,london euston,manchester piccadilly,Sunday,off-peak
0 days,birmingham new street,liverpool lime street,Sunday,off-peak
0 days,london st pancras,birmingham new street,Sunday,off-peak
0 days,york,leeds,Sunday,off-peak
0 days,liverpool lime street,manchester piccadilly,Sunday,off-peak
0 days,manchester piccadilly,sheffield,Sunday,off-peak
0 days,manchester piccadilly,liverpool lime street,Sunday,off-peak
0 days,manchester piccadilly,liverpool lime street,Sunday,off-peak
0 days,london paddington,reading,Sunday,off-peak
0 days,london paddington,oxford,Sunday,off-peak
0 days,london paddington,oxford,Sunday,off-peak
0 days,london paddington,reading,Sunday,off-peak
0 days,manchester piccadilly,liverpool lime street,Sunday,off-peak
0 days,london paddington,reading,Sunday,off-peak
0 days,london paddington,reading,Sunday,off-peak
0 days,london kings cross,york,Sunday,off-peak
0 days,manchester piccadilly,london euston,Sunday,off-peak
0 days,manchester piccadilly,liverpool lime street,Sunday,off-peak
0 days,london kings cross,york,Sunday,off-peak
0 days,london paddington,oxford,Sunday,off-peak
0 days,london paddington,reading,Sunday,off-peak
0 days,london kings cross,york,Sunday,off-peak
0 days,london euston,birmingham new street,Sunday,off-peak
0 days,manchester piccadilly,liverpool lime street,Sunday,off-peak
0 days,london kings cross,york,Sunday,off-peak
0 days,london kings cross,edinburgh waverley,Sunday,off-peak
0 days,london kings cross,edinburgh waverley,Sunday,off-peak
0 days,liverpool lime street,manchester piccadilly,Sunday,off-peak
0 days,manchester piccadilly,liverpool lime street,Sunday,off-peak
1 days,london paddington,reading,Monday,advance
0 days,manchester piccadilly,liverpool lime street,Sunday,off-peak
0 days,manchester piccadilly,liverpool lime street,Sunday,off-peak
0 days,manchester piccadilly,liverpool lime street,Sunday,off-peak
0 days,manchester piccadilly,liverpool lime street,Sunday,off-peak
1 days,york,doncaster,Monday,advance
0 days,manchester piccadilly,liverpool lime street,Sunday,off-peak
1 days,liverpool lime street,crewe,Monday,advance
0 days,liverpool lime street,manchester piccadilly,Sunday,off-peak
0 days,london euston,birmingham new street,Sunday,off-peak
1 days,birmingham new street,london euston,Monday,advance
0 days,manchester piccadilly,liverpool lime street,Sunday,off-peak
0 days,manchester piccadilly,liverpool lime street,Sunday,off-peak
1 days,london euston,manchester piccadilly,Monday,advance
0 days,london st pancras,birmingham new street,Sunday,off-peak
0 days,london st pancras,birmingham new street,Sunday,off-peak
0 days,liverpool lime street,manchester piccadilly,Sunday,off-peak
0 days,manchester piccadilly,liverpool lime street,Sunday,off-peak
1 days,london kings cross,york,Monday,advance
0 days,london euston,birmingham new street,Sunday,off-peak
0 days,london st pancras,birmingham new street,Sunday,off-peak
0 days,manchester piccadilly,leeds,Sunday,off-peak
0 days,manchester piccadilly,liverpool lime street,Sunday,off-peak
0 days,london st pancras,birmingham new street,Sunday,off-peak
0 days,manchester piccadilly,liverpool lime street,Sunday,off-peak
0 days,london st pancras,birmingham new street,Sunday,off-peak
0 days,liverpool lime street,manchester piccadilly,Sunday,off-peak
0 days,birmingham new street,manchester piccadilly,Sunday,off-peak
1 days,london paddington,reading,Monday,advance
0 days,london euston,birmingham new street,Sunday,off-peak
0 days,london paddington,reading,Sunday,off-peak
0 days,london kings cross,york,Sunday,off-peak
0 days,london st pancras,birmingham new street,Sunday,off-peak
0 days,london kings cross,york,Sunday,off-peak
0 days,manchester piccadilly,liverpool lime street,Sunday,off-peak
0 days,liverpool lime street,manchester piccadilly,Sunday,off-peak
0 days,london euston,birmingham new street,Sunday,off-peak
0 days,london st pancras,birmingham new street,Sunday,off-peak
0 days,london st pancras,birmingham new street,Sunday,off-peak
0 days,manchester piccadilly,liverpool lime street,Sunday,off-peak
0 days,manchester piccadilly,liverpool lime street,Sunday,off-peak
0 days,manchester piccadilly,liverpool lime street,Sunday,off-peak
0 days,london paddington,reading,Sunday,off-peak
0 days,manchester piccadilly,liverpool lime street,Sunday,off-peak
0 days,london kings cross,york,Sunday,off-peak
0 days,london paddington,reading,Sunday,off-peak
0 days,manchester piccadilly,london paddington,Sunday,off-peak
0 days,liverpool lime street,manchester piccadilly,Sunday,off-peak
0 days,manchester piccadilly,sheffield,Sunday,off-peak
0 days,manchester piccadilly,liverpool lime street,Sunday,off-peak
0 days,london kings cross,york,Sunday,off-peak
0 days,manchester piccadilly,liverpool lime street,Sunday,off-peak
1 days,manchester piccadilly,liverpool lime street,Monday,advance
0 days,london kings cross,york,Sunday,off-peak
0 days,london paddington,reading,Sunday,off-peak
0 days,manchester piccadilly,liverpool lime street,Sunday,off-peak
0 days,manchester piccadilly,liverpool lime street,Sunday,off-peak
0 days,manchester piccadilly,liverpool lime street,Sunday,off-peak
0 days,london kings cross,york,Sunday,off-peak
0 days,london paddington,reading,Sunday,off-peak
0 days,london paddington,reading,Sunday,off-peak
0 days,london paddington,reading,Sunday,off-peak
0 days,london paddington,reading,Sunday,off-peak
0 days,london euston,birmingham new street,Sunday,off-peak
0 days,london euston,birmingham new street,Sunday,off-peak
0 days,london kings cross,york,Sunday,off-peak
0 days,london euston,birmingham new street,Sunday,off-peak
0 days,london euston,birmingham new street,Sunday,off-peak
0 days,london euston,birmingham new street,Sunday,off-peak
0 days,manchester piccadilly,liverpool lime street,Sunday,off-peak
0 days,london euston,birmingham new street,Sunday,off-peak
0 days,london euston,birmingham new street,Sunday,off-peak
0 days,london euston,birmingham new street,Sunday,off-peak
0 days,london euston,birmingham new street,Sunday,off-peak
0 days,london euston,birmingham new street,Sunday,off-peak
0 days,manchester piccadilly,liverpool lime street,Sunday,off-peak
0 days,london euston,birmingham new street,Sunday,off-peak
0 days,manchester piccadilly,liverpool lime street,Sunday,off-peak
0 days,manchester piccadilly,liverpool lime street,Sunday,off-peak
0 days,liverpool lime street,manchester piccadilly,Sunday,off-peak
0 days,london kings cross,york,Sunday,off-peak
0 days,london kings cross,york,Sunday,off-peak
0 days,birmingham new street,stafford,Sunday,off-peak
0 days,london kings cross,york,Sunday,off-peak
0 days,birmingham new street,stafford,Sunday,off-peak
0 days,london kings cross,york,Sunday,off-peak
0 days,manchester piccadilly,liverpool lime street,Sunday,off-peak
1 days,london paddington,reading,Monday,advance
0 days,liverpool lime street,manchester piccadilly,Sunday,off-peak
0 days,london euston,birmingham new street,Sunday,off-peak
0 days,london st pancras,birmingham new street,Sunday,off-peak
0 days,liverpool lime street,manchester piccadilly,Sunday,off-peak
0 days,london st pancras,birmingham new street,Sunday,off-peak
0 days,manchester piccadilly,liverpool lime street,Sunday,off-peak
0 days,manchester piccadilly,liverpool lime street,Sunday,off-peak
0 days,birmingham new street,tamworth,Sunday,off-peak
0 days,manchester piccadilly,liverpool lime street,Sunday,off-peak
0 days,london st pancras,birmingham new street,Sunday,off-peak
0 days,london st pancras,birmingham new street,Sunday,off-peak
0 days,london st pancras,birmingham new street,Sunday,off-peak
0 days,london st pancras,birmingham new street,Sunday,off-peak
0 days,london paddington,reading,Sunday,off-peak
0 days,london paddington,reading,Sunday,off-peak
0 days,liverpool lime street,manchester piccadilly,Sunday,off-peak
0 days,reading,birmingham new street,Sunday,off-peak
0 days,birmingham new street,york,Sunday,off-peak
0 days,liverpool lime street,london euston,Sunday,off-peak
1 days,london paddington,reading,Monday,advance
0 days,london st pancras,birmingham new street,Sunday,off-peak
0 days,london st pancras,birmingham new street,Sunday,off-peak
0 days,london paddington,reading,Sunday,off-peak
0 days,london st pancras,birmingham new street,Sunday,off-peak
0 days,birmingham new street,tamworth,Sunday,off-peak
0 days,manchester piccadilly,liverpool lime street,Sunday,off-peak
0 days,london paddington,reading,Sunday,off-peak
0 days,york,peterborough,Sunday,off-peak
0 days,london euston,manchester piccadilly,Sunday,off-peak
0 days,manchester piccadilly,liverpool lime street,Sunday,off-peak
0 days,london st pancras,birmingham new street,Sunday,off-peak
0 days,london paddington,reading,Sunday,off-peak
0 days,london st pancras,birmingham new street,Sunday,off-peak
0 days,birmingham new street,nuneaton,Sunday,off-peak
0 days,london st pancras,birmingham new street,Sunday,off-peak
0 days,liverpool lime street,crewe,Sunday,off-peak
0 days,london st pancras,birmingham new street,Sunday,off-peak
0 days,birmingham new street,nuneaton,Sunday,off-peak
2 days,london euston,birmingham new street,Tuesday,advance
0 days,london kings cross,york,Sunday,off-peak
1 days,liverpool lime street,sheffield,Monday,advance
0 days,manchester piccadilly,liverpool lime street,Sunday,off-peak
0 days,manchester piccadilly,liverpool lime street,Sunday,off-peak
0 days,manchester piccadilly,liverpool lime street,Sunday,off-peak
0 days,london st pancras,leicester,Sunday,off-peak
0 days,manchester piccadilly,liverpool lime street,Sunday,off-peak
0 days,london st pancras,leicester,Sunday,off-peak
0 days,london st pancras,leicester,Sunday,off-peak
0 days,london st pancras,leicester,Sunday,off-peak
0 days,london st pancras,leicester,Sunday,off-peak
0 days,london kings cross,york,Sunday,off-peak
1 days,manchester piccadilly,liverpool lime street,Monday,advance
0 days,manchester piccadilly,liverpool lime street,Sunday,off-peak
0 days,london st pancras,birmingham new street,Sunday,off-peak
0 days,oxford,bristol temple meads,Sunday,off-peak
0 days,london paddington,reading,Sunday,off-peak
0 days,manchester piccadilly,sheffield,Sunday,off-peak
1 days,london kings cross,york,Monday,advance
0 days,liverpool lime street,manchester piccadilly,Sunday,off-peak
0 days,london euston,manchester piccadilly,Sunday,off-peak
0 days,liverpool lime street,manchester piccadilly,Sunday,off-peak
0 days,london paddington,reading,Sunday,off-peak
1 days,london euston,birmingham new street,Monday,advance
0 days,manchester piccadilly,liverpool lime street,Sunday,off-peak
0 days,manchester piccadilly,liverpool lime street,Sunday,off-peak
0 days,liverpool lime street,manchester piccadilly,Sunday,off-peak
0 days,birmingham new street,liverpool lime street,Sunday,off-peak
0 days,birmingham new street,liverpool lime street,Sunday,off-peak
0 days,london euston,birmingham new street,Sunday,off-peak
0 days,manchester piccadilly,liverpool lime street,Sunday,off-peak
0 days,london paddington,reading,Sunday,off-peak
0 days,liverpool lime street,manchester piccadilly,Sunday,off-peak
0 days,liverpool lime street,manchester piccadilly,Sunday,off-peak
0 days,manchester piccadilly,liverpool lime street,Sunday,off-peak
0 days,london euston,birmingham new street,Sunday,off-peak
1 days,birmingham new street,stafford,Monday,advance
0 days,london euston,birmingham new street,Sunday,off-peak
0 days,london kings cross,york,Sunday,off-peak
0 days,london euston,manchester piccadilly,Sunday,off-peak
0 days,london euston,manchester piccadilly,Sunday,off-peak
0 days,birmingham new street,liverpool lime street,Sunday,off-peak
0 days,london euston,birmingham new street,Sunday,off-peak
1 days,london kings cross,york,Monday,advance
1 days,london paddington,reading,Monday,advance
1 days,liverpool lime street,manchester piccadilly,Monday,advance
1 days,manchester piccadilly,liverpool lime street,Monday,advance
0 days,oxford,bristol temple meads,Monday,off-peak
0 days,liverpool lime street,leeds,Monday,off-peak
2 days,london kings cross,edinburgh waverley,Wednesday,advance
0 days,london euston,manchester piccadilly,Monday,off-peak
0 days,york,durham,Monday,off-peak
0 days,york,durham,Monday,off-peak
0 days,london euston,birmingham new street,Monday,off-peak
0 days,london kings cross,york,Monday,off-peak
0 days,london kings cross,york,Monday,off-peak
0 days,york,durham,Monday,off-peak
0 days,london euston,birmingham new street,Monday,off-peak
1 days,london kings cross,york,Tuesday,advance
0 days,london euston,manchester piccadilly,Monday,anytime
0 days,reading,swindon,Monday,anytime
0 days,york,doncaster,Monday,anytime
0 days,london kings cross,york,Monday,anytime
0 days,london st pancras,birmingham new street,Monday,anytime
0 days,london euston,birmingham new street,Monday,anytime
0 days,london paddington,reading,Monday,anytime
0 days,london paddington,reading,Monday,anytime
0 days,london kings cross,york,Monday,off-peak
1 days,london st pancras,birmingham new street,Tuesday,advance
0 days,london kings cross,york,Monday,off-peak
1 days,london kings cross,york,Tuesday,advance
1 days,york,doncaster,Tuesday,advance
0 days,london kings cross,york,Monday,off-peak
0 days,liverpool lime street,manchester piccadilly,Monday,off-peak
1 days,london paddington,reading,Tuesday,advance
0 days,london euston,birmingham new street,Monday,off-peak
0 days,reading,london paddington,Monday,off-peak
0 days,london paddington,reading,Monday,off-peak
0 days,london kings cross,york,Monday,off-peak
0 days,reading,london paddington,Monday,off-peak
0 days,manchester piccadilly,liverpool lime street,Monday,anytime
1 days,london kings cross,york,Tuesday,advance
0 days,manchester piccadilly,liverpool lime street,Monday,anytime
0 days,london st pancras,birmingham new street,Monday,anytime
0 days,manchester piccadilly,liverpool lime street,Monday,anytime
1 days,edinburgh waverley,london kings cross,Tuesday,advance
1 days,london paddington,reading,Tuesday,advance
1 days,london euston,birmingham new street,Tuesday,advance
0 days,london st pancras,birmingham new street,Monday,anytime
1 days,london euston,birmingham new street,Tuesday,advance
0 days,london euston,birmingham new street,Monday,off-peak
1 days,london euston,birmingham new street,Tuesday,advance
1 days,london kings cross,york,Tuesday,advance
1 days,liverpool lime street,manchester piccadilly,Tuesday,advance
1 days,liverpool lime street,crewe,Tuesday,advance
1 days,london kings cross,york,Tuesday,advance
0 days,liverpool lime street,leeds,Monday,off-peak
0 days,london euston,manchester piccadilly,Monday,off-peak
1 days,london st pancras,birmingham new street,Tuesday,advance
1 days,liverpool lime street,manchester piccadilly,Tuesday,advance
1 days,liverpool lime street,manchester piccadilly,Tuesday,advance
0 days,oxford,bristol temple meads,Tuesday,off-peak
1 days,liverpool lime street,manchester piccadilly,Wednesday,advance
2 days,london kings cross,edinburgh waverley,Thursday,advance
0 days,liverpool lime street,manchester piccadilly,Tuesday,off-peak
0 days,london st pancras,birmingham new street,Tuesday,off-peak
0 days,london kings cross,york,Tuesday,off-peak
0 days,london euston,birmingham new street,Tuesday,off-peak
1 days,liverpool lime street,manchester piccadilly,Wednesday,advance
1 days,liverpool lime street,manchester piccadilly,Wednesday,advance
0 days,liverpool lime street,manchester piccadilly,Tuesday,off-peak
1 days,london kings cross,york,Wednesday,advance
0 days,manchester piccadilly,liverpool lime street,Tuesday,off-peak
0 days,liverpool lime street,manchester piccadilly,Tuesday,off-peak
0 days,london paddington,reading,Tuesday,off-peak
0 days,birmingham new street,london st pancras,Tuesday,off-peak
1 days,london paddington,reading,Wednesday,advance
1 days,london kings cross,york,Wednesday,advance
1 days,manchester piccadilly,london paddington,Wednesday,advance
1 days,london kings cross,york,Wednesday,advance
0 days,london paddington,liverpool lime street,Tuesday,off-peak
0 days,manchester piccadilly,liverpool lime street,Tuesday,off-peak
1 days,london st pancras,birmingham new street,Wednesday,advance
0 days,manchester piccadilly,liverpool lime street,Tuesday,off-peak
1 days,manchester piccadilly,nottingham,Wednesday,advance
0 days,london kings cross,york,Tuesday,off-peak
0 days,london kings cross,york,Tuesday,off-peak
1 days,liverpool lime street,manchester piccadilly,Wednesday,advance
1 days,london euston,birmingham new street,Wednesday,advance
0 days,london kings cross,york,Tuesday,off-peak
1 days,liverpool lime street,manchester piccadilly,Wednesday,advance
1 days,london kings cross,york,Wednesday,advance
0 days,london st pancras,birmingham new street,Tuesday,off-peak
1 days,liverpool lime street,manchester piccadilly,Wednesday,advance
0 days,london kings cross,york,Tuesday,anytime
0 days,london paddington,reading,Tuesday,anytime
0 days,london paddington,reading,Tuesday,anytime
0 days,london paddington,reading,Tuesday,anytime
0 days,london paddington,reading,Tuesday,anytime
0 days,london kings cross,york,Tuesday,anytime
0 days,birmingham new street,london st pancras,Tuesday,anytime
0 days,london euston,birmingham new street,Tuesday,anytime
1 days,london kings cross,york,Wednesday,advance
0 days,birmingham new street,london euston,Tuesday,anytime
0 days,london st pancras,birmingham new street,Tuesday,anytime
0 days,reading,london paddington,Tuesday,anytime
0 days,london euston,birmingham new street,Tuesday,anytime
0 days,liverpool lime street,manchester piccadilly,Tuesday,anytime
0 days,london kings cross,york,Tuesday,anytime
0 days,london kings cross,york,Tuesday,off-peak
1 days,manchester piccadilly,london paddington,Wednesday,advance
0 days,reading,swindon,Tuesday,anytime
1 days,london st pancras,birmingham new street,Wednesday,advance
1 days,london st pancras,birmingham new street,Wednesday,advance
0 days,london kings cross,york,Tuesday,anytime
1 days,london st pancras,birmingham new street,Wednesday,advance
0 days,london kings cross,york,Tuesday,anytime
0 days,london kings cross,york,Tuesday,anytime
0 days,liverpool lime street,london euston,Tuesday,anytime
1 days,manchester piccadilly,sheffield,Wednesday,advance
0 days,london kings cross,york,Tuesday,anytime
0 days,liverpool lime street,london euston,Tuesday,anytime
1 days,liverpool lime street,manchester piccadilly,Wednesday,advance
0 days,london st pancras,birmingham new street,Tuesday,anytime
1 days,manchester piccadilly,liverpool lime street,Wednesday,advance
1 days,london kings cross,york,Wednesday,advance
0 days,liverpool lime street,london euston,Tuesday,anytime
1 days,manchester piccadilly,liverpool lime street,Wednesday,advance
0 days,liverpool lime street,london euston,Tuesday,anytime
0 days,manchester piccadilly,leeds,Tuesday,anytime
1 days,london euston,birmingham new street,Wednesday,advance
0 days,london euston,birmingham new street,Tuesday,anytime
0 days,london paddington,oxford,Tuesday,anytime
0 days,london paddington,reading,Tuesday,anytime
0 days,manchester piccadilly,liverpool lime street,Tuesday,anytime
0 days,london paddington,oxford,Tuesday,anytime
0 days,london paddington,reading,Tuesday,anytime
0 days,london paddington,reading,Tuesday,anytime
0 days,london kings cross,york,Tuesday,anytime
0 days,london paddington,reading,Tuesday,anytime
1 days,oxford,bristol temple meads,Wednesday,advance
0 days,london kings cross,york,Tuesday,off-peak
1 days,liverpool lime street,manchester piccadilly,Wednesday,advance
1 days,london kings cross,york,Wednesday,advance
1 days,london kings cross,york,Wednesday,advance
0 days,manchester piccadilly,liverpool lime street,Tuesday,off-peak
1 days,york,doncaster,Wednesday,advance
1 days,london euston,birmingham new street,Wednesday,advance
1 days,birmingham new street,london st pancras,Wednesday,advance
1 days,london paddington,reading,Wednesday,advance
1 days,london paddington,oxford,Wednesday,advance
1 days,liverpool lime street,manchester piccadilly,Wednesday,advance
1 days,london paddington,reading,Wednesday,advance
1 days,london paddington,reading,Wednesday,advance
1 days,london kings cross,york,Wednesday,advance
1 days,london paddington,oxford,Wednesday,advance
1 days,london paddington,oxford,Wednesday,advance
1 days,london paddington,oxford,Wednesday,advance
1 days,london paddington,reading,Wednesday,advance
1 days,reading,swindon,Wednesday,advance
1 days,london kings cross,york,Wednesday,advance
1 days,london kings cross,york,Wednesday,advance
0 days,london euston,birmingham new street,Tuesday,off-peak
0 days,london kings cross,york,Tuesday,off-peak
0 days,manchester piccadilly,liverpool lime street,Tuesday,off-peak
1 days,london kings cross,york,Wednesday,advance
0 days,manchester piccadilly,liverpool lime street,Tuesday,off-peak
1 days,london st pancras,birmingham new street,Wednesday,advance
1 days,liverpool lime street,london euston,Wednesday,advance
1 days,liverpool lime street,london euston,Wednesday,advance
1 days,liverpool lime street,london euston,Wednesday,advance
1 days,liverpool lime street,london euston,Wednesday,advance
1 days,london paddington,reading,Wednesday,advance
1 days,london st pancras,birmingham new street,Wednesday,advance
0 days,manchester piccadilly,liverpool lime street,Tuesday,off-peak
1 days,liverpool lime street,london euston,Wednesday,advance
0 days,london st pancras,birmingham new street,Tuesday,off-peak
1 days,liverpool lime street,london euston,Wednesday,advance
1 days,liverpool lime street,london euston,Wednesday,advance
0 days,london kings cross,york,Tuesday,off-peak
1 days,reading,oxford,Wednesday,advance
1 days,liverpool lime street,london euston,Wednesday,advance
1 days,london euston,manchester piccadilly,Wednesday,advance
0 days,london st pancras,birmingham new street,Tuesday,off-peak
0 days,london st pancras,birmingham new street,Tuesday,off-peak
0 days,liverpool lime street,manchester piccadilly,Tuesday,off-peak
1 days,london euston,birmingham new street,Wednesday,advance
0 days,reading,london paddington,Tuesday,off-peak
0 days,manchester piccadilly,liverpool lime street,Tuesday,off-peak
1 days,london paddington,reading,Wednesday,advance
1 days,london st pancras,birmingham new street,Wednesday,advance
1 days,manchester piccadilly,leeds,Wednesday,advance
0 days,london st pancras,birmingham new street,Tuesday,off-peak
1 days,manchester piccadilly,liverpool lime street,Wednesday,advance
0 days,birmingham new street,manchester piccadilly,Tuesday,off-peak
1 days,manchester piccadilly,liverpool lime street,Wednesday,advance
1 days,london paddington,reading,Wednesday,advance
0 days,london paddington,reading,Tuesday,off-peak
0 days,manchester piccadilly,liverpool lime street,Tuesday,off-peak
0 days,liverpool lime street,manchester piccadilly,Tuesday,off-peak
1 days,london euston,birmingham new street,Wednesday,advance
1 days,manchester piccadilly,liverpool lime street,Wednesday,advance
0 days,liverpool lime street,manchester piccadilly,Tuesday,off-peak
1 days,manchester piccadilly,liverpool lime street,Wednesday,advance
1 days,liverpool lime street,manchester piccadilly,Wednesday,advance
0 days,london paddington,reading,Tuesday,off-peak
0 days,manchester piccadilly,liverpool lime street,Tuesday,off-peak
0 days,london paddington,reading,Tuesday,off-peak
0 days,london kings cross,york,Tuesday,off-peak
1 days,london euston,birmingham new street,Wednesday,advance
0 days,manchester piccadilly,liverpool lime street,Tuesday,off-peak
1 days,london kings cross,york,Wednesday,advance
1 days,london kings cross,york,Wednesday,advance
0 days,liverpool lime street,manchester piccadilly,Tuesday,off-peak
0 days,london paddington,reading,Tuesday,off-peak
1 days,london st pancras,birmingham new street,Wednesday,advance
1 days,london st pancras,birmingham new street,Wednesday,advance
0 days,london st pancras,birmingham new street,Tuesday,off-peak
1 days,liverpool lime street,manchester piccadilly,Wednesday,advance
1 days,london st pancras,birmingham new street,Wednesday,advance
0 days,london euston,birmingham new street,Tuesday,off-peak
1 days,london st pancras,birmingham new street,Wednesday,advance
0 days,london euston,birmingham new street,Tuesday,anytime
0 days,london euston,birmingham new street,Tuesday,anytime
1 days,york,edinburgh waverley,Wednesday,advance
0 days,london paddington,reading,Tuesday,anytime
1 days,london kings cross,york,Wednesday,advance
0 days,london euston,birmingham new street,Tuesday,anytime
0 days,london euston,birmingham new street,Tuesday,anytime
0 days,london euston,birmingham new street,Tuesday,anytime
0 days,london euston,birmingham new street,Tuesday,anytime
0 days,london kings cross,york,Tuesday,anytime
0 days,london paddington,reading,Tuesday,anytime
1 days,manchester piccadilly,liverpool lime street,Wednesday,advance
0 days,manchester piccadilly,liverpool lime street,Tuesday,anytime
0 days,london kings cross,york,Tuesday,anytime
1 days,manchester piccadilly,liverpool lime street,Wednesday,advance
0 days,manchester piccadilly,liverpool lime street,Tuesday,anytime
0 days,london st pancras,leicester,Tuesday,anytime
0 days,birmingham new street,manchester piccadilly,Tuesday,anytime
1 days,london st pancras,birmingham new street,Wednesday,advance
1 days,manchester piccadilly,liverpool lime street,Wednesday,advance
0 days,birmingham new street,manchester piccadilly,Tuesday,anytime
0 days,birmingham new street,manchester piccadilly,Tuesday,anytime
1 days,manchester piccadilly,liverpool lime street,Wednesday,advance
1 days,london euston,birmingham new street,Wednesday,advance
1 days,manchester piccadilly,liverpool lime street,Wednesday,advance
0 days,liverpool lime street,london euston,Tuesday,off-peak
1 days,london paddington,reading,Wednesday,advance
1 days,manchester piccadilly,liverpool lime street,Wednesday,advance
0 days,london kings cross,york,Tuesday,anytime
0 days,birmingham new street,stafford,Tuesday,anytime
0 days,liverpool lime street,london euston,Tuesday,anytime
1 days,london paddington,reading,Wednesday,advance
1 days,london paddington,reading,Wednesday,advance
0 days,reading,oxford,Tuesday,anytime
0 days,london kings cross,york,Tuesday,anytime
0 days,liverpool lime street,manchester piccadilly,Tuesday,anytime
0 days,manchester piccadilly,warrington,Tuesday,anytime
1 days,london st pancras,birmingham new street,Wednesday,advance
0 days,birmingham new street,tamworth,Tuesday,anytime
0 days,manchester piccadilly,liverpool lime street,Tuesday,anytime
0 days,london euston,birmingham new street,Tuesday,anytime
1 days,london st pancras,birmingham new street,Wednesday,advance
0 days,london euston,birmingham new street,Tuesday,anytime
0 days,london st pancras,birmingham new street,Tuesday,anytime
0 days,london paddington,reading,Tuesday,anytime
0 days,birmingham new street,york,Tuesday,anytime
1 days,london paddington,reading,Wednesday,advance
0 days,birmingham new street,york,Tuesday,anytime
0 days,liverpool lime street,manchester piccadilly,Tuesday,anytime
1 days,london euston,birmingham new street,Wednesday,advance
1 days,london st pancras,birmingham new street,Wednesday,advance
0 days,london st pancras,birmingham new street,Tuesday,anytime
0 days,london paddington,reading,Tuesday,anytime
0 days,london st pancras,birmingham new street,Tuesday,anytime
0 days,london st pancras,birmingham new street,Tuesday,anytime
1 days,manchester piccadilly,liverpool lime street,Wednesday,advance
1 days,london kings cross,york,Wednesday,advance
1 days,london st pancras,birmingham new street,Wednesday,advance
1 days,london euston,birmingham new street,Wednesday,advance
1 days,manchester piccadilly,liverpool lime street,Wednesday,advance
1 days,london euston,birmingham new street,Wednesday,advance
1 days,london euston,birmingham new street,Wednesday,advance
1 days,london kings cross,york,Wednesday,advance
0 days,liverpool lime street,leeds,Tuesday,off-peak
1 days,london euston,birmingham new street,Wednesday,advance
0 days,manchester piccadilly,liverpool lime street,Tuesday,off-peak
1 days,london paddington,reading,Wednesday,advance
0 days,london st pancras,leicester,Tuesday,anytime
1 days,liverpool lime street,sheffield,Wednesday,advance
0 days,manchester piccadilly,liverpool lime street,Tuesday,anytime
0 days,manchester piccadilly,liverpool lime street,Tuesday,anytime
0 days,london paddington,reading,Tuesday,off-peak
0 days,manchester piccadilly,liverpool lime street,Tuesday,off-peak
0 days,manchester piccadilly,liverpool lime street,Tuesday,off-peak
0 days,london paddington,reading,Tuesday,off-peak
1 days,london euston,birmingham new street,Wednesday,advance
1 days,london st pancras,leicester,Wednesday,advance
0 days,london euston,birmingham new street,Tuesday,off-peak
1 days,london euston,birmingham new street,Wednesday,advance
1 days,london st pancras,leicester,Wednesday,advance
1 days,manchester piccadilly,liverpool lime street,Wednesday,advance
1 days,manchester piccadilly,liverpool lime street,Wednesday,advance
1 days,london euston,manchester piccadilly,Wednesday,advance
1 days,manchester piccadilly,liverpool lime street,Wednesday,advance
1 days,london euston,birmingham new street,Wednesday,advance
1 days,london euston,birmingham new street,Wednesday,advance
1 days,birmingham new street,york,Wednesday,advance
1 days,birmingham new street,coventry,Wednesday,advance
1 days,manchester piccadilly,liverpool lime street,Wednesday,advance
1 days,london st pancras,birmingham new street,Wednesday,advance
1 days,london st pancras,birmingham new street,Wednesday,advance
1 days,birmingham new street,coventry,Wednesday,advance
1 days,london kings cross,york,Wednesday,advance
1 days,london kings cross,york,Wednesday,advance
1 days,london kings cross,york,Wednesday,advance
1 days,london st pancras,birmingham new street,Wednesday,advance
1 days,london st pancras,birmingham new street,Wednesday,advance
1 days,birmingham new street,nuneaton,Wednesday,advance
1 days,london kings cross,york,Wednesday,advance
1 days,london st pancras,birmingham new street,Wednesday,advance
0 days,london paddington,reading,Tuesday,off-peak
0 days,london kings cross,york,Tuesday,off-peak
1 days,london kings cross,york,Wednesday,advance
1 days,london paddington,reading,Wednesday,advance
1 days,london paddington,reading,Wednesday,advance
1 days,manchester piccadilly,liverpool lime street,Wednesday,advance
1 days,manchester piccadilly,liverpool lime street,Wednesday,advance
1 days,reading,oxford,Wednesday,advance
1 days,liverpool lime street,manchester piccadilly,Wednesday,advance
1 days,liverpool lime street,manchester piccadilly,Wednesday,advance
1 days,manchester piccadilly,liverpool lime street,Wednesday,advance
1 days,manchester piccadilly,london euston,Wednesday,advance
1 days,liverpool lime street,manchester piccadilly,Wednesday,advance
1 days,liverpool lime street,manchester piccadilly,Wednesday,advance
1 days,london paddington,reading,Wednesday,advance
1 days,london euston,birmingham new street,Wednesday,advance
1 days,liverpool lime street,manchester piccadilly,Wednesday,advance
1 days,london euston,birmingham new street,Wednesday,advance
1 days,liverpool lime street,manchester piccadilly,Wednesday,advance
1 days,london kings cross,york,Wednesday,advance
0 days,london paddington,reading,Wednesday,off-peak
0 days,liverpool lime street,leeds,Wednesday,off-peak
1 days,liverpool lime street,manchester piccadilly,Thursday,advance
0 days,york,durham,Wednesday,off-peak
0 days,manchester piccadilly,london paddington,Wednesday,off-peak
0 days,london kings cross,york,Wednesday,off-peak
0 days,manchester piccadilly,nottingham,Wednesday,off-peak
0 days,liverpool lime street,manchester piccadilly,Wednesday,off-peak
0 days,london euston,manchester piccadilly,Wednesday,off-peak
1 days,london st pancras,birmingham new street,Thursday,advance
0 days,manchester piccadilly,liverpool lime street,Wednesday,off-peak
1 days,york,durham,Thursday,advance
0 days,london paddington,reading,Wednesday,off-peak
0 days,york,durham,Wednesday,off-peak
0 days,london kings cross,york,Wednesday,off-peak
1 days,london st pancras,birmingham new street,Thursday,advance
1 days,manchester piccadilly,liverpool lime street,Thursday,advance
1 days,london st pancras,birmingham new street,Thursday,advance
0 days,liverpool lime street,manchester piccadilly,Wednesday,off-peak
0 days,liverpool lime street,manchester piccadilly,Wednesday,off-peak
0 days,manchester piccadilly,london euston,Wednesday,off-peak
0 days,manchester piccadilly,liverpool lime street,Wednesday,off-peak
0 days,london paddington,reading,Wednesday,off-peak
0 days,london euston,birmingham new street,Wednesday,off-peak
1 days,manchester piccadilly,liverpool lime street,Thursday,advance
0 days,london st pancras,birmingham new street,Wednesday,off-peak
1 days,liverpool lime street,leeds,Thursday,advance
1 days,london kings cross,york,Thursday,advance
1 days,manchester piccadilly,nottingham,Thursday,advance
0 days,liverpool lime street,london euston,Wednesday,off-peak
1 days,london euston,birmingham new street,Thursday,advance
1 days,london euston,birmingham new street,Thursday,advance
1 days,london euston,birmingham new street,Thursday,advance
1 days,manchester piccadilly,liverpool lime street,Thursday,advance
1 days,london euston,manchester piccadilly,Thursday,advance
1 days,liverpool lime street,manchester piccadilly,Thursday,advance
0 days,manchester piccadilly,liverpool lime street,Wednesday,anytime
0 days,london paddington,reading,Wednesday,anytime
0 days,manchester piccadilly,liverpool lime street,Wednesday,anytime
0 days,london kings cross,york,Wednesday,anytime
0 days,manchester piccadilly,liverpool lime street,Wednesday,anytime
0 days,birmingham new street,london st pancras,Wednesday,anytime
0 days,london euston,manchester piccadilly,Wednesday,anytime
0 days,birmingham new street,london st pancras,Wednesday,anytime
0 days,london euston,birmingham new street,Wednesday,anytime
0 days,birmingham new street,london st pancras,Wednesday,anytime
0 days,london euston,manchester piccadilly,Wednesday,anytime
0 days,london kings cross,york,Wednesday,anytime
0 days,london euston,manchester piccadilly,Wednesday,anytime
1 days,london euston,birmingham new street,Thursday,advance
0 days,york,wakefield,Wednesday,anytime
0 days,london kings cross,york,Wednesday,anytime
1 days,birmingham new street,london st pancras,Thursday,advance
0 days,london kings cross,york,Wednesday,anytime
0 days,london paddington,reading,Wednesday,anytime
0 days,reading,swindon,Wednesday,anytime
0 days,liverpool lime street,london euston,Wednesday,anytime
0 days,london euston,manchester piccadilly,Wednesday,anytime
1 days,london paddington,liverpool lime street,Thursday,advance
0 days,liverpool lime street,london euston,Wednesday,anytime
0 days,london euston,manchester piccadilly,Wednesday,anytime
0 days,london euston,manchester piccadilly,Wednesday,anytime
1 days,london euston,birmingham new street,Thursday,advance
1 days,manchester piccadilly,liverpool lime street,Thursday,advance
0 days,london kings cross,york,Wednesday,anytime
1 days,birmingham new street,london st pancras,Thursday,advance
0 days,london paddington,oxford,Wednesday,anytime
0 days,manchester piccadilly,liverpool lime street,Wednesday,anytime
0 days,london paddington,oxford,Wednesday,anytime
0 days,manchester piccadilly,liverpool lime street,Wednesday,anytime
0 days,london euston,birmingham new street,Wednesday,anytime
0 days,london paddington,reading,Wednesday,anytime
0 days,london paddington,reading,Wednesday,off-peak
0 days,london paddington,reading,Wednesday,off-peak
1 days,london paddington,reading,Thursday,advance
1 days,london paddington,reading,Thursday,advance
1 days,manchester piccadilly,liverpool lime street,Thursday,advance
1 days,manchester piccadilly,liverpool lime street,Thursday,advance
1 days,london kings cross,york,Thursday,advance
1 days,manchester piccadilly,liverpool lime street,Thursday,advance
1 days,birmingham new street,london st pancras,Thursday,advance
1 days,london st pancras,wolverhampton,Thursday,advance
1 days,manchester piccadilly,liverpool lime street,Thursday,advance
1 days,birmingham new street,london st pancras,Thursday,advance
1 days,london paddington,reading,Thursday,advance
1 days,london euston,manchester piccadilly,Thursday,advance
1 days,birmingham new street,london st pancras,Thursday,advance
1 days,birmingham new street,london st pancras,Thursday,advance
0 days,london paddington,reading,Wednesday,off-peak
1 days,london kings cross,york,Thursday,advance
1 days,liverpool lime street,manchester piccadilly,Thursday,advance
1 days,london kings cross,york,Thursday,advance
1 days,london paddington,reading,Thursday,advance
1 days,liverpool lime street,manchester piccadilly,Thursday,advance
1 days,liverpool lime street,manchester piccadilly,Thursday,advance
1 days,london paddington,oxford,Thursday,advance
1 days,london paddington,oxford,Thursday,advance
1 days,liverpool lime street,manchester piccadilly,Thursday,advance
1 days,london paddington,oxford,Thursday,advance
0 days,london paddington,reading,Wednesday,off-peak
1 days,london st pancras,birmingham new street,Thursday,advance
1 days,liverpool lime street,crewe,Thursday,advance
1 days,york,doncaster,Thursday,advance
1 days,liverpool lime street,manchester piccadilly,Thursday,advance
1 days,london kings cross,york,Thursday,advance
0 days,manchester piccadilly,sheffield,Wednesday,off-peak
1 days,london paddington,manchester piccadilly,Thursday,advance
0 days,london st pancras,birmingham new street,Wednesday,off-peak
0 days,manchester piccadilly,sheffield,Wednesday,off-peak
0 days,birmingham new street,liverpool lime street,Wednesday,off-peak
1 days,liverpool lime street,london euston,Thursday,advance
1 days,liverpool lime street,london euston,Thursday,advance
0 days,london st pancras,birmingham new street,Wednesday,off-peak
1 days,liverpool lime street,london euston,Thursday,advance
1 days,liverpool lime street,london euston,Thursday,advance
1 days,liverpool lime street,london euston,Thursday,advance
1 days,reading,oxford,Thursday,advance
1 days,liverpool lime street,london euston,Thursday,advance
1 days,liverpool lime street,london euston,Thursday,advance
0 days,london kings cross,york,Wednesday,off-peak
1 days,liverpool lime street,manchester piccadilly,Thursday,advance
1 days,london paddington,reading,Thursday,advance
1 days,london paddington,reading,Thursday,advance
1 days,liverpool lime street,manchester piccadilly,Thursday,advance
0 days,london st pancras,birmingham new street,Wednesday,off-peak
1 days,london kings cross,york,Thursday,advance
1 days,london paddington,reading,Thursday,advance
1 days,london euston,birmingham new street,Thursday,advance
1 days,london paddington,reading,Thursday,advance
0 days,liverpool lime street,manchester piccadilly,Wednesday,off-peak
0 days,liverpool lime street,manchester piccadilly,Wednesday,off-peak
0 days,london kings cross,york,Wednesday,off-peak
0 days,london st pancras,birmingham new street,Wednesday,off-peak
0 days,manchester piccadilly,liverpool lime street,Wednesday,off-peak
1 days,manchester piccadilly,liverpool lime street,Thursday,advance
0 days,london euston,birmingham new street,Wednesday,off-peak
1 days,london euston,birmingham new street,Thursday,advance
0 days,london kings cross,york,Wednesday,off-peak
0 days,london kings cross,york,Wednesday,off-peak
0 days,london euston,birmingham new street,Wednesday,off-peak
0 days,manchester piccadilly,liverpool lime street,Wednesday,off-peak
1 days,birmingham new street,manchester piccadilly,Thursday,advance
0 days,manchester piccadilly,liverpool lime street,Wednesday,off-peak
1 days,manchester piccadilly,liverpool lime street,Thursday,advance
0 days,liverpool lime street,manchester piccadilly,Wednesday,off-peak
1 days,london st pancras,birmingham new street,Thursday,advance
1 days,london st pancras,birmingham new street,Thursday,advance
1 days,london euston,birmingham new street,Thursday,advance
0 days,liverpool lime street,manchester piccadilly,Wednesday,off-peak
0 days,manchester piccadilly,liverpool lime street,Wednesday,off-peak
1 days,london st pancras,birmingham new street,Thursday,advance
1 days,manchester piccadilly,liverpool lime street,Thursday,advance
1 days,york,edinburgh,Thursday,advance
0 days,london st pancras,birmingham new street,Wednesday,off-peak
1 days,london paddington,reading,Thursday,advance
0 days,london euston,birmingham new street,Wednesday,off-peak
0 days,london euston,birmingham new street,Wednesday,anytime
0 days,manchester piccadilly,liverpool lime street,Wednesday,anytime
0 days,london euston,birmingham new street,Wednesday,anytime
1 days,manchester piccadilly,liverpool lime street,Thursday,advance
0 days,london kings cross,york,Wednesday,anytime
0 days,london kings cross,york,Wednesday,anytime
1 days,manchester piccadilly,liverpool lime street,Thursday,advance
0 days,manchester piccadilly,liverpool lime street,Wednesday,anytime
1 days,manchester piccadilly,liverpool lime street,Thursday,advance
1 days,manchester piccadilly,liverpool lime street,Thursday,advance
0 days,birmingham new street,stafford,Wednesday,anytime
0 days,london kings cross,york,Wednesday,anytime
0 days,london euston,birmingham new street,Wednesday,anytime
0 days,birmingham new street,london euston,Wednesday,anytime
0 days,london kings cross,york,Wednesday,anytime
0 days,london kings cross,york,Wednesday,anytime
0 days,london kings cross,york,Wednesday,anytime
0 days,london kings cross,york,Wednesday,anytime
0 days,manchester piccadilly,liverpool lime street,Wednesday,anytime
1 days,edinburgh waverley,london kings cross,Thursday,advance
0 days,london euston,birmingham new street,Wednesday,anytime
0 days,liverpool lime street,manchester piccadilly,Wednesday,anytime
0 days,manchester piccadilly,liverpool lime street,Wednesday,anytime
1 days,london kings cross,york,Thursday,advance
1 days,manchester piccadilly,liverpool lime street,Thursday,advance
1 days,london st pancras,birmingham new street,Thursday,advance
1 days,london st pancras,birmingham new street,Thursday,advance
1 days,london euston,birmingham new street,Thursday,advance
0 days,liverpool lime street,manchester piccadilly,Wednesday,anytime
1 days,london kings cross,york,Thursday,advance
0 days,liverpool lime street,manchester piccadilly,Wednesday,anytime
0 days,birmingham new street,coventry,Wednesday,anytime
0 days,london st pancras,birmingham new street,Wednesday,anytime
0 days,london euston,manchester piccadilly,Wednesday,anytime
0 days,manchester piccadilly,liverpool lime street,Wednesday,anytime
0 days,birmingham new street,wolverhampton,Wednesday,anytime
1 days,london euston,birmingham new street,Thursday,advance
0 days,london st pancras,birmingham new street,Wednesday,anytime
1 days,manchester piccadilly,liverpool lime street,Thursday,advance
0 days,birmingham new street,tamworth,Wednesday,anytime
0 days,london st pancras,birmingham new street,Wednesday,anytime
0 days,birmingham new street,nuneaton,Wednesday,anytime
0 days,london st pancras,birmingham new street,Wednesday,off-peak
1 days,london euston,birmingham new street,Thursday,advance
1 days,london euston,birmingham new street,Thursday,advance
1 days,london euston,birmingham new street,Thursday,advance
1 days,london kings cross,york,Thursday,advance
1 days,manchester piccadilly,liverpool lime street,Thursday,advance
0 days,liverpool lime street,manchester piccadilly,Wednesday,off-peak
1 days,manchester piccadilly,liverpool lime street,Thursday,advance
1 days,london euston,birmingham new street,Thursday,advance
1 days,london euston,birmingham new street,Thursday,advance
0 days,london st pancras,leicester,Wednesday,anytime
0 days,manchester piccadilly,liverpool lime street,Wednesday,anytime
1 days,london euston,birmingham new street,Thursday,advance
1 days,london euston,birmingham new street,Thursday,advance
0 days,london st pancras,birmingham new street,Wednesday,off-peak
1 days,london euston,birmingham new street,Thursday,advance
1 days,london kings cross,york,Thursday,advance
0 days,london paddington,reading,Wednesday,off-peak
1 days,reading,london paddington,Thursday,advance
1 days,london st pancras,birmingham new street,Thursday,advance
1 days,liverpool lime street,manchester piccadilly,Thursday,advance
1 days,manchester piccadilly,liverpool lime street,Thursday,advance
1 days,london st pancras,birmingham new street,Thursday,advance
1 days,london st pancras,leicester,Thursday,advance
1 days,london paddington,reading,Thursday,advance
1 days,london kings cross,york,Thursday,advance
1 days,manchester piccadilly,liverpool lime street,Thursday,advance
1 days,manchester piccadilly,liverpool lime street,Thursday,advance
1 days,london st pancras,birmingham new street,Thursday,advance
1 days,london st pancras,leicester,Thursday,advance
0 days,london euston,birmingham new street,Wednesday,off-peak
1 days,manchester piccadilly,liverpool lime street,Thursday,advance
1 days,london euston,birmingham new street,Thursday,advance
1 days,manchester piccadilly,liverpool lime street,Thursday,advance
1 days,london st pancras,birmingham new street,Thursday,advance
1 days,liverpool lime street,manchester piccadilly,Thursday,advance
1 days,london paddington,reading,Thursday,advance
1 days,london euston,birmingham new street,Thursday,advance
1 days,liverpool lime street,manchester piccadilly,Thursday,advance
1 days,reading,didcot,Thursday,advance
1 days,birmingham new street,coventry,Thursday,advance
1 days,manchester piccadilly,liverpool lime street,Thursday,advance
1 days,birmingham new street,tamworth,Thursday,advance
1 days,birmingham new street,wolverhampton,Thursday,advance
1 days,london st pancras,birmingham new street,Thursday,advance
1 days,manchester piccadilly,liverpool lime street,Thursday,advance
1 days,london euston,manchester piccadilly,Thursday,advance
1 days,london st pancras,birmingham new street,Thursday,advance
1 days,birmingham new street,nuneaton,Thursday,advance
1 days,london kings cross,york,Thursday,advance
1 days,london paddington,reading,Thursday,advance
0 days,london paddington,reading,Wednesday,off-peak
1 days,london euston,manchester piccadilly,Thursday,advance
0 days,liverpool lime street,manchester piccadilly,Wednesday,off-peak
0 days,london st pancras,birmingham new street,Wednesday,off-peak
1 days,london st pancras,birmingham new street,Thursday,advance
1 days,manchester piccadilly,liverpool lime street,Thursday,advance
1 days,london st pancras,birmingham new street,Thursday,advance
1 days,london paddington,reading,Thursday,advance
1 days,london st pancras,birmingham new street,Thursday,advance
1 days,liverpool lime street,manchester piccadilly,Thursday,advance
1 days,london st pancras,birmingham new street,Thursday,advance
1 days,liverpool lime street,manchester piccadilly,Thursday,advance
1 days,manchester piccadilly,liverpool lime street,Thursday,advance
1 days,london kings cross,york,Thursday,advance
1 days,london euston,manchester piccadilly,Thursday,advance
1 days,london euston,birmingham new street,Thursday,advance
1 days,london euston,manchester piccadilly,Thursday,advance
1 days,london euston,birmingham new street,Thursday,advance
1 days,london euston,birmingham new street,Thursday,advance
0 days,liverpool lime street,manchester piccadilly,Thursday,off-peak
0 days,liverpool lime street,leeds,Thursday,off-peak
0 days,london paddington,reading,Thursday,off-peak
0 days,london euston,birmingham new street,Thursday,off-peak
1 days,york,durham,Friday,advance
0 days,york,durham,Thursday,off-peak
1 days,london st pancras,birmingham new street,Friday,advance
1 days,york,durham,Friday,advance
0 days,birmingham new street,reading,Thursday,off-peak
0 days,manchester piccadilly,london euston,Thursday,off-peak
1 days,liverpool lime street,manchester piccadilly,Friday,advance
0 days,london st pancras,birmingham new street,Thursday,off-peak
0 days,london paddington,reading,Thursday,off-peak
1 days,york,durham,Friday,advance
1 days,london st pancras,birmingham new street,Friday,advance
1 days,london paddington,reading,Friday,advance
1 days,liverpool lime street,manchester piccadilly,Friday,advance
1 days,liverpool lime street,manchester piccadilly,Friday,advance
0 days,london st pancras,birmingham new street,Thursday,off-peak
1 days,london kings cross,york,Friday,advance
0 days,liverpool lime street,manchester piccadilly,Thursday,anytime
0 days,london paddington,reading,Thursday,anytime
0 days,manchester piccadilly,liverpool lime street,Thursday,anytime
0 days,birmingham new street,london st pancras,Thursday,anytime
0 days,york,doncaster,Thursday,anytime
0 days,birmingham new street,london st pancras,Thursday,anytime
0 days,london st pancras,birmingham new street,Thursday,anytime
0 days,london euston,birmingham new street,Thursday,anytime
0 days,liverpool lime street,manchester piccadilly,Thursday,anytime
0 days,liverpool lime street,manchester piccadilly,Thursday,anytime
0 days,london st pancras,birmingham new street,Thursday,anytime
0 days,manchester piccadilly,liverpool lime street,Thursday,anytime
0 days,london kings cross,york,Thursday,anytime
0 days,london kings cross,york,Thursday,anytime
1 days,london st pancras,birmingham new street,Friday,advance
0 days,london euston,birmingham new street,Thursday,anytime
0 days,liverpool lime street,london euston,Thursday,anytime
0 days,london euston,manchester piccadilly,Thursday,anytime
0 days,london paddington,reading,Thursday,anytime
0 days,reading,oxford,Thursday,anytime
0 days,oxford,bristol temple meads,Thursday,anytime
0 days,liverpool lime street,london euston,Thursday,anytime
0 days,london kings cross,york,Thursday,anytime
0 days,london euston,birmingham new street,Thursday,anytime
1 days,london kings cross,york,Friday,advance
0 days,london st pancras,birmingham new street,Thursday,anytime
0 days,london paddington,oxford,Thursday,anytime
1 days,london st pancras,birmingham new street,Friday,advance
0 days,london paddington,oxford,Thursday,anytime
0 days,london paddington,reading,Thursday,anytime
1 days,london kings cross,york,Friday,advance
0 days,london paddington,oxford,Thursday,anytime
0 days,london paddington,oxford,Thursday,anytime
0 days,liverpool lime street,manchester piccadilly,Thursday,anytime
0 days,london paddington,oxford,Thursday,anytime
0 days,london paddington,reading,Thursday,off-peak
1 days,london kings cross,york,Friday,advance
1 days,manchester piccadilly,liverpool lime street,Friday,advance
1 days,manchester piccadilly,liverpool lime street,Friday,advance
1 days,reading,didcot,Friday,advance
1 days,london kings cross,york,Friday,advance
0 days,london kings cross,edinburgh waverley,Thursday,anytime
1 days,manchester piccadilly,liverpool lime street,Friday,advance
0 days,london kings cross,edinburgh waverley,Thursday,anytime
1 days,manchester piccadilly,liverpool lime street,Friday,advance
0 days,manchester piccadilly,liverpool lime street,Thursday,off-peak
1 days,manchester piccadilly,liverpool lime street,Friday,advance
1 days,london paddington,reading,Friday,advance
0 days,manchester piccadilly,liverpool lime street,Thursday,off-peak
1 days,birmingham new street,london st pancras,Friday,advance
1 days,birmingham new street,london st pancras,Friday,advance
1 days,london euston,manchester piccadilly,Friday,advance
1 days,york,doncaster,Friday,advance
1 days,birmingham new street,london st pancras,Friday,advance
1 days,london paddington,reading,Friday,advance
1 days,london paddington,oxford,Friday,advance
1 days,london paddington,oxford,Friday,advance
0 days,london euston,birmingham new street,Thursday,off-peak
1 days,london paddington,reading,Friday,advance
1 days,oxford,bristol temple meads,Friday,advance
0 days,liverpool lime street,london st pancras,Thursday,off-peak
1 days,london paddington,reading,Friday,advance
1 days,liverpool lime street,manchester piccadilly,Friday,advance
1 days,york,peterborough,Friday,advance
0 days,liverpool lime street,manchester piccadilly,Thursday,off-peak
1 days,london kings cross,york,Friday,advance
1 days,birmingham new street,london st pancras,Friday,advance
0 days,liverpool lime street,manchester piccadilly,Thursday,off-peak
1 days,london kings cross,york,Friday,advance
1 days,liverpool lime street,london euston,Friday,advance
1 days,london paddington,reading,Friday,advance
1 days,london euston,manchester piccadilly,Friday,advance
1 days,london kings cross,york,Friday,advance
1 days,london st pancras,birmingham new street,Friday,advance
1 days,liverpool lime street,london euston,Friday,advance
1 days,liverpool lime street,london euston,Friday,advance
1 days,london kings cross,york,Friday,advance
1 days,york,liverpool lime street,Friday,advance
0 days,london euston,birmingham new street,Thursday,off-peak
0 days,london st pancras,birmingham new street,Thursday,off-peak
1 days,manchester piccadilly,liverpool lime street,Friday,advance
1 days,manchester piccadilly,liverpool lime street,Friday,advance
1 days,london paddington,reading,Friday,advance
0 days,london paddington,reading,Thursday,off-peak
1 days,london paddington,reading,Friday,advance
1 days,london paddington,reading,Friday,advance
1 days,london st pancras,birmingham new street,Friday,advance
1 days,london euston,birmingham new street,Friday,advance
1 days,liverpool lime street,manchester piccadilly,Friday,advance
1 days,manchester piccadilly,liverpool lime street,Friday,advance
1 days,manchester piccadilly,liverpool lime street,Friday,advance
1 days,manchester piccadilly,liverpool lime street,Friday,advance
0 days,manchester piccadilly,liverpool lime street,Thursday,off-peak
1 days,manchester piccadilly,liverpool lime street,Friday,advance
1 days,liverpool lime street,manchester piccadilly,Friday,advance
0 days,london paddington,reading,Thursday,off-peak
0 days,liverpool lime street,sheffield,Thursday,off-peak
1 days,london euston,birmingham new street,Friday,advance
0 days,manchester piccadilly,liverpool lime street,Thursday,off-peak
0 days,birmingham new street,reading,Thursday,off-peak
0 days,london euston,birmingham new street,Thursday,off-peak
1 days,london st pancras,birmingham new street,Friday,advance
1 days,london paddington,reading,Friday,advance
1 days,liverpool lime street,manchester piccadilly,Friday,advance
0 days,london euston,birmingham new street,Thursday,off-peak
0 days,manchester piccadilly,liverpool lime street,Thursday,off-peak
0 days,york,edinburgh,Thursday,off-peak
0 days,london euston,birmingham new street,Thursday,off-peak
0 days,london kings cross,york,Thursday,anytime
0 days,london euston,birmingham new street,Thursday,anytime
1 days,liverpool lime street,manchester piccadilly,Friday,advance
1 days,york,edinburgh waverley,Friday,advance
0 days,manchester piccadilly,liverpool lime street,Thursday,anytime
0 days,manchester piccadilly,liverpool lime street,Thursday,anytime
1 days,manchester piccadilly,london euston,Friday,advance
1 days,london paddington,reading,Friday,advance
1 days,liverpool lime street,manchester piccadilly,Friday,advance
1 days,london paddington,reading,Friday,advance
0 days,london kings cross,york,Thursday,anytime
1 days,london paddington,reading,Friday,advance
0 days,london kings cross,york,Thursday,anytime
0 days,birmingham new street,stafford,Thursday,anytime
0 days,london kings cross,york,Thursday,anytime
0 days,reading,swindon,Thursday,anytime
1 days,london paddington,reading,Friday,advance
0 days,liverpool lime street,manchester piccadilly,Thursday,anytime
0 days,manchester piccadilly,liverpool lime street,Thursday,anytime
0 days,liverpool lime street,manchester piccadilly,Thursday,anytime
0 days,london kings cross,york,Thursday,anytime
1 days,manchester piccadilly,london euston,Friday,advance
1 days,london kings cross,york,Friday,advance
0 days,manchester piccadilly,liverpool lime street,Thursday,anytime
1 days,manchester piccadilly,liverpool lime street,Friday,advance
0 days,london st pancras,birmingham new street,Thursday,anytime
0 days,london paddington,reading,Thursday,anytime
0 days,london st pancras,birmingham new street,Thursday,anytime
1 days,london paddington,reading,Friday,advance
0 days,london euston,manchester piccadilly,Thursday,anytime
0 days,london st pancras,birmingham new street,Thursday,anytime
0 days,birmingham new street,nuneaton,Thursday,anytime
1 days,birmingham new street,liverpool lime street,Friday,advance
0 days,london st pancras,wolverhampton,Thursday,anytime
0 days,birmingham new street,nuneaton,Thursday,anytime
0 days,birmingham new street,nuneaton,Thursday,anytime
1 days,london paddington,reading,Friday,advance
1 days,london paddington,reading,Friday,advance
1 days,london euston,birmingham new street,Friday,advance
1 days,london euston,birmingham new street,Friday,advance
1 days,london euston,birmingham new street,Friday,advance
1 days,london kings cross,york,Friday,advance
1 days,liverpool lime street,london euston,Friday,advance
1 days,liverpool lime street,london euston,Friday,advance
0 days,manchester piccadilly,liverpool lime street,Thursday,anytime
0 days,london st pancras,leicester,Thursday,anytime
0 days,manchester piccadilly,liverpool lime street,Thursday,anytime
0 days,london paddington,reading,Thursday,off-peak
1 days,london euston,birmingham new street,Friday,advance
0 days,london paddington,reading,Thursday,off-peak
0 days,london paddington,reading,Thursday,off-peak
0 days,london euston,manchester piccadilly,Thursday,off-peak
0 days,london paddington,reading,Thursday,off-peak
1 days,london st pancras,birmingham new street,Friday,advance
1 days,liverpool lime street,manchester piccadilly,Friday,advance
1 days,london st pancras,birmingham new street,Friday,advance
1 days,london euston,birmingham new street,Friday,advance
0 days,london euston,birmingham new street,Thursday,off-peak
1 days,london st pancras,birmingham new street,Friday,advance
1 days,manchester piccadilly,liverpool lime street,Friday,advance
1 days,london euston,birmingham new street,Friday,advance
1 days,birmingham new street,york,Friday,advance
0 days,liverpool lime street,manchester piccadilly,Thursday,off-peak
1 days,london paddington,reading,Friday,advance
1 days,liverpool lime street,crewe,Friday,advance
1 days,london paddington,reading,Friday,advance
1 days,manchester piccadilly,liverpool lime street,Friday,advance
1 days,birmingham new street,coventry,Friday,advance
1 days,birmingham new street,nuneaton,Friday,advance
1 days,birmingham new street,nuneaton,Friday,advance
1 days,london st pancras,birmingham new street,Friday,advance
1 days,manchester piccadilly,liverpool lime street,Friday,advance
1 days,london euston,birmingham new street,Friday,advance
0 days,london paddington,reading,Thursday,off-peak
0 days,london kings cross,york,Thursday,off-peak
0 days,london kings cross,york,Thursday,off-peak
1 days,manchester piccadilly,liverpool lime street,Friday,advance
1 days,manchester piccadilly,sheffield,Friday,advance
1 days,liverpool lime street,manchester piccadilly,Friday,advance
1 days,london paddington,reading,Friday,advance
1 days,manchester piccadilly,liverpool lime street,Friday,advance
1 days,manchester piccadilly,liverpool lime street,Friday,advance
1 days,london euston,birmingham new street,Friday,advance
1 days,birmingham new street,london st pancras,Friday,advance
1 days,liverpool lime street,manchester piccadilly,Friday,advance
1 days,liverpool lime street,manchester piccadilly,Friday,advance
0 days,liverpool lime street,manchester piccadilly,Friday,off-peak
0 days,london euston,birmingham new street,Friday,off-peak
1 days,manchester piccadilly,leeds,Saturday,advance
0 days,york,durham,Friday,off-peak
0 days,liverpool lime street,manchester piccadilly,Friday,off-peak
0 days,london paddington,reading,Friday,off-peak
0 days,manchester piccadilly,nottingham,Friday,off-peak
0 days,manchester piccadilly,nottingham,Friday,off-peak
0 days,london paddington,reading,Friday,off-peak
0 days,london euston,birmingham new street,Friday,off-peak
1 days,london st pancras,birmingham new street,Saturday,advance
0 days,london paddington,reading,Friday,off-peak
1 days,birmingham new street,london euston,Saturday,advance
0 days,london paddington,reading,Friday,off-peak
0 days,manchester piccadilly,london paddington,Friday,off-peak
1 days,manchester piccadilly,liverpool lime street,Saturday,advance
1 days,london st pancras,birmingham new street,Saturday,advance
1 days,manchester piccadilly,liverpool lime street,Saturday,advance
1 days,liverpool lime street,manchester piccadilly,Saturday,advance
1 days,manchester piccadilly,liverpool lime street,Saturday,advance
1 days,london paddington,reading,Saturday,advance
1 days,liverpool lime street,manchester piccadilly,Saturday,advance
1 days,liverpool lime street,manchester piccadilly,Saturday,advance
0 days,london kings cross,york,Friday,off-peak
1 days,london kings cross,york,Saturday,advance
0 days,manchester piccadilly,liverpool lime street,Friday,off-peak
1 days,liverpool lime street,manchester piccadilly,Saturday,advance
0 days,liverpool lime street,manchester piccadilly,Friday,off-peak
0 days,manchester piccadilly,liverpool lime street,Friday,off-peak
0 days,liverpool lime street,manchester piccadilly,Friday,off-peak
0 days,liverpool lime street,manchester piccadilly,Friday,off-peak
0 days,london euston,birmingham new street,Friday,off-peak
0 days,london st pancras,birmingham new street,Friday,off-peak
0 days,london kings cross,york,Friday,off-peak
1 days,london st pancras,birmingham new street,Saturday,advance
1 days,manchester piccadilly,london paddington,Saturday,advance
1 days,london euston,birmingham new street,Saturday,advance
1 days,london euston,birmingham new street,Saturday,advance
0 days,manchester piccadilly,liverpool lime street,Friday,off-peak
0 days,liverpool lime street,london euston,Friday,off-peak
0 days,london paddington,reading,Friday,anytime
0 days,london kings cross,york,Friday,anytime
0 days,london paddington,reading,Friday,anytime
0 days,manchester piccadilly,liverpool lime street,Friday,anytime
0 days,manchester piccadilly,liverpool lime street,Friday,anytime
0 days,london paddington,reading,Friday,anytime
0 days,london paddington,reading,Friday,anytime
0 days,london kings cross,york,Friday,anytime
0 days,manchester piccadilly,liverpool lime street,Friday,anytime
1 days,london paddington,reading,Saturday,advance
0 days,london euston,birmingham new street,Friday,anytime
0 days,london euston,manchester piccadilly,Friday,anytime
0 days,london kings cross,york,Friday,anytime
0 days,birmingham new street,london st pancras,Friday,anytime
0 days,london kings cross,york,Friday,anytime
0 days,london st pancras,birmingham new street,Friday,anytime
1 days,london kings cross,york,Saturday,advance
1 days,manchester piccadilly,liverpool lime street,Saturday,advance
1 days,liverpool lime street,manchester piccadilly,Saturday,advance
1 days,liverpool lime street,manchester piccadilly,Saturday,advance
0 days,york,doncaster,Friday,anytime
0 days,london kings cross,york,Friday,anytime
0 days,london kings cross,york,Friday,anytime
0 days,york,peterborough,Friday,anytime
0 days,liverpool lime street,crewe,Friday,anytime
0 days,london euston,birmingham new street,Friday,anytime
0 days,liverpool lime street,london euston,Friday,anytime
0 days,london euston,manchester piccadilly,Friday,anytime
0 days,liverpool lime street,london euston,Friday,anytime
0 days,liverpool lime street,london euston,Friday,anytime
1 days,london kings cross,york,Saturday,advance
0 days,liverpool lime street,london euston,Friday,anytime
0 days,liverpool lime street,london euston,Friday,anytime
0 days,liverpool lime street,london euston,Friday,anytime
0 days,manchester piccadilly,leeds,Friday,anytime
1 days,london euston,birmingham new street,Saturday,advance
0 days,york,liverpool lime street,Friday,anytime
0 days,london euston,birmingham new street,Friday,anytime
1 days,london kings cross,york,Saturday,advance
0 days,london kings cross,york,Friday,anytime
0 days,london paddington,oxford,Friday,anytime
0 days,london paddington,reading,Friday,anytime
0 days,london paddington,oxford,Friday,anytime
0 days,london paddington,oxford,Friday,anytime
1 days,london kings cross,liverpool lime street,Saturday,advance
0 days,london paddington,reading,Friday,anytime
0 days,london paddington,oxford,Friday,anytime
0 days,london paddington,reading,Friday,off-peak
1 days,london kings cross,york,Saturday,advance
1 days,manchester piccadilly,liverpool lime street,Saturday,advance
1 days,liverpool lime street,manchester piccadilly,Saturday,advance
1 days,birmingham new street,nuneaton,Saturday,advance
1 days,london paddington,reading,Saturday,advance
1 days,birmingham new street,london st pancras,Saturday,advance
1 days,birmingham new street,stafford,Saturday,advance
1 days,birmingham new street,london st pancras,Saturday,advance
0 days,london kings cross,york,Friday,off-peak
1 days,london st pancras,birmingham new street,Saturday,advance
1 days,birmingham new street,london st pancras,Saturday,advance
1 days,london euston,manchester piccadilly,Saturday,advance
1 days,london paddington,oxford,Saturday,advance
1 days,london paddington,reading,Saturday,advance
1 days,london paddington,reading,Saturday,advance
1 days,london paddington,oxford,Saturday,advance
1 days,london paddington,reading,Saturday,advance
1 days,manchester piccadilly,liverpool lime street,Saturday,advance
1 days,london paddington,oxford,Saturday,advance
1 days,london euston,birmingham new street,Saturday,advance
1 days,reading,swindon,Saturday,advance
1 days,london kings cross,york,Saturday,advance
1 days,london kings cross,york,Saturday,advance
1 days,london kings cross,york,Saturday,advance
1 days,london kings cross,york,Saturday,advance
1 days,london kings cross,york,Saturday,advance
1 days,bristol temple meads,cardiff central,Saturday,advance
1 days,york,peterborough,Saturday,advance
1 days,birmingham new street,london st pancras,Saturday,advance
0 days,london euston,birmingham new street,Friday,off-peak
0 days,london euston,birmingham new street,Friday,off-peak
0 days,london st pancras,birmingham new street,Friday,off-peak
1 days,birmingham new street,liverpool lime street,Saturday,advance
1 days,london euston,manchester piccadilly,Saturday,advance
1 days,liverpool lime street,london euston,Saturday,advance
0 days,london euston,birmingham new street,Friday,off-peak
1 days,liverpool lime street,london euston,Saturday,advance
0 days,manchester piccadilly,sheffield,Friday,off-peak
1 days,reading,oxford,Saturday,advance
1 days,manchester piccadilly,liverpool lime street,Saturday,advance
1 days,london euston,birmingham new street,Saturday,advance
0 days,london kings cross,york,Friday,off-peak
0 days,reading,london paddington,Friday,off-peak
0 days,london st pancras,birmingham new street,Friday,off-peak
0 days,london euston,birmingham new street,Friday,off-peak
1 days,london st pancras,birmingham new street,Saturday,advance
0 days,manchester piccadilly,liverpool lime street,Friday,off-peak
0 days,manchester piccadilly,liverpool lime street,Friday,off-peak
0 days,birmingham new street,manchester piccadilly,Friday,off-peak
1 days,london st pancras,birmingham new street,Saturday,advance
0 days,liverpool lime street,manchester piccadilly,Friday,off-peak
0 days,liverpool lime street,manchester piccadilly,Friday,off-peak
0 days,manchester piccadilly,liverpool lime street,Friday,off-peak
1 days,london kings cross,york,Saturday,advance
0 days,london euston,birmingham new street,Friday,off-peak
1 days,manchester piccadilly,liverpool lime street,Saturday,advance
1 days,london euston,birmingham new street,Saturday,advance
0 days,manchester piccadilly,liverpool lime street,Friday,off-peak
0 days,liverpool lime street,sheffield,Friday,off-peak
1 days,london st pancras,birmingham new street,Saturday,advance
0 days,oxford,bristol temple meads,Friday,off-peak
0 days,london st pancras,birmingham new street,Friday,off-peak
1 days,london kings cross,york,Saturday,advance
1 days,liverpool lime street,manchester piccadilly,Saturday,advance
1 days,london st pancras,birmingham new street,Saturday,advance
1 days,london kings cross,york,Saturday,advance
0 days,london st pancras,birmingham new street,Friday,off-peak
1 days,london paddington,reading,Saturday,advance
1 days,london paddington,reading,Saturday,advance
0 days,london euston,birmingham new street,Friday,off-peak
0 days,london euston,birmingham new street,Friday,off-peak
1 days,london paddington,reading,Saturday,advance
1 days,london paddington,reading,Saturday,advance
0 days,manchester piccadilly,liverpool lime street,Friday,anytime
0 days,london kings cross,york,Friday,anytime
0 days,london euston,birmingham new street,Friday,anytime
0 days,london euston,birmingham new street,Friday,anytime
0 days,london euston,birmingham new street,Friday,anytime
0 days,london euston,birmingham new street,Friday,anytime
0 days,london euston,birmingham new street,Friday,anytime
0 days,london paddington,reading,Friday,anytime
0 days,london kings cross,york,Friday,anytime
0 days,london kings cross,york,Friday,anytime
0 days,london paddington,reading,Friday,anytime
0 days,london euston,manchester piccadilly,Friday,anytime
1 days,london paddington,reading,Saturday,advance
1 days,london paddington,reading,Saturday,advance
0 days,london st pancras,birmingham new street,Friday,anytime
1 days,london euston,birmingham new street,Saturday,advance
1 days,london euston,birmingham new street,Saturday,advance
0 days,liverpool lime street,london euston,Friday,anytime
0 days,liverpool lime street,manchester piccadilly,Friday,anytime
0 days,london euston,birmingham new street,Friday,anytime
0 days,manchester piccadilly,liverpool lime street,Friday,anytime
0 days,birmingham new street,tamworth,Friday,anytime
1 days,york,edinburgh,Saturday,advance
1 days,manchester piccadilly,liverpool lime street,Saturday,advance
0 days,london paddington,reading,Friday,anytime
0 days,liverpool lime street,london euston,Friday,anytime
0 days,liverpool lime street,manchester piccadilly,Friday,anytime
1 days,london euston,birmingham new street,Saturday,advance
0 days,liverpool lime street,crewe,Friday,anytime
1 days,london kings cross,york,Saturday,advance
1 days,manchester piccadilly,liverpool lime street,Saturday,advance
0 days,london st pancras,birmingham new street,Friday,anytime
1 days,london euston,birmingham new street,Saturday,advance
0 days,birmingham new street,coventry,Friday,anytime
0 days,birmingham new street,nuneaton,Friday,anytime
0 days,london paddington,reading,Friday,anytime
0 days,london st pancras,birmingham new street,Friday,anytime
1 days,london euston,birmingham new street,Saturday,advance
1 days,london euston,birmingham new street,Saturday,advance
1 days,manchester piccadilly,liverpool lime street,Saturday,advance
1 days,manchester piccadilly,liverpool lime street,Saturday,advance
1 days,london kings cross,york,Saturday,advance
1 days,london euston,birmingham new street,Saturday,advance
1 days,london euston,birmingham new street,Saturday,advance
1 days,london euston,birmingham new street,Saturday,advance
1 days,manchester piccadilly,liverpool lime street,Saturday,advance
0 days,manchester piccadilly,liverpool lime street,Friday,off-peak
1 days,london st pancras,leicester,Saturday,advance
1 days,manchester piccadilly,liverpool lime street,Saturday,advance
1 days,liverpool lime street,london euston,Saturday,advance
0 days,london st pancras,leicester,Friday,anytime
1 days,liverpool lime street,sheffield,Saturday,advance
0 days,manchester piccadilly,liverpool lime street,Friday,anytime
0 days,london kings cross,york,Friday,off-peak
0 days,manchester piccadilly,liverpool lime street,Friday,anytime
0 days,london st pancras,leicester,Friday,anytime
0 days,london euston,birmingham new street,Friday,off-peak
0 days,london euston,manchester piccadilly,Friday,off-peak
1 days,birmingham new street,london paddington,Saturday,advance
1 days,liverpool lime street,manchester piccadilly,Saturday,advance
0 days,manchester piccadilly,sheffield,Friday,off-peak
1 days,manchester piccadilly,liverpool lime street,Saturday,advance
1 days,london euston,birmingham new street,Saturday,advance
1 days,manchester piccadilly,liverpool lime street,Saturday,advance
1 days,london euston,birmingham new street,Saturday,advance
1 days,manchester piccadilly,liverpool lime street,Saturday,advance
1 days,liverpool lime street,manchester piccadilly,Saturday,advance
0 days,london euston,birmingham new street,Friday,off-peak
0 days,liverpool lime street,manchester piccadilly,Friday,off-peak
1 days,london st pancras,birmingham new street,Saturday,advance
1 days,london st pancras,birmingham new street,Saturday,advance
1 days,london st pancras,wolverhampton,Saturday,advance
1 days,birmingham new street,tamworth,Saturday,advance
1 days,london st pancras,birmingham new street,Saturday,advance
1 days,manchester piccadilly,liverpool lime street,Saturday,advance
1 days,birmingham new street,stafford,Saturday,advance
1 days,london st pancras,birmingham new street,Saturday,advance
1 days,london kings cross,york,Saturday,advance
1 days,york,peterborough,Saturday,advance
1 days,birmingham new street,nuneaton,Saturday,advance
1 days,london st pancras,birmingham new street,Saturday,advance
1 days,london st pancras,birmingham new street,Saturday,advance
1 days,london st pancras,birmingham new street,Saturday,advance
1 days,london kings cross,york,Saturday,advance
1 days,birmingham new street,nuneaton,Saturday,advance
1 days,london kings cross,york,Saturday,advance
1 days,london st pancras,birmingham new street,Saturday,advance
1 days,birmingham new street,nuneaton,Saturday,advance
1 days,london st pancras,birmingham new street,Saturday,advance
1 days,london euston,birmingham new street,Saturday,advance
0 days,london kings cross,york,Friday,off-peak
1 days,london euston,birmingham new street,Saturday,advance
1 days,london paddington,reading,Saturday,advance
1 days,london paddington,reading,Saturday,advance
1 days,manchester piccadilly,liverpool lime street,Saturday,advance
1 days,manchester piccadilly,liverpool lime street,Saturday,advance
1 days,london paddington,reading,Saturday,advance
1 days,liverpool lime street,manchester piccadilly,Saturday,advance
1 days,london kings cross,york,Saturday,advance
1 days,london paddington,reading,Saturday,advance
1 days,liverpool lime street,manchester piccadilly,Saturday,advance
1 days,london kings cross,york,Saturday,advance
1 days,london euston,birmingham new street,Sunday,advance
1 days,manchester piccadilly,london euston,Sunday,advance
0 days,york,durham,Saturday,off-peak
0 days,york,durham,Saturday,off-peak
2 days,london kings cross,edinburgh waverley,Monday,advance
0 days,london st pancras,birmingham new street,Saturday,off-peak
0 days,liverpool lime street,manchester piccadilly,Saturday,off-peak
0 days,liverpool lime street,manchester piccadilly,Saturday,off-peak
0 days,london st pancras,birmingham new street,Saturday,off-peak
0 days,london st pancras,birmingham new street,Saturday,off-peak
1 days,london paddington,reading,Sunday,advance
1 days,london euston,birmingham new street,Sunday,advance
0 days,london euston,birmingham new street,Saturday,off-peak
0 days,york,durham,Saturday,off-peak
0 days,york,durham,Saturday,off-peak
1 days,manchester piccadilly,liverpool lime street,Sunday,advance
1 days,birmingham new street,liverpool lime street,Sunday,advance
1 days,manchester piccadilly,london euston,Sunday,advance
0 days,manchester piccadilly,london euston,Saturday,off-peak
1 days,london kings cross,york,Sunday,advance
1 days,london kings cross,york,Sunday,advance
1 days,london kings cross,york,Sunday,advance
0 days,liverpool lime street,manchester piccadilly,Saturday,off-peak
0 days,london euston,birmingham new street,Saturday,off-peak
0 days,london euston,birmingham new street,Saturday,off-peak
0 days,london euston,birmingham new street,Saturday,off-peak
0 days,london st pancras,birmingham new street,Saturday,off-peak
1 days,london kings cross,york,Sunday,advance
1 days,liverpool lime street,manchester piccadilly,Sunday,advance
1 days,london kings cross,york,Sunday,advance
1 days,london paddington,reading,Sunday,advance
1 days,liverpool lime street,manchester piccadilly,Sunday,advance
1 days,manchester piccadilly,nottingham,Sunday,advance
1 days,london st pancras,birmingham new street,Sunday,advance
1 days,liverpool lime street,manchester piccadilly,Sunday,advance
1 days,manchester piccadilly,nottingham,Sunday,advance
1 days,london st pancras,birmingham new street,Sunday,advance
1 days,london kings cross,york,Sunday,advance
0 days,london kings cross,liverpool lime street,Saturday,off-peak
1 days,london euston,birmingham new street,Sunday,advance
1 days,liverpool lime street,manchester piccadilly,Sunday,advance
0 days,liverpool lime street,manchester piccadilly,Saturday,off-peak
0 days,london paddington,reading,Saturday,off-peak
0 days,london paddington,reading,Saturday,off-peak
0 days,london euston,birmingham new street,Saturday,off-peak
0 days,london kings cross,york,Saturday,off-peak
0 days,manchester piccadilly,liverpool lime street,Saturday,off-peak
0 days,london euston,birmingham new street,Saturday,off-peak
0 days,york,doncaster,Saturday,off-peak
0 days,liverpool lime street,manchester piccadilly,Saturday,off-peak
0 days,london paddington,reading,Saturday,off-peak
0 days,london kings cross,york,Saturday,off-peak
1 days,manchester piccadilly,liverpool lime street,Sunday,advance
0 days,london kings cross,york,Saturday,off-peak
1 days,london st pancras,birmingham new street,Sunday,advance
1 days,london st pancras,birmingham new street,Sunday,advance
0 days,london kings cross,york,Saturday,off-peak
0 days,london kings cross,york,Saturday,off-peak
0 days,london kings cross,york,Saturday,off-peak
0 days,london kings cross,york,Saturday,off-peak
1 days,london st pancras,birmingham new street,Sunday,advance
0 days,reading,swindon,Saturday,off-peak
0 days,manchester piccadilly,london euston,Saturday,off-peak
0 days,manchester piccadilly,liverpool lime street,Saturday,off-peak
0 days,liverpool lime street,london euston,Saturday,off-peak
0 days,liverpool lime street,london euston,Saturday,off-peak
0 days,london euston,manchester piccadilly,Saturday,off-peak
0 days,liverpool lime street,london euston,Saturday,off-peak
1 days,liverpool lime street,london euston,Sunday,advance
0 days,birmingham new street,liverpool lime street,Saturday,off-peak
0 days,london euston,birmingham new street,Saturday,off-peak
0 days,london kings cross,york,Saturday,off-peak
0 days,london paddington,reading,Saturday,off-peak
0 days,london paddington,reading,Saturday,off-peak
0 days,london paddington,reading,Saturday,off-peak
0 days,london paddington,oxford,Saturday,off-peak
0 days,london paddington,reading,Saturday,off-peak
0 days,london paddington,reading,Saturday,off-peak
0 days,london paddington,reading,Saturday,off-peak
0 days,manchester piccadilly,liverpool lime street,Saturday,off-peak
0 days,london paddington,oxford,Saturday,off-peak
0 days,london paddington,reading,Saturday,off-peak
1 days,london paddington,reading,Sunday,advance
1 days,liverpool lime street,crewe,Sunday,advance
1 days,manchester piccadilly,liverpool lime street,Sunday,advance
0 days,liverpool lime street,manchester piccadilly,Saturday,off-peak
1 days,manchester piccadilly,liverpool lime street,Sunday,advance
1 days,manchester piccadilly,liverpool lime street,Sunday,advance
0 days,manchester piccadilly,liverpool lime street,Saturday,off-peak
1 days,london st pancras,birmingham new street,Sunday,advance
1 days,london euston,manchester piccadilly,Sunday,advance
0 days,london euston,birmingham new street,Saturday,off-peak
1 days,birmingham new street,london st pancras,Sunday,advance
1 days,london paddington,reading,Sunday,advance
1 days,london paddington,reading,Sunday,advance
1 days,london paddington,oxford,Sunday,advance
1 days,london paddington,reading,Sunday,advance
1 days,london paddington,oxford,Sunday,advance
1 days,london paddington,reading,Sunday,advance
1 days,liverpool lime street,manchester piccadilly,Sunday,advance
1 days,birmingham new street,london st pancras,Sunday,advance
1 days,manchester piccadilly,liverpool lime street,Sunday,advance
1 days,london paddington,reading,Sunday,advance
1 days,bristol temple meads,cardiff central,Sunday,advance
0 days,liverpool lime street,manchester piccadilly,Saturday,off-peak
1 days,london kings cross,york,Sunday,advance
1 days,reading,swindon,Sunday,advance
1 days,london kings cross,york,Sunday,advance
1 days,reading,swindon,Sunday,advance
1 days,reading,swindon,Sunday,advance
1 days,london kings cross,york,Sunday,advance
0 days,manchester piccadilly,liverpool lime street,Saturday,off-peak
0 days,london st pancras,birmingham new street,Saturday,off-peak
0 days,london euston,birmingham new street,Saturday,off-peak
1 days,manchester piccadilly,liverpool lime street,Sunday,advance
0 days,london st pancras,birmingham new street,Saturday,off-peak
1 days,liverpool lime street,london euston,Sunday,advance
1 days,liverpool lime street,london euston,Sunday,advance
1 days,london euston,manchester piccadilly,Sunday,advance
1 days,liverpool lime street,london paddington,Sunday,advance
0 days,london kings cross,york,Saturday,off-peak
1 days,london paddington,reading,Sunday,advance
0 days,london paddington,reading,Saturday,off-peak
1 days,london kings cross,york,Sunday,advance
1 days,london euston,birmingham new street,Sunday,advance
0 days,london st pancras,birmingham new street,Saturday,off-peak
1 days,manchester piccadilly,liverpool lime street,Sunday,advance
0 days,london paddington,reading,Saturday,off-peak
0 days,london paddington,reading,Saturday,off-peak
0 days,manchester piccadilly,liverpool lime street,Saturday,off-peak
0 days,liverpool lime street,manchester piccadilly,Saturday,off-peak
0 days,london euston,birmingham new street,Saturday,off-peak
0 days,manchester piccadilly,liverpool lime street,Saturday,off-peak
0 days,london st pancras,birmingham new street,Saturday,off-peak
0 days,liverpool lime street,manchester piccadilly,Saturday,off-peak
0 days,manchester piccadilly,liverpool lime street,Saturday,off-peak
0 days,london kings cross,york,Saturday,off-peak
0 days,manchester piccadilly,london paddington,Saturday,off-peak
1 days,london euston,birmingham new street,Sunday,advance
0 days,york,edinburgh,Saturday,off-peak
0 days,manchester piccadilly,liverpool lime street,Saturday,off-peak
0 days,london euston,birmingham new street,Saturday,off-peak
0 days,london st pancras,birmingham new street,Saturday,off-peak
1 days,manchester piccadilly,liverpool lime street,Sunday,advance
0 days,liverpool lime street,manchester piccadilly,Saturday,off-peak
1 days,london st pancras,birmingham new street,Sunday,advance
0 days,london st pancras,birmingham new street,Saturday,off-peak
1 days,london kings cross,york,Sunday,advance
0 days,london paddington,reading,Saturday,off-peak
0 days,york,edinburgh,Saturday,off-peak
0 days,birmingham new street,reading,Saturday,off-peak
0 days,manchester piccadilly,liverpool lime street,Saturday,off-peak
0 days,manchester piccadilly,london euston,Saturday,off-peak
0 days,london paddington,reading,Saturday,off-peak
0 days,london paddington,reading,Saturday,off-peak
1 days,liverpool lime street,manchester piccadilly,Sunday,advance
0 days,london euston,birmingham new street,Saturday,off-peak
1 days,london euston,birmingham new street,Sunday,advance
0 days,london euston,birmingham new street,Saturday,off-peak
0 days,london euston,birmingham new street,Saturday,off-peak
1 days,london paddington,reading,Sunday,advance
0 days,birmingham new street,liverpool lime street,Saturday,off-peak
0 days,london kings cross,york,Saturday,off-peak
0 days,london euston,birmingham new street,Saturday,off-peak
0 days,london euston,birmingham new street,Saturday,off-peak
0 days,london euston,birmingham new street,Saturday,off-peak
0 days,london euston,birmingham new street,Saturday,off-peak
1 days,manchester piccadilly,liverpool lime street,Sunday,advance
0 days,london kings cross,york,Saturday,off-peak
0 days,london paddington,reading,Saturday,off-peak
1 days,liverpool lime street,manchester piccadilly,Sunday,advance
0 days,birmingham new street,manchester piccadilly,Saturday,off-peak
1 days,london kings cross,york,Sunday,advance
1 days,manchester piccadilly,liverpool lime street,Sunday,advance
0 days,edinburgh waverley,london kings cross,Saturday,off-peak
1 days,london st pancras,birmingham new street,Sunday,advance
0 days,birmingham new street,stafford,Saturday,off-peak
0 days,birmingham new street,stafford,Saturday,off-peak
0 days,london st pancras,birmingham new street,Saturday,off-peak
0 days,london st pancras,birmingham new street,Saturday,off-peak
0 days,manchester piccadilly,liverpool lime street,Saturday,off-peak
1 days,london paddington,reading,Sunday,advance
0 days,liverpool lime street,manchester piccadilly,Saturday,off-peak
1 days,london st pancras,birmingham new street,Sunday,advance
0 days,manchester piccadilly,liverpool lime street,Saturday,off-peak
0 days,london euston,birmingham new street,Saturday,off-peak
0 days,manchester piccadilly,liverpool lime street,Saturday,off-peak
1 days,manchester piccadilly,liverpool lime street,Sunday,advance
0 days,london st pancras,birmingham new street,Saturday,off-peak
0 days,london euston,manchester piccadilly,Saturday,off-peak
0 days,london paddington,reading,Saturday,off-peak
0 days,london kings cross,york,Saturday,off-peak
0 days,liverpool lime street,manchester piccadilly,Saturday,off-peak
0 days,london paddington,reading,Saturday,off-peak
0 days,london euston,birmingham new street,Saturday,off-peak
0 days,london st pancras,birmingham new street,Saturday,off-peak
0 days,birmingham new street,tamworth,Saturday,off-peak
1 days,london st pancras,birmingham new street,Sunday,advance
0 days,london st pancras,birmingham new street,Saturday,off-peak
1 days,london st pancras,birmingham new street,Sunday,advance
0 days,manchester piccadilly,liverpool lime street,Saturday,off-peak
0 days,birmingham new street,nuneaton,Saturday,off-peak
0 days,reading,didcot,Saturday,off-peak
0 days,london st pancras,birmingham new street,Saturday,off-peak
0 days,london paddington,reading,Saturday,off-peak
0 days,london paddington,reading,Saturday,off-peak
1 days,london euston,birmingham new street,Sunday,advance
0 days,london st pancras,birmingham new street,Saturday,off-peak
0 days,liverpool lime street,crewe,Saturday,off-peak
0 days,birmingham new street,nuneaton,Saturday,off-peak
1 days,london euston,birmingham new street,Sunday,advance
1 days,london euston,birmingham new street,Sunday,advance
1 days,london euston,birmingham new street,Sunday,advance
1 days,london euston,birmingham new street,Sunday,advance
1 days,london euston,birmingham new street,Sunday,advance
1 days,london euston,birmingham new street,Sunday,advance
1 days,london euston,birmingham new street,Sunday,advance
0 days,manchester piccadilly,liverpool lime street,Saturday,off-peak
1 days,london kings cross,york,Sunday,advance
1 days,manchester piccadilly,liverpool lime street,Sunday,advance
1 days,london euston,birmingham new street,Sunday,advance
1 days,birmingham new street,manchester piccadilly,Sunday,advance
1 days,london euston,birmingham new street,Sunday,advance
0 days,manchester piccadilly,liverpool lime street,Saturday,off-peak
1 days,liverpool lime street,london euston,Sunday,advance
1 days,liverpool lime street,london euston,Sunday,advance
0 days,manchester piccadilly,liverpool lime street,Saturday,off-peak
0 days,london st pancras,leicester,Saturday,off-peak
1 days,liverpool lime street,london euston,Sunday,advance
0 days,london st pancras,birmingham new street,Saturday,off-peak
1 days,london st pancras,birmingham new street,Sunday,advance
1 days,manchester piccadilly,liverpool lime street,Sunday,advance
0 days,london paddington,reading,Saturday,off-peak
0 days,liverpool lime street,manchester piccadilly,Saturday,off-peak
0 days,liverpool lime street,manchester piccadilly,Saturday,off-peak
1 days,london st pancras,birmingham new street,Sunday,advance
0 days,liverpool lime street,manchester piccadilly,Saturday,off-peak
0 days,london euston,birmingham new street,Saturday,off-peak
0 days,london euston,birmingham new street,Saturday,off-peak
1 days,manchester piccadilly,liverpool lime street,Sunday,advance
1 days,london st pancras,birmingham new street,Sunday,advance
1 days,london euston,manchester piccadilly,Sunday,advance
1 days,manchester piccadilly,liverpool lime street,Sunday,advance
1 days,london st pancras,leicester,Sunday,advance
1 days,manchester piccadilly,liverpool lime street,Sunday,advance
1 days,birmingham new street,york,Sunday,advance
1 days,birmingham new street,tamworth,Sunday,advance
1 days,birmingham new street,nuneaton,Sunday,advance
1 days,london st pancras,birmingham new street,Sunday,advance
1 days,london kings cross,york,Sunday,advance
1 days,london st pancras,birmingham new street,Sunday,advance
1 days,london kings cross,york,Sunday,advance
1 days,birmingham new street,stafford,Sunday,advance
1 days,london st pancras,birmingham new street,Sunday,advance
1 days,london kings cross,york,Sunday,advance
1 days,london kings cross,york,Sunday,advance
1 days,london st pancras,birmingham new street,Sunday,advance
0 days,london st pancras,birmingham new street,Saturday,off-peak
0 days,london euston,manchester piccadilly,Saturday,off-peak
1 days,manchester piccadilly,liverpool lime street,Sunday,advance
0 days,london paddington,reading,Saturday,off-peak
0 days,london euston,birmingham new street,Saturday,off-peak
1 days,london kings cross,york,Sunday,advance
1 days,london paddington,reading,Sunday,advance
1 days,london euston,birmingham new street,Sunday,advance
1 days,london euston,york,Sunday,advance
1 days,liverpool lime street,manchester piccadilly,Sunday,advance
1 days,liverpool lime street,manchester piccadilly,Sunday,advance
1 days,london paddington,reading,Sunday,advance
1 days,london paddington,reading,Sunday,advance
1 days,london kings cross,york,Sunday,advance
1 days,london euston,birmingham new street,Sunday,advance
1 days,london paddington,reading,Sunday,advance
1 days,london euston,manchester piccadilly,Sunday,advance
1 days,london kings cross,york,Sunday,advance
0 days,liverpool lime street,manchester piccadilly,Sunday,off-peak
0 days,london st pancras,birmingham new street,Sunday,off-peak
2 days,london kings cross,edinburgh waverley,Tuesday,advance
0 days,manchester piccadilly,london paddington,Sunday,off-peak
0 days,london kings cross,york,Sunday,off-peak
0 days,manchester piccadilly,london euston,Sunday,off-peak
2 days,london kings cross,edinburgh waverley,Tuesday,advance
1 days,london paddington,reading,Monday,advance
0 days,london paddington,reading,Sunday,off-peak
1 days,london euston,manchester piccadilly,Monday,advance
1 days,liverpool lime street,london euston,Monday,advance
0 days,liverpool lime street,manchester piccadilly,Sunday,off-peak
0 days,london euston,birmingham new street,Sunday,off-peak
1 days,london paddington,reading,Monday,advance
1 days,liverpool lime street,manchester piccadilly,Monday,advance
1 days,reading,london paddington,Monday,advance
1 days,york,durham,Monday,advance
1 days,london euston,york,Monday,advance
0 days,london paddington,reading,Sunday,off-peak
0 days,london kings cross,york,Sunday,off-peak
1 days,manchester piccadilly,liverpool lime street,Monday,advance
0 days,liverpool lime street,manchester piccadilly,Sunday,off-peak
1 days,manchester piccadilly,liverpool lime street,Monday,advance
0 days,birmingham new street,london st pancras,Sunday,off-peak
0 days,manchester piccadilly,liverpool lime street,Sunday,off-peak
1 days,manchester piccadilly,london paddington,Monday,advance
1 days,york,durham,Monday,advance
1 days,manchester piccadilly,london euston,Monday,advance
1 days,london paddington,reading,Monday,advance
1 days,liverpool lime street,manchester piccadilly,Monday,advance
1 days,london euston,birmingham new street,Monday,advance
1 days,manchester piccadilly,liverpool lime street,Monday,advance
1 days,london euston,manchester piccadilly,Monday,advance
0 days,london paddington,reading,Sunday,off-peak
1 days,london kings cross,york,Monday,advance
0 days,london kings cross,york,Sunday,off-peak
0 days,london paddington,reading,Sunday,off-peak
0 days,birmingham new street,london st pancras,Sunday,off-peak
0 days,london kings cross,york,Sunday,off-peak
0 days,birmingham new street,stafford,Sunday,off-peak
0 days,london euston,manchester piccadilly,Sunday,off-peak
1 days,manchester piccadilly,liverpool lime street,Monday,advance
0 days,birmingham new street,london st pancras,Sunday,off-peak
0 days,london st pancras,birmingham new street,Sunday,off-peak
0 days,manchester piccadilly,liverpool lime street,Sunday,off-peak
0 days,birmingham new street,london st pancras,Sunday,off-peak
0 days,london kings cross,york,Sunday,off-peak
1 days,london paddington,reading,Monday,advance
0 days,london paddington,reading,Sunday,off-peak
0 days,london kings cross,york,Sunday,off-peak
0 days,london euston,birmingham new street,Sunday,off-peak
0 days,london kings cross,york,Sunday,off-peak
0 days,london euston,manchester piccadilly,Sunday,off-peak
0 days,london kings cross,york,Sunday,off-peak
0 days,reading,swindon,Sunday,off-peak
0 days,london kings cross,york,Sunday,off-peak
0 days,liverpool lime street,crewe,Sunday,off-peak
1 days,liverpool lime street,manchester piccadilly,Monday,advance
0 days,london euston,manchester piccadilly,Sunday,off-peak
0 days,liverpool lime street,london euston,Sunday,off-peak
0 days,liverpool lime street,london euston,Sunday,off-peak
0 days,reading,oxford,Sunday,off-peak
0 days,london st pancras,birmingham new street,Sunday,off-peak
1 days,london st pancras,birmingham new street,Monday,advance
0 days,liverpool lime street,london euston,Sunday,off-peak
0 days,liverpool lime street,london euston,Sunday,off-peak
0 days,liverpool lime street,london euston,Sunday,off-peak
1 days,liverpool lime street,manchester piccadilly,Monday,advance
1 days,london kings cross,york,Monday,advance
0 days,london kings cross,york,Sunday,off-peak
1 days,manchester piccadilly,liverpool lime street,Monday,advance
0 days,london kings cross,york,Sunday,off-peak
0 days,london paddington,oxford,Sunday,off-peak
0 days,london paddington,oxford,Sunday,off-peak
1 days,london kings cross,york,Monday,advance
0 days,london paddington,reading,Sunday,off-peak
0 days,london paddington,oxford,Sunday,off-peak
0 days,london paddington,oxford,Sunday,off-peak
0 days,london paddington,reading,Sunday,off-peak
0 days,london paddington,reading,Sunday,off-peak
0 days,manchester piccadilly,liverpool lime street,Sunday,off-peak
1 days,oxford,bristol temple meads,Monday,advance
1 days,london kings cross,york,Monday,advance
1 days,london kings cross,york,Monday,advance
1 days,london paddington,reading,Monday,advance
1 days,london paddington,reading,Monday,advance
0 days,london kings cross,edinburgh waverley,Sunday,off-peak
1 days,london paddington,reading,Monday,advance
1 days,manchester piccadilly,liverpool lime street,Monday,advance
1 days,manchester piccadilly,liverpool lime street,Monday,advance
1 days,london kings cross,york,Monday,advance
1 days,birmingham new street,london st pancras,Monday,advance
1 days,birmingham new street,london paddington,Monday,advance
1 days,manchester piccadilly,liverpool lime street,Monday,advance
1 days,birmingham new street,london st pancras,Monday,advance
1 days,birmingham new street,london st pancras,Monday,advance
1 days,london euston,birmingham new street,Monday,advance
1 days,manchester piccadilly,liverpool lime street,Monday,advance
1 days,london st pancras,birmingham new street,Monday,advance
1 days,london paddington,oxford,Monday,advance
1 days,london paddington,reading,Monday,advance
1 days,london paddington,oxford,Monday,advance
1 days,london paddington,reading,Monday,advance
1 days,london paddington,reading,Monday,advance
1 days,liverpool lime street,manchester piccadilly,Monday,advance
1 days,london paddington,reading,Monday,advance
1 days,london paddington,reading,Monday,advance
1 days,manchester piccadilly,liverpool lime street,Monday,advance
1 days,london kings cross,york,Monday,advance
1 days,london st pancras,birmingham new street,Monday,advance
1 days,york,peterborough,Monday,advance
1 days,liverpool lime street,manchester piccadilly,Monday,advance
0 days,manchester piccadilly,liverpool lime street,Sunday,off-peak
1 days,liverpool lime street,manchester piccadilly,Monday,advance
1 days,liverpool lime street,london euston,Monday,advance
0 days,london st pancras,birmingham new street,Sunday,off-peak
0 days,birmingham new street,liverpool lime street,Sunday,off-peak
1 days,liverpool lime street,london euston,Monday,advance
1 days,liverpool lime street,london euston,Monday,advance
1 days,london euston,manchester piccadilly,Monday,advance
1 days,liverpool lime street,london euston,Monday,advance
1 days,london st pancras,birmingham new street,Monday,advance
1 days,london euston,birmingham new street,Monday,advance
1 days,london euston,birmingham new street,Monday,advance
1 days,london paddington,reading,Monday,advance
1 days,london paddington,reading,Monday,advance
0 days,london euston,birmingham new street,Sunday,off-peak
1 days,manchester piccadilly,liverpool lime street,Monday,advance
1 days,london kings cross,york,Monday,advance
0 days,liverpool lime street,manchester piccadilly,Sunday,off-peak
1 days,manchester piccadilly,liverpool lime street,Monday,advance
1 days,london st pancras,birmingham new street,Monday,advance
1 days,manchester piccadilly,liverpool lime street,Monday,advance
0 days,london paddington,reading,Sunday,off-peak
0 days,manchester piccadilly,liverpool lime street,Sunday,off-peak
1 days,manchester piccadilly,liverpool lime street,Monday,advance
1 days,liverpool lime street,birmingham new street,Monday,advance
1 days,liverpool lime street,manchester piccadilly,Monday,advance
0 days,manchester piccadilly,liverpool lime street,Sunday,off-peak
0 days,manchester piccadilly,liverpool lime street,Sunday,off-peak
0 days,manchester piccadilly,sheffield,Sunday,off-peak
0 days,liverpool lime street,manchester piccadilly,Sunday,off-peak
0 days,london paddington,reading,Sunday,off-peak
0 days,london st pancras,birmingham new street,Sunday,off-peak
1 days,london kings cross,york,Monday,advance
1 days,liverpool lime street,manchester piccadilly,Monday,advance
0 days,london st pancras,birmingham new street,Sunday,off-peak
1 days,london st pancras,birmingham new street,Monday,advance
0 days,london st pancras,birmingham new street,Sunday,off-peak
1 days,london euston,birmingham new street,Monday,advance
0 days,london euston,birmingham new street,Sunday,off-peak
0 days,london euston,birmingham new street,Sunday,off-peak
1 days,london kings cross,york,Monday,advance
0 days,london euston,birmingham new street,Sunday,off-peak
1 days,manchester piccadilly,liverpool lime street,Monday,advance
0 days,london euston,birmingham new street,Sunday,off-peak
0 days,london euston,birmingham new street,Sunday,off-peak
0 days,london euston,birmingham new street,Sunday,off-peak
0 days,london euston,birmingham new street,Sunday,off-peak
0 days,manchester piccadilly,liverpool lime street,Sunday,off-peak
0 days,london euston,birmingham new street,Sunday,off-peak
1 days,birmingham new street,london st pancras,Monday,advance
1 days,london kings cross,york,Monday,advance
0 days,london kings cross,york,Sunday,off-peak
0 days,london kings cross,york,Sunday,off-peak
0 days,london kings cross,york,Sunday,off-peak
0 days,london paddington,reading,Sunday,off-peak
1 days,liverpool lime street,manchester piccadilly,Monday,advance
0 days,reading,swindon,Sunday,off-peak
0 days,london euston,birmingham new street,Sunday,off-peak
0 days,london kings cross,york,Sunday,off-peak
0 days,london euston,birmingham new street,Sunday,off-peak
0 days,london st pancras,birmingham new street,Sunday,off-peak
0 days,london kings cross,york,Sunday,off-peak
1 days,london euston,birmingham new street,Monday,advance
1 days,manchester piccadilly,liverpool lime street,Monday,advance
1 days,london euston,birmingham new street,Monday,advance
0 days,birmingham new street,london st pancras,Sunday,off-peak
1 days,london euston,birmingham new street,Monday,advance
0 days,manchester piccadilly,liverpool lime street,Sunday,off-peak
0 days,london st pancras,birmingham new street,Sunday,off-peak
0 days,manchester piccadilly,liverpool lime street,Sunday,off-peak
1 days,liverpool lime street,manchester piccadilly,Monday,advance
0 days,london st pancras,birmingham new street,Sunday,off-peak
1 days,london euston,birmingham new street,Monday,advance
1 days,london paddington,reading,Monday,advance
0 days,manchester piccadilly,liverpool lime street,Sunday,off-peak
0 days,liverpool lime street,manchester piccadilly,Sunday,off-peak
0 days,birmingham new street,tamworth,Sunday,off-peak
0 days,london euston,manchester piccadilly,Sunday,off-peak
0 days,london euston,manchester piccadilly,Sunday,off-peak
1 days,london kings cross,york,Monday,advance
0 days,london st pancras,birmingham new street,Sunday,off-peak
1 days,birmingham new street,liverpool lime street,Monday,advance
0 days,london st pancras,birmingham new street,Sunday,off-peak
0 days,birmingham new street,nuneaton,Sunday,off-peak
0 days,london st pancras,birmingham new street,Sunday,off-peak
0 days,liverpool lime street,crewe,Sunday,off-peak
0 days,reading,didcot,Sunday,off-peak
0 days,london paddington,reading,Sunday,off-peak
1 days,manchester piccadilly,liverpool lime street,Monday,advance
1 days,london kings cross,york,Monday,advance
1 days,london euston,birmingham new street,Monday,advance
0 days,liverpool lime street,leeds,Sunday,off-peak
1 days,london euston,birmingham new street,Monday,advance
1 days,london euston,birmingham new street,Monday,advance
1 days,london euston,birmingham new street,Monday,advance
1 days,london euston,birmingham new street,Monday,advance
1 days,manchester piccadilly,liverpool lime street,Monday,advance
1 days,manchester piccadilly,liverpool lime street,Monday,advance
1 days,london euston,birmingham new street,Monday,advance
1 days,manchester piccadilly,liverpool lime street,Monday,advance
0 days,london st pancras,leicester,Sunday,off-peak
1 days,london kings cross,york,Monday,advance
1 days,london st pancras,birmingham new street,Monday,advance
1 days,london kings cross,york,Monday,advance
1 days,london st pancras,birmingham new street,Monday,advance
0 days,manchester piccadilly,liverpool lime street,Sunday,off-peak
0 days,london kings cross,liverpool lime street,Sunday,off-peak
0 days,london st pancras,birmingham new street,Sunday,off-peak
0 days,london paddington,reading,Sunday,off-peak
1 days,london euston,birmingham new street,Monday,advance
1 days,london st pancras,birmingham new street,Monday,advance
1 days,manchester piccadilly,liverpool lime street,Monday,advance
1 days,london st pancras,leicester,Monday,advance
1 days,manchester piccadilly,liverpool lime street,Monday,advance
1 days,london paddington,reading,Monday,advance
1 days,london st pancras,birmingham new street,Monday,advance
0 days,liverpool lime street,manchester piccadilly,Sunday,off-peak
1 days,birmingham new street,york,Monday,advance
1 days,liverpool lime street,london euston,Monday,advance
1 days,liverpool lime street,crewe,Monday,advance
1 days,london st pancras,birmingham new street,Monday,advance
1 days,london st pancras,birmingham new street,Monday,advance
1 days,london kings cross,york,Monday,advance
0 days,london euston,birmingham new street,Sunday,off-peak
1 days,reading,didcot,Monday,advance
1 days,reading,swindon,Monday,advance
1 days,london st pancras,birmingham new street,Monday,advance
1 days,london st pancras,birmingham new street,Monday,advance
0 days,london st pancras,birmingham new street,Sunday,off-peak
1 days,london st pancras,birmingham new street,Monday,advance
0 days,london st pancras,birmingham new street,Sunday,off-peak
0 days,london euston,birmingham new street,Sunday,off-peak
1 days,liverpool lime street,manchester piccadilly,Monday,advance
1 days,london paddington,reading,Monday,advance
1 days,london paddington,reading,Monday,advance
1 days,liverpool lime street,manchester piccadilly,Monday,advance
1 days,london euston,manchester piccadilly,Monday,advance
1 days,london paddington,reading,Monday,advance
1 days,manchester piccadilly,liverpool lime street,Monday,advance
1 days,liverpool lime street,manchester piccadilly,Monday,advance
1 days,london st pancras,birmingham new street,Monday,advance
1 days,london st pancras,birmingham new street,Monday,advance
1 days,london euston,birmingham new street,Monday,advance
1 days,london kings cross,york,Monday,advance
1 days,london kings cross,york,Monday,advance
1 days,birmingham new street,liverpool lime street,Monday,advance
1 days,oxford,bristol temple meads,Tuesday,advance
0 days,london paddington,reading,Monday,off-peak
0 days,london st pancras,birmingham new street,Monday,off-peak
0 days,oxford,bristol temple meads,Monday,off-peak
0 days,liverpool lime street,london euston,Monday,off-peak
0 days,london st pancras,birmingham new street,Monday,off-peak
0 days,liverpool lime street,manchester piccadilly,Monday,off-peak
0 days,manchester piccadilly,london paddington,Monday,off-peak
0 days,liverpool lime street,manchester piccadilly,Monday,off-peak
0 days,liverpool lime street,manchester piccadilly,Monday,off-peak
0 days,liverpool lime street,manchester piccadilly,Monday,off-peak
0 days,liverpool lime street,manchester piccadilly,Monday,off-peak
1 days,london st pancras,birmingham new street,Tuesday,advance
0 days,london st pancras,birmingham new street,Monday,off-peak
0 days,london euston,manchester piccadilly,Monday,off-peak
1 days,manchester piccadilly,london paddington,Tuesday,advance
1 days,york,durham,Tuesday,advance
1 days,york,durham,Tuesday,advance
0 days,york,durham,Monday,off-peak
1 days,manchester piccadilly,london paddington,Tuesday,advance
1 days,liverpool lime street,manchester piccadilly,Tuesday,advance
1 days,london st pancras,birmingham new street,Tuesday,advance
1 days,birmingham new street,liverpool lime street,Tuesday,advance
1 days,liverpool lime street,manchester piccadilly,Tuesday,advance
1 days,liverpool lime street,manchester piccadilly,Tuesday,advance
1 days,london kings cross,york,Tuesday,advance
0 days,london euston,birmingham new street,Monday,off-peak
0 days,liverpool lime street,manchester piccadilly,Monday,off-peak
0 days,london st pancras,birmingham new street,Monday,off-peak
1 days,london paddington,reading,Tuesday,advance
0 days,liverpool lime street,manchester piccadilly,Monday,off-peak
1 days,liverpool lime street,manchester piccadilly,Tuesday,advance
1 days,london paddington,reading,Tuesday,advance
1 days,liverpool lime street,manchester piccadilly,Tuesday,advance
0 days,london st pancras,birmingham new street,Monday,off-peak
1 days,london kings cross,liverpool lime street,Tuesday,advance
1 days,manchester piccadilly,nottingham,Tuesday,advance
1 days,london st pancras,birmingham new street,Tuesday,advance
1 days,manchester piccadilly,nottingham,Tuesday,advance
1 days,manchester piccadilly,nottingham,Tuesday,advance
1 days,london euston,birmingham new street,Tuesday,advance
0 days,london euston,birmingham new street,Monday,off-peak
1 days,london euston,birmingham new street,Tuesday,advance
0 days,london kings cross,york,Monday,off-peak
1 days,london paddington,reading,Tuesday,advance
0 days,london kings cross,york,Monday,anytime
0 days,london paddington,reading,Monday,anytime
0 days,london paddington,reading,Monday,anytime
0 days,birmingham new street,london paddington,Monday,anytime
0 days,manchester piccadilly,liverpool lime street,Monday,anytime
0 days,london euston,birmingham new street,Monday,anytime
0 days,london st pancras,wolverhampton,Monday,anytime
0 days,london paddington,reading,Monday,anytime
0 days,london kings cross,york,Monday,anytime
0 days,liverpool lime street,manchester piccadilly,Monday,anytime
1 days,london kings cross,york,Tuesday,advance
1 days,london euston,birmingham new street,Tuesday,advance
0 days,london kings cross,york,Monday,anytime
0 days,reading,swindon,Monday,anytime
0 days,york,wakefield,Monday,anytime
1 days,london st pancras,birmingham new street,Tuesday,advance
0 days,london kings cross,york,Monday,anytime
0 days,york,peterborough,Monday,anytime
0 days,reading,swindon,Monday,anytime
0 days,london kings cross,york,Monday,anytime
0 days,reading,swindon,Monday,anytime
1 days,birmingham new street,london st pancras,Tuesday,advance
0 days,london paddington,reading,Monday,anytime
0 days,london paddington,london waterloo,Monday,anytime
1 days,london paddington,reading,Tuesday,advance
1 days,birmingham new street,london st pancras,Tuesday,advance
0 days,liverpool lime street,london euston,Monday,anytime
0 days,liverpool lime street,london euston,Monday,anytime
0 days,oxford,bristol temple meads,Monday,anytime
0 days,london euston,birmingham new street,Monday,anytime
0 days,liverpool lime street,london euston,Monday,anytime
0 days,liverpool lime street,london euston,Monday,anytime
0 days,manchester piccadilly,leeds,Monday,anytime
1 days,london paddington,reading,Tuesday,advance
1 days,manchester piccadilly,liverpool lime street,Tuesday,advance
0 days,manchester piccadilly,liverpool lime street,Monday,anytime
1 days,london st pancras,birmingham new street,Tuesday,advance
1 days,london st pancras,birmingham new street,Tuesday,advance
0 days,manchester piccadilly,liverpool lime street,Monday,anytime
0 days,london paddington,reading,Monday,anytime
0 days,london paddington,reading,Monday,anytime
0 days,london kings cross,york,Monday,anytime
0 days,london kings cross,york,Monday,anytime
1 days,london st pancras,birmingham new street,Tuesday,advance
1 days,london st pancras,birmingham new street,Tuesday,advance
1 days,london kings cross,york,Tuesday,advance
0 days,london paddington,oxford,Monday,anytime
0 days,london kings cross,york,Monday,off-peak
0 days,london paddington,reading,Monday,off-peak
0 days,london kings cross,edinburgh waverley,Monday,anytime
1 days,manchester piccadilly,liverpool lime street,Tuesday,advance
1 days,london kings cross,york,Tuesday,advance
0 days,manchester piccadilly,liverpool lime street,Monday,off-peak
1 days,liverpool lime street,manchester piccadilly,Tuesday,advance
1 days,manchester piccadilly,liverpool lime street,Tuesday,advance
1 days,york,doncaster,Tuesday,advance
1 days,birmingham new street,london st pancras,Tuesday,advance
1 days,birmingham new street,london st pancras,Tuesday,advance
1 days,london st pancras,birmingham new street,Tuesday,advance
0 days,manchester piccadilly,liverpool lime street,Monday,off-peak
0 days,london kings cross,york,Monday,off-peak
1 days,london euston,birmingham new street,Tuesday,advance
1 days,london kings cross,york,Tuesday,advance
1 days,london paddington,oxford,Tuesday,advance
1 days,london paddington,reading,Tuesday,advance
1 days,london paddington,oxford,Tuesday,advance
1 days,london paddington,reading,Tuesday,advance
1 days,london paddington,oxford,Tuesday,advance
1 days,london paddington,oxford,Tuesday,advance
1 days,london paddington,oxford,Tuesday,advance
1 days,manchester piccadilly,liverpool lime street,Tuesday,advance
1 days,london kings cross,york,Tuesday,advance
1 days,reading,swindon,Tuesday,advance
0 days,liverpool lime street,manchester piccadilly,Monday,off-peak
1 days,manchester piccadilly,london paddington,Tuesday,advance
0 days,london euston,birmingham new street,Monday,off-peak
1 days,manchester piccadilly,london paddington,Tuesday,advance
1 days,liverpool lime street,london euston,Tuesday,advance
0 days,london st pancras,birmingham new street,Monday,off-peak
1 days,liverpool lime street,london euston,Tuesday,advance
1 days,london euston,manchester piccadilly,Tuesday,advance
0 days,manchester piccadilly,liverpool lime street,Monday,off-peak
1 days,london paddington,reading,Tuesday,advance
1 days,reading,oxford,Tuesday,advance
1 days,liverpool lime street,london euston,Tuesday,advance
0 days,manchester piccadilly,liverpool lime street,Monday,off-peak
1 days,liverpool lime street,london euston,Tuesday,advance
1 days,liverpool lime street,london euston,Tuesday,advance
0 days,york,edinburgh,Monday,off-peak
1 days,reading,oxford,Tuesday,advance
1 days,liverpool lime street,london euston,Tuesday,advance
1 days,manchester piccadilly,liverpool lime street,Tuesday,advance
1 days,london euston,birmingham new street,Tuesday,advance
1 days,reading,oxford,Tuesday,advance
1 days,birmingham new street,london euston,Tuesday,advance
1 days,liverpool lime street,london euston,Tuesday,advance
0 days,liverpool lime street,manchester piccadilly,Monday,off-peak
0 days,london euston,birmingham new street,Monday,off-peak
1 days,london euston,birmingham new street,Tuesday,advance
1 days,london euston,birmingham new street,Tuesday,advance
0 days,london st pancras,birmingham new street,Monday,off-peak
0 days,london st pancras,birmingham new street,Monday,off-peak
1 days,manchester piccadilly,liverpool lime street,Tuesday,advance
1 days,london paddington,reading,Tuesday,advance
0 days,london st pancras,birmingham new street,Monday,off-peak
1 days,london paddington,reading,Tuesday,advance
1 days,london paddington,reading,Tuesday,advance
1 days,manchester piccadilly,leeds,Tuesday,advance
0 days,liverpool lime street,manchester piccadilly,Monday,off-peak
0 days,birmingham new street,manchester piccadilly,Monday,off-peak
1 days,london paddington,reading,Tuesday,advance
0 days,london euston,birmingham new street,Monday,off-peak
1 days,london euston,birmingham new street,Tuesday,advance
0 days,london kings cross,york,Monday,off-peak
1 days,london st pancras,birmingham new street,Tuesday,advance
0 days,london st pancras,birmingham new street,Monday,off-peak
0 days,liverpool lime street,manchester piccadilly,Monday,off-peak
1 days,liverpool lime street,manchester piccadilly,Tuesday,advance
1 days,manchester piccadilly,sheffield,Tuesday,advance
0 days,manchester piccadilly,liverpool lime street,Monday,off-peak
0 days,manchester piccadilly,sheffield,Monday,off-peak
0 days,liverpool lime street,manchester piccadilly,Monday,off-peak
0 days,london paddington,reading,Monday,off-peak
0 days,london paddington,reading,Monday,off-peak
0 days,london paddington,liverpool lime street,Monday,off-peak
1 days,manchester piccadilly,liverpool lime street,Tuesday,advance
0 days,london paddington,reading,Monday,off-peak
1 days,london st pancras,birmingham new street,Tuesday,advance
0 days,london paddington,reading,Monday,off-peak
1 days,london st pancras,birmingham new street,Tuesday,advance
0 days,london st pancras,birmingham new street,Monday,off-peak
0 days,london paddington,reading,Monday,off-peak
1 days,london paddington,reading,Tuesday,advance
0 days,london kings cross,york,Monday,off-peak
0 days,london euston,birmingham new street,Monday,off-peak
0 days,london st pancras,birmingham new street,Monday,off-peak
0 days,london kings cross,york,Monday,anytime
0 days,london euston,birmingham new street,Monday,anytime
0 days,london kings cross,york,Monday,anytime
0 days,london euston,birmingham new street,Monday,anytime
0 days,london kings cross,york,Monday,anytime
0 days,london euston,birmingham new street,Monday,anytime
0 days,london euston,birmingham new street,Monday,anytime
0 days,london kings cross,york,Monday,anytime
0 days,london kings cross,liverpool lime street,Monday,anytime
0 days,edinburgh waverley,london kings cross,Monday,off-peak
0 days,edinburgh waverley,london kings cross,Monday,off-peak
1 days,manchester piccadilly,liverpool lime street,Tuesday,advance
0 days,london kings cross,york,Monday,anytime
1 days,london st pancras,birmingham new street,Tuesday,advance
1 days,london kings cross,york,Tuesday,advance
1 days,london paddington,reading,Tuesday,advance
0 days,london kings cross,york,Monday,anytime
1 days,london paddington,reading,Tuesday,advance
0 days,london kings cross,york,Monday,anytime
0 days,london kings cross,york,Monday,anytime
1 days,manchester piccadilly,liverpool lime street,Tuesday,advance
1 days,london paddington,reading,Tuesday,advance
0 days,london kings cross,york,Monday,anytime
1 days,london st pancras,birmingham new street,Tuesday,advance
0 days,london euston,birmingham new street,Monday,anytime
0 days,london euston,birmingham new street,Monday,anytime
0 days,london euston,birmingham new street,Monday,anytime
1 days,edinburgh waverley,london kings cross,Tuesday,advance
0 days,manchester piccadilly,liverpool lime street,Monday,anytime
0 days,london euston,birmingham new street,Monday,anytime
0 days,manchester piccadilly,liverpool lime street,Monday,anytime
1 days,manchester piccadilly,liverpool lime street,Tuesday,advance
0 days,london st pancras,birmingham new street,Monday,anytime
0 days,london st pancras,birmingham new street,Monday,anytime
0 days,london euston,birmingham new street,Monday,anytime
0 days,london st pancras,birmingham new street,Monday,anytime
1 days,london euston,birmingham new street,Tuesday,advance
0 days,birmingham new street,york,Monday,anytime
1 days,london kings cross,york,Tuesday,advance
0 days,london kings cross,york,Monday,anytime
1 days,london paddington,reading,Tuesday,advance
0 days,liverpool lime street,london euston,Monday,anytime
1 days,london euston,birmingham new street,Tuesday,advance
0 days,london paddington,reading,Monday,anytime
0 days,birmingham new street,coventry,Monday,anytime
0 days,birmingham new street,tamworth,Monday,anytime
0 days,manchester piccadilly,liverpool lime street,Monday,anytime
0 days,london st pancras,birmingham new street,Monday,anytime
0 days,london st pancras,birmingham new street,Monday,anytime
1 days,london euston,birmingham new street,Tuesday,advance
1 days,london euston,birmingham new street,Tuesday,advance
1 days,london euston,birmingham new street,Tuesday,advance
1 days,london euston,birmingham new street,Tuesday,advance
1 days,london euston,birmingham new street,Tuesday,advance
1 days,london euston,birmingham new street,Tuesday,advance
1 days,london euston,birmingham new street,Tuesday,advance
1 days,manchester piccadilly,liverpool lime street,Tuesday,advance
1 days,manchester piccadilly,liverpool lime street,Tuesday,advance
1 days,birmingham new street,manchester piccadilly,Tuesday,advance
1 days,london euston,birmingham new street,Tuesday,advance
1 days,london euston,birmingham new street,Tuesday,advance
0 days,manchester piccadilly,liverpool lime street,Monday,off-peak
0 days,manchester piccadilly,liverpool lime street,Monday,anytime
0 days,london kings cross,york,Monday,off-peak
0 days,london paddington,reading,Monday,off-peak
0 days,manchester piccadilly,liverpool lime street,Monday,off-peak
0 days,liverpool lime street,manchester piccadilly,Monday,off-peak
1 days,liverpool lime street,manchester piccadilly,Tuesday,advance
1 days,london st pancras,birmingham new street,Tuesday,advance
0 days,manchester piccadilly,liverpool lime street,Monday,off-peak
0 days,london euston,manchester piccadilly,Monday,off-peak
1 days,manchester piccadilly,liverpool lime street,Tuesday,advance
1 days,manchester piccadilly,liverpool lime street,Tuesday,advance
1 days,london euston,birmingham new street,Tuesday,advance
1 days,london st pancras,birmingham new street,Tuesday,advance
1 days,london st pancras,birmingham new street,Tuesday,advance
0 days,liverpool lime street,manchester piccadilly,Monday,off-peak
1 days,london st pancras,leicester,Tuesday,advance
1 days,london st pancras,leicester,Tuesday,advance
1 days,london st pancras,leicester,Tuesday,advance
1 days,manchester piccadilly,liverpool lime street,Tuesday,advance
1 days,london kings cross,york,Tuesday,advance
1 days,liverpool lime street,london euston,Tuesday,advance
1 days,london euston,birmingham new street,Tuesday,advance
0 days,liverpool lime street,manchester piccadilly,Monday,off-peak
1 days,london euston,birmingham new street,Tuesday,advance
0 days,liverpool lime street,manchester piccadilly,Monday,off-peak
0 days,manchester piccadilly,leeds,Monday,off-peak
1 days,london paddington,reading,Tuesday,advance
1 days,london st pancras,birmingham new street,Tuesday,advance
1 days,london st pancras,birmingham new street,Tuesday,advance
1 days,birmingham new street,tamworth,Tuesday,advance
1 days,london st pancras,birmingham new street,Tuesday,advance
1 days,liverpool lime street,crewe,Tuesday,advance
1 days,london st pancras,birmingham new street,Tuesday,advance
1 days,liverpool lime street,crewe,Tuesday,advance
1 days,london st pancras,birmingham new street,Tuesday,advance
1 days,london st pancras,birmingham new street,Tuesday,advance
1 days,london kings cross,york,Tuesday,advance
1 days,london kings cross,york,Tuesday,advance
1 days,london st pancras,birmingham new street,Tuesday,advance
1 days,liverpool lime street,manchester piccadilly,Tuesday,advance
1 days,liverpool lime street,manchester piccadilly,Tuesday,advance
1 days,london paddington,reading,Tuesday,advance
1 days,birmingham new street,liverpool lime street,Tuesday,advance
1 days,london euston,birmingham new street,Tuesday,advance
1 days,london euston,birmingham new street,Tuesday,advance
1 days,liverpool lime street,manchester piccadilly,Tuesday,advance
1 days,london euston,birmingham new street,Tuesday,advance
1 days,manchester piccadilly,liverpool lime street,Tuesday,advance
1 days,liverpool lime street,manchester piccadilly,Tuesday,advance
1 days,london euston,birmingham new street,Tuesday,advance
1 days,liverpool lime street,manchester piccadilly,Tuesday,advance
1 days,london kings cross,york,Tuesday,advance
1 days,london paddington,reading,Tuesday,advance
1 days,liverpool lime street,manchester piccadilly,Tuesday,advance
1 days,london kings cross,york,Tuesday,advance
1 days,london kings cross,york,Tuesday,advance
1 days,london euston,birmingham new street,Tuesday,advance
1 days,london kings cross,york,Tuesday,advance
0 days,london st pancras,birmingham new street,Tuesday,off-peak
0 days,york,durham,Tuesday,off-peak
0 days,london kings cross,liverpool lime street,Tuesday,off-peak
2 days,london kings cross,edinburgh waverley,Thursday,advance
0 days,london st pancras,birmingham new street,Tuesday,off-peak
0 days,london paddington,reading,Tuesday,off-peak
0 days,london euston,birmingham new street,Tuesday,off-peak
0 days,london euston,birmingham new street,Tuesday,off-peak
0 days,liverpool lime street,manchester piccadilly,Tuesday,off-peak
0 days,london paddington,reading,Tuesday,off-peak
0 days,liverpool lime street,manchester piccadilly,Tuesday,off-peak
1 days,london euston,birmingham new street,Wednesday,advance
1 days,liverpool lime street,manchester piccadilly,Wednesday,advance
1 days,london st pancras,birmingham new street,Wednesday,advance
1 days,london euston,birmingham new street,Wednesday,advance
0 days,liverpool lime street,manchester piccadilly,Tuesday,off-peak
0 days,york,durham,Tuesday,off-peak
1 days,liverpool lime street,manchester piccadilly,Wednesday,advance
0 days,manchester piccadilly,london euston,Tuesday,off-peak
1 days,london kings cross,york,Wednesday,advance
0 days,london paddington,reading,Tuesday,off-peak
0 days,birmingham new street,london st pancras,Tuesday,off-peak
0 days,london st pancras,birmingham new street,Tuesday,off-peak
1 days,oxford,bristol temple meads,Wednesday,advance
1 days,london st pancras,birmingham new street,Wednesday,advance
1 days,manchester piccadilly,nottingham,Wednesday,advance
1 days,manchester piccadilly,nottingham,Wednesday,advance
1 days,manchester piccadilly,nottingham,Wednesday,advance
0 days,london kings cross,york,Tuesday,off-peak
0 days,london kings cross,york,Tuesday,off-peak
0 days,london kings cross,york,Tuesday,off-peak
0 days,london st pancras,birmingham new street,Tuesday,off-peak
0 days,london st pancras,birmingham new street,Tuesday,off-peak
1 days,liverpool lime street,manchester piccadilly,Wednesday,advance
0 days,liverpool lime street,manchester piccadilly,Tuesday,anytime
0 days,london paddington,reading,Tuesday,anytime
0 days,london kings cross,york,Tuesday,anytime
0 days,reading,didcot,Tuesday,anytime
0 days,london kings cross,york,Tuesday,anytime
0 days,birmingham new street,london st pancras,Tuesday,anytime
0 days,birmingham new street,nuneaton,Tuesday,anytime
0 days,london euston,manchester piccadilly,Tuesday,anytime
0 days,birmingham new street,london st pancras,Tuesday,anytime
0 days,london euston,birmingham new street,Tuesday,anytime
0 days,london euston,birmingham new street,Tuesday,anytime
0 days,london st pancras,birmingham new street,Tuesday,anytime
0 days,york,doncaster,Tuesday,anytime
0 days,manchester piccadilly,liverpool lime street,Tuesday,anytime
0 days,birmingham new street,london st pancras,Tuesday,anytime
0 days,liverpool lime street,manchester piccadilly,Tuesday,anytime
0 days,liverpool lime street,manchester piccadilly,Tuesday,anytime
0 days,birmingham new street,london st pancras,Tuesday,anytime
1 days,liverpool lime street,manchester piccadilly,Wednesday,advance
0 days,london kings cross,york,Tuesday,off-peak
0 days,london euston,birmingham new street,Tuesday,anytime
1 days,london paddington,reading,Wednesday,advance
1 days,liverpool lime street,manchester piccadilly,Wednesday,advance
0 days,london paddington,london waterloo,Tuesday,anytime
0 days,london kings cross,york,Tuesday,anytime
1 days,birmingham new street,london st pancras,Wednesday,advance
0 days,london kings cross,york,Tuesday,anytime
1 days,manchester piccadilly,liverpool lime street,Wednesday,advance
0 days,manchester piccadilly,london paddington,Tuesday,anytime
0 days,london kings cross,york,Tuesday,anytime
0 days,liverpool lime street,london euston,Tuesday,anytime
0 days,london paddington,reading,Tuesday,anytime
0 days,london euston,manchester piccadilly,Tuesday,anytime
0 days,london euston,manchester piccadilly,Tuesday,anytime
0 days,liverpool lime street,london euston,Tuesday,anytime
0 days,liverpool lime street,london euston,Tuesday,anytime
0 days,manchester piccadilly,liverpool lime street,Tuesday,anytime
1 days,london euston,birmingham new street,Wednesday,advance
0 days,manchester piccadilly,leeds,Tuesday,anytime
0 days,london paddington,oxford,Tuesday,anytime
0 days,london paddington,oxford,Tuesday,anytime
0 days,london paddington,oxford,Tuesday,anytime
0 days,london paddington,reading,Tuesday,off-peak
0 days,london kings cross,edinburgh waverley,Tuesday,anytime
1 days,london kings cross,york,Wednesday,advance
1 days,london paddington,reading,Wednesday,advance
0 days,liverpool lime street,manchester piccadilly,Tuesday,off-peak
0 days,manchester piccadilly,liverpool lime street,Tuesday,off-peak
1 days,birmingham new street,london st pancras,Wednesday,advance
1 days,london euston,manchester piccadilly,Wednesday,advance
1 days,birmingham new street,london st pancras,Wednesday,advance
1 days,birmingham new street,london st pancras,Wednesday,advance
1 days,london euston,manchester piccadilly,Wednesday,advance
1 days,london paddington,oxford,Wednesday,advance
1 days,london paddington,oxford,Wednesday,advance
1 days,london paddington,oxford,Wednesday,advance
0 days,london kings cross,york,Tuesday,off-peak
1 days,london st pancras,birmingham new street,Wednesday,advance
1 days,london st pancras,birmingham new street,Wednesday,advance
1 days,london kings cross,york,Wednesday,advance
1 days,york,doncaster,Wednesday,advance
0 days,london euston,birmingham new street,Tuesday,off-peak
0 days,london euston,birmingham new street,Tuesday,off-peak
1 days,london paddington,london waterloo,Wednesday,advance
1 days,reading,swindon,Wednesday,advance
0 days,liverpool lime street,manchester piccadilly,Tuesday,off-peak
1 days,york,peterborough,Wednesday,advance
1 days,liverpool lime street,london euston,Wednesday,advance
1 days,london st pancras,birmingham new street,Wednesday,advance
1 days,liverpool lime street,london euston,Wednesday,advance
0 days,york,edinburgh,Tuesday,off-peak
1 days,reading,oxford,Wednesday,advance
0 days,liverpool lime street,manchester piccadilly,Tuesday,off-peak
0 days,manchester piccadilly,liverpool lime street,Tuesday,off-peak
0 days,london euston,birmingham new street,Tuesday,off-peak
0 days,london paddington,reading,Tuesday,off-peak
1 days,london paddington,reading,Wednesday,advance
1 days,london paddington,reading,Wednesday,advance
0 days,manchester piccadilly,london st pancras,Tuesday,off-peak
1 days,manchester piccadilly,liverpool lime street,Wednesday,advance
1 days,manchester piccadilly,liverpool lime street,Wednesday,advance
0 days,london kings cross,york,Tuesday,off-peak
0 days,liverpool lime street,manchester piccadilly,Tuesday,off-peak
0 days,london paddington,reading,Tuesday,off-peak
0 days,london paddington,reading,Tuesday,off-peak
0 days,london euston,birmingham new street,Tuesday,off-peak
1 days,manchester piccadilly,liverpool lime street,Wednesday,advance
0 days,london st pancras,birmingham new street,Tuesday,off-peak
1 days,liverpool lime street,manchester piccadilly,Wednesday,advance
1 days,liverpool lime street,manchester piccadilly,Wednesday,advance
1 days,london euston,birmingham new street,Wednesday,advance
0 days,london euston,birmingham new street,Tuesday,off-peak
0 days,york,edinburgh,Tuesday,off-peak
1 days,london euston,birmingham new street,Wednesday,advance
1 days,manchester piccadilly,liverpool lime street,Wednesday,advance
1 days,london euston,birmingham new street,Wednesday,advance
1 days,manchester piccadilly,liverpool lime street,Wednesday,advance
1 days,london st pancras,birmingham new street,Wednesday,advance
0 days,london paddington,reading,Tuesday,off-peak
0 days,london st pancras,birmingham new street,Tuesday,off-peak
0 days,london st pancras,birmingham new street,Tuesday,off-peak
0 days,london paddington,reading,Tuesday,off-peak
1 days,manchester piccadilly,london st pancras,Wednesday,advance
1 days,birmingham new street,london st pancras,Wednesday,advance
1 days,manchester piccadilly,liverpool lime street,Wednesday,advance
0 days,london st pancras,birmingham new street,Tuesday,off-peak
0 days,london kings cross,york,Tuesday,off-peak
0 days,london paddington,reading,Tuesday,off-peak
0 days,london euston,birmingham new street,Tuesday,off-peak
0 days,london kings cross,york,Tuesday,off-peak
0 days,london euston,birmingham new street,Tuesday,anytime
1 days,london kings cross,york,Wednesday,advance
0 days,manchester piccadilly,liverpool lime street,Tuesday,anytime
0 days,london euston,birmingham new street,Tuesday,anytime
1 days,liverpool lime street,manchester piccadilly,Wednesday,advance
0 days,london euston,birmingham new street,Tuesday,anytime
0 days,london euston,birmingham new street,Tuesday,anytime
0 days,london euston,birmingham new street,Tuesday,anytime
1 days,liverpool lime street,manchester piccadilly,Wednesday,advance
0 days,manchester piccadilly,liverpool lime street,Tuesday,anytime
0 days,birmingham new street,manchester piccadilly,Tuesday,anytime
1 days,manchester piccadilly,liverpool lime street,Wednesday,advance
0 days,london paddington,reading,Tuesday,anytime
0 days,manchester piccadilly,liverpool lime street,Tuesday,anytime
0 days,manchester piccadilly,liverpool lime street,Tuesday,anytime
1 days,london euston,birmingham new street,Wednesday,advance
1 days,manchester piccadilly,liverpool lime street,Wednesday,advance
1 days,london euston,birmingham new street,Wednesday,advance
1 days,london paddington,reading,Wednesday,advance
0 days,london paddington,reading,Tuesday,anytime
1 days,london paddington,reading,Wednesday,advance
1 days,london euston,birmingham new street,Wednesday,advance
0 days,edinburgh waverley,london kings cross,Tuesday,off-peak
0 days,london paddington,reading,Tuesday,anytime
0 days,manchester piccadilly,london kings cross,Tuesday,anytime
0 days,london kings cross,york,Tuesday,anytime
0 days,london kings cross,york,Tuesday,anytime
1 days,liverpool lime street,manchester piccadilly,Wednesday,advance
1 days,york,edinburgh,Wednesday,advance
1 days,london paddington,reading,Wednesday,advance
0 days,london st pancras,birmingham new street,Tuesday,anytime
1 days,london paddington,reading,Wednesday,advance
0 days,london kings cross,york,Tuesday,anytime
0 days,liverpool lime street,manchester piccadilly,Tuesday,anytime
0 days,liverpool lime street,manchester piccadilly,Tuesday,anytime
0 days,manchester piccadilly,liverpool lime street,Tuesday,anytime
0 days,london kings cross,york,Tuesday,anytime
0 days,london paddington,reading,Tuesday,anytime
1 days,manchester piccadilly,london euston,Wednesday,advance
0 days,london st pancras,birmingham new street,Tuesday,anytime
0 days,liverpool lime street,london euston,Tuesday,anytime
1 days,london st pancras,birmingham new street,Wednesday,advance
0 days,birmingham new street,york,Tuesday,anytime
0 days,liverpool lime street,london euston,Tuesday,anytime
0 days,london st pancras,birmingham new street,Tuesday,anytime
1 days,london euston,birmingham new street,Wednesday,advance
0 days,london st pancras,birmingham new street,Tuesday,anytime
0 days,london paddington,reading,Tuesday,anytime
0 days,london st pancras,birmingham new street,Tuesday,anytime
0 days,birmingham new street,wolverhampton,Tuesday,anytime
0 days,birmingham new street,nuneaton,Tuesday,anytime
0 days,london paddington,reading,Tuesday,anytime
1 days,london euston,manchester piccadilly,Wednesday,advance
0 days,london st pancras,birmingham new street,Tuesday,anytime
1 days,london euston,birmingham new street,Wednesday,advance
1 days,london euston,birmingham new street,Wednesday,advance
1 days,london euston,birmingham new street,Wednesday,advance
0 days,london st pancras,birmingham new street,Tuesday,anytime
0 days,london st pancras,birmingham new street,Tuesday,anytime
1 days,london kings cross,york,Wednesday,advance
0 days,london paddington,reading,Tuesday,off-peak
0 days,manchester piccadilly,liverpool lime street,Tuesday,off-peak
0 days,manchester piccadilly,liverpool lime street,Tuesday,off-peak
0 days,manchester piccadilly,liverpool lime street,Tuesday,anytime
0 days,manchester piccadilly,liverpool lime street,Tuesday,anytime
1 days,manchester piccadilly,liverpool lime street,Wednesday,advance
1 days,london paddington,reading,Wednesday,advance
1 days,london kings cross,york,Wednesday,advance
1 days,manchester piccadilly,liverpool lime street,Wednesday,advance
0 days,london paddington,reading,Tuesday,off-peak
1 days,london kings cross,york,Wednesday,advance
1 days,london paddington,reading,Wednesday,advance
1 days,reading,london paddington,Wednesday,advance
1 days,london euston,birmingham new street,Wednesday,advance
1 days,liverpool lime street,manchester piccadilly,Wednesday,advance
1 days,london st pancras,birmingham new street,Wednesday,advance
1 days,reading,london paddington,Wednesday,advance
1 days,manchester piccadilly,liverpool lime street,Wednesday,advance
1 days,london kings cross,york,Wednesday,advance
1 days,london kings cross,york,Wednesday,advance
1 days,london st pancras,leicester,Wednesday,advance
1 days,manchester piccadilly,liverpool lime street,Wednesday,advance
1 days,london st pancras,leicester,Wednesday,advance
1 days,london euston,birmingham new street,Wednesday,advance
1 days,london st pancras,leicester,Wednesday,advance
1 days,manchester piccadilly,liverpool lime street,Wednesday,advance
1 days,manchester piccadilly,liverpool lime street,Wednesday,advance
1 days,manchester piccadilly,liverpool lime street,Wednesday,advance
1 days,london st pancras,birmingham new street,Wednesday,advance
1 days,liverpool lime street,manchester piccadilly,Wednesday,advance
0 days,birmingham new street,liverpool lime street,Tuesday,off-peak
1 days,birmingham new street,york,Wednesday,advance
1 days,liverpool lime street,manchester piccadilly,Wednesday,advance
1 days,london st pancras,birmingham new street,Wednesday,advance
1 days,london st pancras,wolverhampton,Wednesday,advance
1 days,birmingham new street,tamworth,Wednesday,advance
1 days,london st pancras,birmingham new street,Wednesday,advance
1 days,london st pancras,birmingham new street,Wednesday,advance
1 days,london st pancras,birmingham new street,Wednesday,advance
1 days,london st pancras,wolverhampton,Wednesday,advance
1 days,london paddington,reading,Wednesday,advance
1 days,london st pancras,birmingham new street,Wednesday,advance
1 days,liverpool lime street,crewe,Wednesday,advance
1 days,london st pancras,birmingham new street,Wednesday,advance
1 days,manchester piccadilly,liverpool lime street,Wednesday,advance
1 days,birmingham new street,nuneaton,Wednesday,advance
1 days,birmingham new street,stafford,Wednesday,advance
1 days,london kings cross,york,Wednesday,advance
1 days,birmingham new street,stafford,Wednesday,advance
0 days,liverpool lime street,manchester piccadilly,Tuesday,off-peak
0 days,london euston,manchester piccadilly,Tuesday,off-peak
0 days,london euston,manchester piccadilly,Tuesday,off-peak
0 days,london paddington,reading,Tuesday,off-peak
1 days,birmingham new street,london euston,Wednesday,advance
1 days,london st pancras,birmingham new street,Wednesday,advance
1 days,london st pancras,birmingham new street,Wednesday,advance
1 days,london st pancras,birmingham new street,Wednesday,advance
1 days,manchester piccadilly,liverpool lime street,Wednesday,advance
1 days,manchester piccadilly,liverpool lime street,Wednesday,advance
1 days,liverpool lime street,manchester piccadilly,Wednesday,advance
1 days,liverpool lime street,manchester piccadilly,Wednesday,advance
1 days,london kings cross,york,Wednesday,advance
1 days,manchester piccadilly,liverpool lime street,Wednesday,advance
1 days,london euston,birmingham new street,Wednesday,advance
1 days,london kings cross,york,Wednesday,advance
1 days,london euston,manchester piccadilly,Wednesday,advance
1 days,liverpool lime street,manchester piccadilly,Wednesday,advance
1 days,london paddington,reading,Wednesday,advance
1 days,london st pancras,birmingham new street,Thursday,advance
2 days,london kings cross,edinburgh waverley,Friday,advance
0 days,oxford,bristol temple meads,Wednesday,off-peak
0 days,manchester piccadilly,liverpool lime street,Wednesday,off-peak
0 days,london paddington,reading,Wednesday,off-peak
0 days,birmingham new street,london euston,Wednesday,off-peak
0 days,york,durham,Wednesday,off-peak
1 days,york,durham,Thursday,advance
0 days,york,durham,Wednesday,off-peak
1 days,liverpool lime street,manchester piccadilly,Thursday,advance
1 days,liverpool lime street,manchester piccadilly,Thursday,advance
1 days,manchester piccadilly,liverpool lime street,Thursday,advance
0 days,manchester piccadilly,liverpool lime street,Wednesday,off-peak
1 days,liverpool lime street,manchester piccadilly,Thursday,advance
1 days,london kings cross,york,Thursday,advance
1 days,liverpool lime street,manchester piccadilly,Thursday,advance
0 days,liverpool lime street,manchester piccadilly,Wednesday,off-peak
0 days,london euston,birmingham new street,Wednesday,off-peak
0 days,london euston,birmingham new street,Wednesday,off-peak
0 days,london euston,birmingham new street,Wednesday,off-peak
1 days,manchester piccadilly,liverpool lime street,Thursday,advance
1 days,liverpool lime street,manchester piccadilly,Thursday,advance
1 days,london kings cross,liverpool lime street,Thursday,advance
1 days,london kings cross,liverpool lime street,Thursday,advance
1 days,manchester piccadilly,london paddington,Thursday,advance
1 days,london euston,birmingham new street,Thursday,advance
0 days,manchester piccadilly,liverpool lime street,Wednesday,off-peak
0 days,manchester piccadilly,liverpool lime street,Wednesday,off-peak
0 days,liverpool lime street,manchester piccadilly,Wednesday,off-peak
1 days,liverpool lime street,manchester piccadilly,Thursday,advance
1 days,liverpool lime street,manchester piccadilly,Thursday,advance
1 days,liverpool lime street,manchester piccadilly,Thursday,advance
0 days,london kings cross,york,Wednesday,anytime
0 days,york,peterborough,Wednesday,anytime
0 days,birmingham new street,london st pancras,Wednesday,anytime
0 days,birmingham new street,london st pancras,Wednesday,anytime
0 days,london st pancras,birmingham new street,Wednesday,anytime
0 days,birmingham new street,london st pancras,Wednesday,anytime
1 days,manchester piccadilly,liverpool lime street,Thursday,advance
0 days,london paddington,reading,Wednesday,anytime
0 days,york,doncaster,Wednesday,anytime
0 days,birmingham new street,london st pancras,Wednesday,anytime
0 days,london euston,birmingham new street,Wednesday,anytime
0 days,liverpool lime street,manchester piccadilly,Wednesday,anytime
0 days,manchester piccadilly,liverpool lime street,Wednesday,anytime
0 days,london euston,birmingham new street,Wednesday,anytime
1 days,liverpool lime street,manchester piccadilly,Thursday,advance
1 days,liverpool lime street,manchester piccadilly,Thursday,advance
0 days,reading,swindon,Wednesday,anytime
0 days,manchester piccadilly,london paddington,Wednesday,anytime
0 days,london kings cross,york,Wednesday,anytime
1 days,liverpool lime street,manchester piccadilly,Thursday,advance
0 days,liverpool lime street,london euston,Wednesday,anytime
0 days,oxford,bristol temple meads,Wednesday,anytime
1 days,london euston,manchester piccadilly,Thursday,advance
1 days,manchester piccadilly,liverpool lime street,Thursday,advance
0 days,liverpool lime street,london st pancras,Wednesday,anytime
0 days,london kings cross,york,Wednesday,anytime
0 days,manchester piccadilly,liverpool lime street,Wednesday,anytime
0 days,london paddington,reading,Wednesday,anytime
0 days,london paddington,reading,Wednesday,anytime
0 days,london paddington,reading,Wednesday,anytime
0 days,london paddington,reading,Wednesday,anytime
0 days,london kings cross,york,Wednesday,anytime
0 days,london paddington,oxford,Wednesday,anytime
0 days,london paddington,reading,Wednesday,anytime
1 days,london st pancras,birmingham new street,Thursday,advance
1 days,manchester piccadilly,liverpool lime street,Thursday,advance
0 days,london euston,birmingham new street,Wednesday,off-peak
1 days,london paddington,reading,Thursday,advance
1 days,london paddington,reading,Thursday,advance
1 days,london kings cross,york,Thursday,advance
1 days,york,peterborough,Thursday,advance
1 days,london paddington,reading,Thursday,advance
1 days,manchester piccadilly,liverpool lime street,Thursday,advance
1 days,london paddington,reading,Thursday,advance
0 days,london st pancras,birmingham new street,Wednesday,off-peak
1 days,london st pancras,birmingham new street,Thursday,advance
1 days,birmingham new street,london euston,Thursday,advance
1 days,birmingham new street,london st pancras,Thursday,advance
1 days,birmingham new street,nuneaton,Thursday,advance
1 days,london kings cross,york,Thursday,advance
0 days,london euston,birmingham new street,Wednesday,off-peak
1 days,london paddington,oxford,Thursday,advance
1 days,manchester piccadilly,liverpool lime street,Thursday,advance
0 days,london st pancras,birmingham new street,Wednesday,off-peak
0 days,london paddington,reading,Wednesday,off-peak
1 days,london kings cross,york,Thursday,advance
1 days,london paddington,manchester piccadilly,Thursday,advance
1 days,reading,swindon,Thursday,advance
1 days,london kings cross,york,Thursday,advance
1 days,london paddington,london waterloo,Thursday,advance
1 days,london kings cross,york,Thursday,advance
0 days,london st pancras,birmingham new street,Wednesday,off-peak
0 days,manchester piccadilly,sheffield,Wednesday,off-peak
0 days,london st pancras,birmingham new street,Wednesday,off-peak
0 days,london st pancras,birmingham new street,Wednesday,off-peak
0 days,manchester piccadilly,liverpool lime street,Wednesday,off-peak
1 days,liverpool lime street,london euston,Thursday,advance
0 days,manchester piccadilly,liverpool lime street,Wednesday,off-peak
1 days,manchester piccadilly,leeds,Thursday,advance
1 days,london st pancras,birmingham new street,Thursday,advance
0 days,reading,london paddington,Wednesday,off-peak
1 days,liverpool lime street,manchester piccadilly,Thursday,advance
0 days,london euston,birmingham new street,Wednesday,off-peak
1 days,london euston,birmingham new street,Thursday,advance
0 days,manchester piccadilly,leeds,Wednesday,off-peak
0 days,manchester piccadilly,liverpool lime street,Wednesday,off-peak
0 days,london st pancras,birmingham new street,Wednesday,off-peak
0 days,manchester piccadilly,liverpool lime street,Wednesday,off-peak
1 days,manchester piccadilly,liverpool lime street,Thursday,advance
0 days,london euston,birmingham new street,Wednesday,off-peak
1 days,birmingham new street,manchester piccadilly,Thursday,advance
1 days,birmingham new street,manchester piccadilly,Thursday,advance
0 days,manchester piccadilly,liverpool lime street,Wednesday,off-peak
1 days,liverpool lime street,manchester piccadilly,Thursday,advance
0 days,manchester piccadilly,liverpool lime street,Wednesday,off-peak
0 days,london kings cross,york,Wednesday,off-peak
0 days,london kings cross,york,Wednesday,off-peak
0 days,london euston,manchester piccadilly,Wednesday,off-peak
0 days,manchester piccadilly,liverpool lime street,Wednesday,off-peak
0 days,liverpool lime street,sheffield,Wednesday,off-peak
1 days,london euston,birmingham new street,Thursday,advance
0 days,london paddington,reading,Wednesday,off-peak
1 days,london euston,birmingham new street,Thursday,advance
0 days,london st pancras,birmingham new street,Wednesday,off-peak
0 days,manchester piccadilly,liverpool lime street,Wednesday,off-peak
1 days,manchester piccadilly,london st pancras,Thursday,advance
1 days,liverpool lime street,manchester piccadilly,Thursday,advance
0 days,london paddington,reading,Wednesday,off-peak
1 days,manchester piccadilly,london st pancras,Thursday,advance
1 days,london st pancras,birmingham new street,Thursday,advance
0 days,london euston,birmingham new street,Wednesday,off-peak
1 days,liverpool lime street,manchester piccadilly,Thursday,advance
1 days,london paddington,reading,Thursday,advance
1 days,london paddington,reading,Thursday,advance
0 days,london kings cross,york,Wednesday,off-peak
1 days,london paddington,reading,Thursday,advance
0 days,london euston,birmingham new street,Wednesday,anytime
0 days,london paddington,reading,Wednesday,anytime
0 days,london euston,birmingham new street,Wednesday,anytime
0 days,manchester piccadilly,liverpool lime street,Wednesday,anytime
0 days,york,peterborough,Wednesday,anytime
0 days,york,peterborough,Wednesday,anytime
0 days,london euston,birmingham new street,Wednesday,anytime
0 days,manchester piccadilly,liverpool lime street,Wednesday,anytime
0 days,birmingham new street,manchester piccadilly,Wednesday,anytime
0 days,manchester piccadilly,liverpool lime street,Wednesday,anytime
1 days,london paddington,reading,Thursday,advance
0 days,london kings cross,york,Wednesday,anytime
0 days,reading,swindon,Wednesday,anytime
0 days,london st pancras,birmingham new street,Wednesday,anytime
0 days,london kings cross,york,Wednesday,anytime
0 days,london kings cross,york,Wednesday,anytime
0 days,london kings cross,york,Wednesday,anytime
0 days,manchester piccadilly,liverpool lime street,Wednesday,anytime
1 days,london euston,birmingham new street,Thursday,advance
0 days,birmingham new street,london st pancras,Wednesday,anytime
0 days,manchester piccadilly,liverpool lime street,Wednesday,anytime
0 days,liverpool lime street,london euston,Wednesday,anytime
0 days,liverpool lime street,london euston,Wednesday,anytime
0 days,manchester piccadilly,liverpool lime street,Wednesday,anytime
0 days,london euston,birmingham new street,Wednesday,anytime
1 days,london st pancras,birmingham new street,Thursday,advance
0 days,london paddington,reading,Wednesday,anytime
0 days,london st pancras,birmingham new street,Wednesday,anytime
1 days,london paddington,reading,Thursday,advance
1 days,london paddington,reading,Thursday,advance
1 days,london paddington,reading,Thursday,advance
1 days,london st pancras,birmingham new street,Thursday,advance
0 days,manchester piccadilly,london euston,Wednesday,anytime
0 days,birmingham new street,tamworth,Wednesday,anytime
0 days,manchester piccadilly,liverpool lime street,Wednesday,anytime
0 days,birmingham new street,nuneaton,Wednesday,anytime
0 days,birmingham new street,tamworth,Wednesday,anytime
0 days,birmingham new street,tamworth,Wednesday,anytime
0 days,london st pancras,birmingham new street,Wednesday,anytime
0 days,london st pancras,birmingham new street,Wednesday,anytime
0 days,london st pancras,birmingham new street,Wednesday,anytime
1 days,london euston,birmingham new street,Thursday,advance
1 days,manchester piccadilly,liverpool lime street,Thursday,advance
1 days,london euston,birmingham new street,Thursday,advance
1 days,london euston,birmingham new street,Thursday,advance
1 days,birmingham new street,manchester piccadilly,Thursday,advance
1 days,london kings cross,york,Thursday,advance
1 days,manchester piccadilly,liverpool lime street,Thursday,advance
0 days,london st pancras,leicester,Wednesday,anytime
0 days,manchester piccadilly,liverpool lime street,Wednesday,anytime
0 days,london st pancras,leicester,Wednesday,anytime
0 days,manchester piccadilly,liverpool lime street,Wednesday,anytime
1 days,london kings cross,york,Thursday,advance
0 days,london kings cross,liverpool lime street,Wednesday,off-peak
0 days,manchester piccadilly,liverpool lime street,Wednesday,off-peak
0 days,manchester piccadilly,sheffield,Wednesday,off-peak
1 days,liverpool lime street,london euston,Thursday,advance
0 days,london euston,birmingham new street,Wednesday,off-peak
0 days,london euston,birmingham new street,Wednesday,off-peak
1 days,london st pancras,leicester,Thursday,advance
1 days,manchester piccadilly,liverpool lime street,Thursday,advance
1 days,manchester piccadilly,liverpool lime street,Thursday,advance
1 days,london euston,birmingham new street,Thursday,advance
1 days,manchester piccadilly,liverpool lime street,Thursday,advance
1 days,london paddington,reading,Thursday,advance
1 days,london paddington,reading,Thursday,advance
1 days,manchester piccadilly,liverpool lime street,Thursday,advance
1 days,york,peterborough,Thursday,advance
1 days,london st pancras,birmingham new street,Thursday,advance
1 days,london st pancras,birmingham new street,Thursday,advance
1 days,london st pancras,birmingham new street,Thursday,advance
1 days,london st pancras,birmingham new street,Thursday,advance
1 days,london paddington,reading,Thursday,advance
1 days,london st pancras,birmingham new street,Thursday,advance
1 days,london kings cross,york,Thursday,advance
1 days,london paddington,reading,Thursday,advance
1 days,birmingham new street,stafford,Thursday,advance
1 days,birmingham new street,stafford,Thursday,advance
1 days,birmingham new street,stafford,Thursday,advance
1 days,london st pancras,birmingham new street,Thursday,advance
1 days,london kings cross,york,Thursday,advance
1 days,liverpool lime street,manchester piccadilly,Thursday,advance
1 days,manchester piccadilly,liverpool lime street,Thursday,advance
1 days,london paddington,reading,Thursday,advance
1 days,manchester piccadilly,liverpool lime street,Thursday,advance
1 days,london euston,birmingham new street,Thursday,advance
1 days,liverpool lime street,manchester piccadilly,Thursday,advance
1 days,london euston,birmingham new street,Thursday,advance
1 days,liverpool lime street,manchester piccadilly,Thursday,advance
1 days,london kings cross,york,Thursday,advance
1 days,liverpool lime street,manchester piccadilly,Thursday,advance
1 days,london kings cross,york,Thursday,advance
1 days,liverpool lime street,manchester piccadilly,Thursday,advance
1 days,london st pancras,birmingham new street,Thursday,advance
1 days,london st pancras,birmingham new street,Thursday,advance
1 days,london kings cross,york,Thursday,advance
0 days,liverpool lime street,manchester piccadilly,Thursday,off-peak
0 days,oxford,bristol temple meads,Thursday,off-peak
0 days,liverpool lime street,manchester piccadilly,Thursday,off-peak
2 days,london kings cross,edinburgh waverley,Saturday,advance
0 days,london paddington,reading,Thursday,off-peak
0 days,manchester piccadilly,nottingham,Thursday,off-peak
0 days,manchester piccadilly,nottingham,Thursday,off-peak
1 days,liverpool lime street,manchester piccadilly,Friday,advance
1 days,liverpool lime street,manchester piccadilly,Friday,advance
0 days,liverpool lime street,manchester piccadilly,Thursday,off-peak
1 days,london euston,birmingham new street,Friday,advance
0 days,york,durham,Thursday,off-peak
0 days,london paddington,reading,Thursday,off-peak
1 days,york,durham,Friday,advance
1 days,manchester piccadilly,london euston,Friday,advance
1 days,liverpool lime street,manchester piccadilly,Friday,advance
1 days,manchester piccadilly,liverpool lime street,Friday,advance
0 days,liverpool lime street,manchester piccadilly,Thursday,off-peak
0 days,manchester piccadilly,liverpool lime street,Thursday,off-peak
0 days,liverpool lime street,manchester piccadilly,Thursday,off-peak
0 days,manchester piccadilly,sheffield,Thursday,off-peak
0 days,london euston,birmingham new street,Thursday,off-peak
1 days,liverpool lime street,manchester piccadilly,Friday,advance
1 days,liverpool lime street,manchester piccadilly,Friday,advance
0 days,london kings cross,york,Thursday,off-peak
1 days,manchester piccadilly,london euston,Friday,advance
1 days,york,durham,Friday,advance
1 days,liverpool lime street,leeds,Friday,advance
1 days,manchester piccadilly,london paddington,Friday,advance
1 days,manchester piccadilly,london paddington,Friday,advance
1 days,manchester piccadilly,nottingham,Friday,advance
0 days,manchester piccadilly,sheffield,Thursday,off-peak
1 days,manchester piccadilly,nottingham,Friday,advance
0 days,london kings cross,york,Thursday,off-peak
0 days,london kings cross,liverpool lime street,Thursday,off-peak
0 days,manchester piccadilly,liverpool lime street,Thursday,off-peak
0 days,london st pancras,birmingham new street,Thursday,off-peak
0 days,liverpool lime street,manchester piccadilly,Thursday,off-peak
1 days,liverpool lime street,manchester piccadilly,Friday,advance
0 days,manchester piccadilly,liverpool lime street,Thursday,anytime
1 days,liverpool lime street,manchester piccadilly,Friday,advance
0 days,birmingham new street,london st pancras,Thursday,anytime
0 days,london st pancras,birmingham new street,Thursday,anytime
0 days,birmingham new street,london st pancras,Thursday,anytime
0 days,birmingham new street,london st pancras,Thursday,anytime
0 days,london paddington,reading,Thursday,anytime
1 days,london kings cross,york,Friday,advance
1 days,york,birmingham new street,Friday,advance
1 days,manchester piccadilly,liverpool lime street,Friday,advance
0 days,manchester piccadilly,liverpool lime street,Thursday,anytime
0 days,york,peterborough,Thursday,anytime
0 days,london euston,birmingham new street,Thursday,anytime
0 days,london st pancras,birmingham new street,Thursday,anytime
0 days,london kings cross,york,Thursday,anytime
0 days,london paddington,london waterloo,Thursday,anytime
0 days,reading,swindon,Thursday,anytime
0 days,london kings cross,york,Thursday,anytime
0 days,york,peterborough,Thursday,anytime
0 days,liverpool lime street,london euston,Thursday,anytime
0 days,birmingham new street,liverpool lime street,Thursday,anytime
1 days,london euston,manchester piccadilly,Friday,advance
0 days,liverpool lime street,london euston,Thursday,anytime
0 days,liverpool lime street,london euston,Thursday,anytime
0 days,liverpool lime street,london euston,Thursday,anytime
0 days,liverpool lime street,london euston,Thursday,anytime
1 days,manchester piccadilly,liverpool lime street,Friday,advance
0 days,liverpool lime street,london euston,Thursday,anytime
0 days,liverpool lime street,london euston,Thursday,anytime
0 days,liverpool lime street,london euston,Thursday,anytime
1 days,london euston,birmingham new street,Friday,advance
0 days,london euston,birmingham new street,Thursday,anytime
0 days,london paddington,reading,Thursday,anytime
0 days,london paddington,reading,Thursday,anytime
0 days,london paddington,reading,Thursday,anytime
0 days,london kings cross,york,Thursday,anytime
0 days,london paddington,oxford,Thursday,anytime
0 days,london paddington,reading,Thursday,anytime
0 days,london paddington,reading,Thursday,anytime
1 days,london paddington,reading,Friday,advance
0 days,london paddington,oxford,Thursday,anytime
0 days,london paddington,oxford,Thursday,anytime
1 days,manchester piccadilly,liverpool lime street,Friday,advance
1 days,manchester piccadilly,liverpool lime street,Friday,advance
0 days,london paddington,reading,Thursday,off-peak
0 days,manchester piccadilly,liverpool lime street,Thursday,off-peak
1 days,manchester piccadilly,liverpool lime street,Friday,advance
0 days,london kings cross,edinburgh waverley,Thursday,anytime
1 days,london paddington,reading,Friday,advance
1 days,london paddington,reading,Friday,advance
0 days,manchester piccadilly,liverpool lime street,Thursday,off-peak
1 days,manchester piccadilly,liverpool lime street,Friday,advance
1 days,london paddington,reading,Friday,advance
1 days,manchester piccadilly,liverpool lime street,Friday,advance
1 days,london kings cross,york,Friday,advance
1 days,manchester piccadilly,liverpool lime street,Friday,advance
1 days,london paddington,reading,Friday,advance
1 days,london euston,birmingham new street,Friday,advance
1 days,birmingham new street,london st pancras,Friday,advance
1 days,london paddington,oxford,Friday,advance
1 days,london paddington,reading,Friday,advance
1 days,london kings cross,york,Friday,advance
1 days,liverpool lime street,manchester piccadilly,Friday,advance
1 days,london st pancras,birmingham new street,Friday,advance
1 days,london paddington,reading,Friday,advance
1 days,london paddington,oxford,Friday,advance
1 days,london paddington,oxford,Friday,advance
0 days,london euston,birmingham new street,Thursday,off-peak
1 days,london paddington,reading,Friday,advance
1 days,london paddington,reading,Friday,advance
1 days,birmingham new street,london st pancras,Friday,advance
1 days,oxford,bristol temple meads,Friday,advance
1 days,london paddington,reading,Friday,advance
1 days,liverpool lime street,manchester piccadilly,Friday,advance
1 days,york,doncaster,Friday,advance
1 days,london kings cross,york,Friday,advance
1 days,reading,swindon,Friday,advance
1 days,london st pancras,birmingham new street,Friday,advance
1 days,liverpool lime street,london euston,Friday,advance
1 days,london st pancras,birmingham new street,Friday,advance
1 days,liverpool lime street,london euston,Friday,advance
1 days,liverpool lime street,london euston,Friday,advance
0 days,manchester piccadilly,sheffield,Thursday,off-peak
0 days,london st pancras,birmingham new street,Thursday,off-peak
1 days,london euston,birmingham new street,Friday,advance
1 days,london euston,birmingham new street,Friday,advance
0 days,london st pancras,birmingham new street,Thursday,off-peak
0 days,london st pancras,birmingham new street,Thursday,off-peak
1 days,london kings cross,york,Friday,advance
0 days,london euston,birmingham new street,Thursday,off-peak
1 days,london paddington,reading,Friday,advance
1 days,london euston,birmingham new street,Friday,advance
1 days,london kings cross,york,Friday,advance
0 days,liverpool lime street,manchester piccadilly,Thursday,off-peak
1 days,london paddington,reading,Friday,advance
0 days,birmingham new street,manchester piccadilly,Thursday,off-peak
1 days,liverpool lime street,manchester piccadilly,Friday,advance
1 days,manchester piccadilly,liverpool lime street,Friday,advance
1 days,manchester piccadilly,liverpool lime street,Friday,advance
1 days,london kings cross,york,Friday,advance
1 days,london kings cross,york,Friday,advance
0 days,london euston,birmingham new street,Thursday,off-peak
0 days,manchester piccadilly,liverpool lime street,Thursday,off-peak
1 days,london euston,birmingham new street,Friday,advance
1 days,london euston,birmingham new street,Friday,advance
0 days,london paddington,reading,Thursday,off-peak
1 days,london st pancras,birmingham new street,Friday,advance
1 days,london st pancras,birmingham new street,Friday,advance
0 days,york,edinburgh,Thursday,off-peak
0 days,london kings cross,york,Thursday,off-peak
0 days,london st pancras,birmingham new street,Thursday,off-peak
0 days,london paddington,reading,Thursday,off-peak
1 days,manchester piccadilly,liverpool lime street,Friday,advance
0 days,london paddington,reading,Thursday,off-peak
0 days,london euston,birmingham new street,Thursday,off-peak
0 days,london euston,birmingham new street,Thursday,off-peak
0 days,london euston,birmingham new street,Thursday,off-peak
0 days,york,edinburgh,Thursday,off-peak
0 days,london euston,birmingham new street,Thursday,anytime
0 days,london euston,birmingham new street,Thursday,anytime
0 days,manchester piccadilly,liverpool lime street,Thursday,anytime
1 days,london euston,birmingham new street,Friday,advance
1 days,london paddington,reading,Friday,advance
0 days,london kings cross,york,Thursday,anytime
1 days,london kings cross,york,Friday,advance
1 days,london paddington,reading,Friday,advance
0 days,london euston,birmingham new street,Thursday,anytime
1 days,liverpool lime street,manchester piccadilly,Friday,advance
1 days,london euston,birmingham new street,Friday,advance
0 days,manchester piccadilly,liverpool lime street,Thursday,anytime
0 days,manchester piccadilly,liverpool lime street,Thursday,anytime
0 days,manchester piccadilly,london euston,Thursday,off-peak
0 days,london euston,birmingham new street,Thursday,anytime
0 days,london paddington,reading,Thursday,anytime
0 days,liverpool lime street,leeds,Thursday,anytime
0 days,manchester piccadilly,liverpool lime street,Thursday,anytime
0 days,london kings cross,york,Thursday,anytime
0 days,birmingham new street,stafford,Thursday,anytime
0 days,london kings cross,york,Thursday,anytime
0 days,london kings cross,york,Thursday,anytime
0 days,birmingham new street,stafford,Thursday,anytime
0 days,london st pancras,birmingham new street,Thursday,anytime
0 days,london paddington,reading,Thursday,anytime
0 days,london euston,birmingham new street,Thursday,anytime
0 days,london euston,manchester piccadilly,Thursday,anytime
0 days,london paddington,reading,Thursday,anytime
0 days,london euston,birmingham new street,Thursday,anytime
0 days,birmingham new street,london paddington,Thursday,anytime
0 days,london st pancras,birmingham new street,Thursday,anytime
1 days,liverpool lime street,london euston,Friday,advance
0 days,liverpool lime street,london euston,Thursday,anytime
0 days,london euston,birmingham new street,Thursday,anytime
1 days,london paddington,reading,Friday,advance
1 days,london paddington,reading,Friday,advance
1 days,london paddington,reading,Friday,advance
1 days,london paddington,reading,Friday,advance
0 days,birmingham new street,york,Thursday,anytime
0 days,liverpool lime street,london euston,Thursday,anytime
1 days,london euston,birmingham new street,Friday,advance
0 days,london st pancras,birmingham new street,Thursday,anytime
0 days,london st pancras,birmingham new street,Thursday,anytime
0 days,liverpool lime street,crewe,Thursday,anytime
1 days,london kings cross,york,Friday,advance
0 days,london st pancras,birmingham new street,Thursday,anytime
0 days,london st pancras,birmingham new street,Thursday,anytime
0 days,london st pancras,birmingham new street,Thursday,anytime
1 days,manchester piccadilly,liverpool lime street,Friday,advance
1 days,london euston,birmingham new street,Friday,advance
0 days,london st pancras,birmingham new street,Thursday,off-peak
1 days,london euston,birmingham new street,Friday,advance
1 days,london kings cross,york,Friday,advance
1 days,london euston,birmingham new street,Friday,advance
1 days,manchester piccadilly,liverpool lime street,Friday,advance
1 days,london euston,birmingham new street,Friday,advance
1 days,london euston,birmingham new street,Friday,advance
1 days,london euston,birmingham new street,Friday,advance
1 days,manchester piccadilly,liverpool lime street,Friday,advance
1 days,london euston,birmingham new street,Friday,advance
1 days,london kings cross,liverpool lime street,Friday,advance
0 days,london st pancras,leicester,Thursday,anytime
0 days,london st pancras,leicester,Thursday,anytime
0 days,london st pancras,leicester,Thursday,anytime
0 days,manchester piccadilly,liverpool lime street,Thursday,anytime
0 days,london st pancras,leicester,Thursday,anytime
0 days,london kings cross,york,Thursday,off-peak
0 days,london paddington,reading,Thursday,off-peak
1 days,london kings cross,york,Friday,advance
1 days,london kings cross,york,Friday,advance
1 days,manchester piccadilly,liverpool lime street,Friday,advance
1 days,manchester piccadilly,liverpool lime street,Friday,advance
0 days,manchester piccadilly,liverpool lime street,Thursday,off-peak
0 days,manchester piccadilly,liverpool lime street,Thursday,off-peak
1 days,london euston,birmingham new street,Friday,advance
0 days,manchester piccadilly,liverpool lime street,Thursday,off-peak
0 days,london paddington,reading,Thursday,off-peak
0 days,london paddington,reading,Thursday,off-peak
0 days,london st pancras,birmingham new street,Thursday,off-peak
0 days,london euston,birmingham new street,Thursday,off-peak
1 days,manchester piccadilly,liverpool lime street,Friday,advance
1 days,london st pancras,birmingham new street,Friday,advance
1 days,manchester piccadilly,liverpool lime street,Friday,advance
1 days,manchester piccadilly,liverpool lime street,Friday,advance
0 days,london euston,birmingham new street,Thursday,off-peak
1 days,manchester piccadilly,liverpool lime street,Friday,advance
1 days,liverpool lime street,manchester piccadilly,Friday,advance
1 days,london euston,birmingham new street,Friday,advance
0 days,london paddington,reading,Thursday,off-peak
0 days,london paddington,reading,Thursday,off-peak
1 days,london st pancras,birmingham new street,Friday,advance
1 days,london kings cross,york,Friday,advance
1 days,london kings cross,york,Friday,advance
1 days,london st pancras,birmingham new street,Friday,advance
1 days,birmingham new street,nuneaton,Friday,advance
1 days,london euston,manchester piccadilly,Friday,advance
1 days,london st pancras,birmingham new street,Friday,advance
1 days,london st pancras,birmingham new street,Friday,advance
1 days,liverpool lime street,crewe,Friday,advance
1 days,liverpool lime street,crewe,Friday,advance
1 days,london st pancras,birmingham new street,Friday,advance
1 days,london kings cross,york,Friday,advance
0 days,liverpool lime street,leeds,Thursday,off-peak
0 days,london kings cross,york,Thursday,off-peak
0 days,london kings cross,york,Thursday,off-peak
1 days,london kings cross,york,Friday,advance
1 days,london kings cross,york,Friday,advance
1 days,liverpool lime street,manchester piccadilly,Friday,advance
1 days,manchester piccadilly,sheffield,Friday,advance
1 days,london st pancras,birmingham new street,Friday,advance
1 days,manchester piccadilly,liverpool lime street,Friday,advance
1 days,liverpool lime street,manchester piccadilly,Friday,advance
1 days,manchester piccadilly,liverpool lime street,Friday,advance
1 days,liverpool lime street,manchester piccadilly,Friday,advance
1 days,liverpool lime street,manchester piccadilly,Friday,advance
1 days,liverpool lime street,manchester piccadilly,Friday,advance
1 days,london st pancras,birmingham new street,Friday,advance
1 days,london kings cross,york,Friday,advance
1 days,birmingham new street,liverpool lime street,Friday,advance
1 days,london euston,birmingham new street,Saturday,advance
0 days,liverpool lime street,leeds,Friday,off-peak
0 days,liverpool lime street,manchester piccadilly,Friday,off-peak
0 days,manchester piccadilly,london euston,Friday,off-peak
0 days,manchester piccadilly,liverpool lime street,Friday,off-peak
0 days,london paddington,reading,Friday,off-peak
0 days,london euston,birmingham new street,Friday,off-peak
0 days,london euston,birmingham new street,Friday,off-peak
0 days,london paddington,reading,Friday,off-peak
1 days,london euston,birmingham new street,Saturday,advance
1 days,liverpool lime street,london euston,Saturday,advance
0 days,liverpool lime street,manchester piccadilly,Friday,off-peak
0 days,liverpool lime street,manchester piccadilly,Friday,off-peak
1 days,london kings cross,york,Saturday,advance
1 days,manchester piccadilly,liverpool lime street,Saturday,advance
1 days,liverpool lime street,manchester piccadilly,Saturday,advance
1 days,liverpool lime street,manchester piccadilly,Saturday,advance
0 days,manchester piccadilly,london euston,Friday,off-peak
0 days,birmingham new street,reading,Friday,off-peak
0 days,london kings cross,york,Friday,off-peak
0 days,london euston,birmingham new street,Friday,off-peak
1 days,liverpool lime street,manchester piccadilly,Saturday,advance
0 days,liverpool lime street,manchester piccadilly,Friday,off-peak
0 days,liverpool lime street,manchester piccadilly,Friday,off-peak
1 days,london paddington,reading,Saturday,advance
0 days,manchester piccadilly,london paddington,Friday,off-peak
0 days,london paddington,reading,Friday,off-peak
0 days,manchester piccadilly,liverpool lime street,Friday,off-peak
1 days,york,durham,Saturday,advance
1 days,london st pancras,birmingham new street,Saturday,advance
0 days,liverpool lime street,london euston,Friday,off-peak
0 days,london paddington,reading,Friday,off-peak
0 days,liverpool lime street,manchester piccadilly,Friday,off-peak
1 days,manchester piccadilly,liverpool lime street,Saturday,advance
0 days,liverpool lime street,london euston,Friday,off-peak
0 days,london paddington,reading,Friday,off-peak
0 days,manchester piccadilly,liverpool lime street,Friday,anytime
0 days,liverpool lime street,manchester piccadilly,Friday,anytime
0 days,manchester piccadilly,liverpool lime street,Friday,anytime
0 days,london kings cross,york,Friday,anytime
1 days,london paddington,reading,Saturday,advance
0 days,london kings cross,york,Friday,anytime
0 days,london kings cross,york,Friday,anytime
0 days,london kings cross,york,Friday,anytime
0 days,london kings cross,york,Friday,anytime
0 days,york,doncaster,Friday,anytime
1 days,london kings cross,york,Saturday,advance
0 days,london euston,birmingham new street,Friday,anytime
0 days,york,doncaster,Friday,anytime
0 days,london euston,birmingham new street,Friday,anytime
0 days,london euston,birmingham new street,Friday,anytime
0 days,york,doncaster,Friday,anytime
0 days,london euston,birmingham new street,Friday,anytime
0 days,york,doncaster,Friday,anytime
0 days,london euston,birmingham new street,Friday,anytime
1 days,manchester piccadilly,sheffield,Saturday,advance
1 days,london euston,birmingham new street,Saturday,advance
0 days,oxford,bristol temple meads,Friday,anytime
0 days,london paddington,reading,Friday,anytime
0 days,birmingham new street,london st pancras,Friday,anytime
0 days,london kings cross,york,Friday,off-peak
0 days,london euston,birmingham new street,Friday,anytime
1 days,london euston,birmingham new street,Saturday,advance
0 days,london euston,manchester piccadilly,Friday,anytime
0 days,london euston,manchester piccadilly,Friday,anytime
1 days,london euston,birmingham new street,Saturday,advance
0 days,liverpool lime street,crewe,Friday,anytime
0 days,reading,swindon,Friday,anytime
0 days,birmingham new street,london st pancras,Friday,anytime
0 days,london kings cross,york,Friday,anytime
0 days,liverpool lime street,london euston,Friday,anytime
0 days,london euston,manchester piccadilly,Friday,anytime
0 days,liverpool lime street,london euston,Friday,anytime
0 days,liverpool lime street,london euston,Friday,anytime
0 days,liverpool lime street,london euston,Friday,anytime
1 days,manchester piccadilly,sheffield,Saturday,advance
0 days,london euston,manchester piccadilly,Friday,anytime
0 days,london st pancras,birmingham new street,Friday,anytime
1 days,manchester piccadilly,sheffield,Saturday,advance
0 days,birmingham new street,london euston,Friday,anytime
0 days,liverpool lime street,london euston,Friday,anytime
0 days,london paddington,reading,Friday,anytime
0 days,london st pancras,birmingham new street,Friday,anytime
1 days,london euston,birmingham new street,Saturday,advance
1 days,london euston,manchester piccadilly,Saturday,advance
1 days,london st pancras,birmingham new street,Saturday,advance
1 days,manchester piccadilly,liverpool lime street,Saturday,advance
0 days,london paddington,reading,Friday,anytime
0 days,london paddington,reading,Friday,anytime
0 days,london paddington,oxford,Friday,anytime
0 days,london paddington,reading,Friday,anytime
0 days,london paddington,reading,Friday,anytime
0 days,london paddington,oxford,Friday,anytime
0 days,london paddington,oxford,Friday,anytime
0 days,london paddington,oxford,Friday,anytime
0 days,london paddington,oxford,Friday,anytime
0 days,manchester piccadilly,liverpool lime street,Friday,anytime
0 days,manchester piccadilly,leeds,Friday,off-peak
0 days,manchester piccadilly,liverpool lime street,Friday,off-peak
0 days,london kings cross,york,Friday,off-peak
1 days,london kings cross,york,Saturday,advance
0 days,london kings cross,edinburgh waverley,Friday,anytime
0 days,manchester piccadilly,liverpool lime street,Friday,off-peak
1 days,manchester piccadilly,liverpool lime street,Saturday,advance
1 days,london kings cross,york,Saturday,advance
0 days,london paddington,reading,Friday,off-peak
1 days,manchester piccadilly,liverpool lime street,Saturday,advance
1 days,reading,oxford,Saturday,advance
1 days,birmingham new street,london st pancras,Saturday,advance
1 days,london euston,birmingham new street,Saturday,advance
1 days,london st pancras,birmingham new street,Saturday,advance
1 days,manchester piccadilly,liverpool lime street,Saturday,advance
1 days,london euston,birmingham new street,Saturday,advance
0 days,manchester piccadilly,liverpool lime street,Friday,off-peak
1 days,london euston,birmingham new street,Saturday,advance
1 days,birmingham new street,london st pancras,Saturday,advance
1 days,london paddington,reading,Saturday,advance
1 days,london kings cross,york,Saturday,advance
1 days,london paddington,reading,Saturday,advance
1 days,london paddington,reading,Saturday,advance
0 days,london paddington,reading,Friday,off-peak
1 days,london kings cross,york,Saturday,advance
1 days,london paddington,reading,Saturday,advance
1 days,london kings cross,york,Saturday,advance
1 days,london kings cross,york,Saturday,advance
1 days,london paddington,reading,Saturday,advance
1 days,london paddington,oxford,Saturday,advance
1 days,manchester piccadilly,liverpool lime street,Saturday,advance
1 days,london st pancras,birmingham new street,Saturday,advance
1 days,liverpool lime street,manchester piccadilly,Saturday,advance
1 days,london kings cross,york,Saturday,advance
1 days,york,doncaster,Saturday,advance
1 days,reading,swindon,Saturday,advance
0 days,london st pancras,birmingham new street,Friday,off-peak
1 days,manchester piccadilly,london euston,Saturday,advance
1 days,london kings cross,york,Saturday,advance
1 days,liverpool lime street,london euston,Saturday,advance
0 days,liverpool lime street,manchester piccadilly,Friday,off-peak
1 days,london euston,birmingham new street,Saturday,advance
1 days,london paddington,reading,Saturday,advance
0 days,london st pancras,birmingham new street,Friday,off-peak
1 days,liverpool lime street,manchester piccadilly,Saturday,advance
1 days,london euston,birmingham new street,Saturday,advance
1 days,liverpool lime street,london paddington,Saturday,advance
1 days,london paddington,reading,Saturday,advance
1 days,manchester piccadilly,leeds,Saturday,advance
1 days,manchester piccadilly,liverpool lime street,Saturday,advance
1 days,manchester piccadilly,liverpool lime street,Saturday,advance
1 days,manchester piccadilly,liverpool lime street,Saturday,advance
0 days,london euston,birmingham new street,Friday,off-peak
1 days,manchester piccadilly,liverpool lime street,Saturday,advance
0 days,london paddington,reading,Friday,off-peak
0 days,london paddington,reading,Friday,off-peak
1 days,manchester piccadilly,liverpool lime street,Saturday,advance
0 days,london paddington,liverpool lime street,Friday,off-peak
1 days,manchester piccadilly,sheffield,Saturday,advance
0 days,london st pancras,birmingham new street,Friday,off-peak
1 days,york,edinburgh,Saturday,advance
1 days,london kings cross,york,Saturday,advance
1 days,liverpool lime street,manchester piccadilly,Saturday,advance
0 days,london st pancras,birmingham new street,Friday,off-peak
1 days,manchester piccadilly,liverpool lime street,Saturday,advance
1 days,london euston,birmingham new street,Saturday,advance
0 days,london euston,birmingham new street,Friday,off-peak
1 days,liverpool lime street,manchester piccadilly,Saturday,advance
0 days,london kings cross,york,Friday,off-peak
0 days,birmingham new street,liverpool lime street,Friday,off-peak
1 days,liverpool lime street,manchester piccadilly,Saturday,advance
1 days,liverpool lime street,manchester piccadilly,Saturday,advance
1 days,liverpool lime street,manchester piccadilly,Saturday,advance
1 days,york,edinburgh,Saturday,advance
0 days,london euston,birmingham new street,Friday,off-peak
0 days,london euston,birmingham new street,Friday,off-peak
0 days,london paddington,reading,Friday,off-peak
0 days,london kings cross,york,Friday,anytime
0 days,manchester piccadilly,liverpool lime street,Friday,anytime
0 days,manchester piccadilly,liverpool lime street,Friday,anytime
0 days,london kings cross,york,Friday,anytime
0 days,london euston,birmingham new street,Friday,anytime
0 days,liverpool lime street,manchester piccadilly,Friday,anytime
0 days,london euston,birmingham new street,Friday,anytime
0 days,liverpool lime street,manchester piccadilly,Friday,anytime
0 days,london euston,birmingham new street,Friday,anytime
1 days,london st pancras,birmingham new street,Saturday,advance
1 days,london euston,birmingham new street,Saturday,advance
1 days,manchester piccadilly,liverpool lime street,Saturday,advance
0 days,manchester piccadilly,liverpool lime street,Friday,anytime
1 days,manchester piccadilly,liverpool lime street,Saturday,advance
1 days,london paddington,reading,Saturday,advance
0 days,manchester piccadilly,london euston,Friday,off-peak
1 days,manchester piccadilly,liverpool lime street,Saturday,advance
0 days,manchester piccadilly,london kings cross,Friday,anytime
1 days,london paddington,reading,Saturday,advance
0 days,london kings cross,york,Friday,anytime
0 days,manchester piccadilly,liverpool lime street,Friday,anytime
0 days,london euston,birmingham new street,Friday,anytime
1 days,london paddington,reading,Saturday,advance
0 days,manchester piccadilly,liverpool lime street,Friday,anytime
0 days,london kings cross,york,Friday,anytime
0 days,manchester piccadilly,liverpool lime street,Friday,anytime
0 days,manchester piccadilly,liverpool lime street,Friday,anytime
1 days,birmingham new street,london euston,Saturday,advance
0 days,manchester piccadilly,liverpool lime street,Friday,anytime
0 days,london kings cross,york,Friday,anytime
1 days,london paddington,reading,Saturday,advance
0 days,london paddington,reading,Friday,anytime
0 days,liverpool lime street,manchester piccadilly,Friday,anytime
1 days,reading,london paddington,Saturday,advance
1 days,london euston,birmingham new street,Saturday,advance
0 days,london euston,birmingham new street,Friday,anytime
0 days,liverpool lime street,manchester piccadilly,Friday,anytime
0 days,london st pancras,birmingham new street,Friday,anytime
0 days,birmingham new street,coventry,Friday,anytime
1 days,london paddington,reading,Saturday,advance
0 days,reading,didcot,Friday,anytime
0 days,london euston,manchester piccadilly,Friday,anytime
0 days,london st pancras,birmingham new street,Friday,anytime
0 days,london paddington,reading,Friday,anytime
1 days,manchester piccadilly,liverpool lime street,Saturday,advance
0 days,london paddington,reading,Friday,off-peak
1 days,london euston,birmingham new street,Saturday,advance
0 days,london euston,birmingham new street,Friday,off-peak
1 days,london euston,birmingham new street,Saturday,advance
0 days,york,edinburgh,Friday,off-peak
1 days,london kings cross,york,Saturday,advance
1 days,london st pancras,birmingham new street,Saturday,advance
1 days,london euston,birmingham new street,Saturday,advance
1 days,london euston,birmingham new street,Saturday,advance
1 days,london kings cross,liverpool lime street,Saturday,advance
1 days,london paddington,reading,Saturday,advance
1 days,manchester piccadilly,liverpool lime street,Saturday,advance
1 days,birmingham new street,manchester piccadilly,Saturday,advance
0 days,manchester piccadilly,liverpool lime street,Friday,off-peak
1 days,birmingham new street,manchester piccadilly,Saturday,advance
0 days,manchester piccadilly,liverpool lime street,Friday,off-peak
0 days,london kings cross,york,Friday,off-peak
0 days,london kings cross,york,Friday,off-peak
0 days,manchester piccadilly,liverpool lime street,Friday,off-peak
1 days,london paddington,reading,Saturday,advance
1 days,liverpool lime street,london euston,Saturday,advance
1 days,liverpool lime street,sheffield,Saturday,advance
0 days,london st pancras,leicester,Friday,anytime
0 days,london euston,birmingham new street,Friday,off-peak
0 days,london paddington,reading,Friday,off-peak
0 days,liverpool lime street,manchester piccadilly,Friday,off-peak
0 days,london paddington,reading,Friday,off-peak
0 days,london kings cross,liverpool lime street,Friday,off-peak
0 days,manchester piccadilly,liverpool lime street,Friday,off-peak
0 days,liverpool lime street,manchester piccadilly,Friday,off-peak
1 days,manchester piccadilly,liverpool lime street,Saturday,advance
1 days,london st pancras,leicester,Saturday,advance
1 days,london st pancras,leicester,Saturday,advance
0 days,london st pancras,birmingham new street,Friday,off-peak
1 days,manchester piccadilly,liverpool lime street,Saturday,advance
1 days,liverpool lime street,manchester piccadilly,Saturday,advance
1 days,liverpool lime street,manchester piccadilly,Saturday,advance
0 days,liverpool lime street,manchester piccadilly,Friday,off-peak
1 days,london st pancras,birmingham new street,Saturday,advance
1 days,birmingham new street,tamworth,Saturday,advance
1 days,london st pancras,birmingham new street,Saturday,advance
1 days,london paddington,reading,Saturday,advance
1 days,london paddington,reading,Saturday,advance
1 days,birmingham new street,stafford,Saturday,advance
1 days,birmingham new street,wolverhampton,Saturday,advance
1 days,birmingham new street,london euston,Saturday,advance
1 days,london kings cross,york,Saturday,advance
1 days,london kings cross,york,Saturday,advance
0 days,liverpool lime street,leeds,Friday,off-peak
1 days,manchester piccadilly,liverpool lime street,Saturday,advance
0 days,london paddington,reading,Friday,off-peak
0 days,london kings cross,york,Friday,off-peak
0 days,london euston,birmingham new street,Friday,off-peak
0 days,london kings cross,york,Friday,off-peak
1 days,london kings cross,york,Saturday,advance
1 days,liverpool lime street,manchester piccadilly,Saturday,advance
1 days,london paddington,reading,Saturday,advance
1 days,london paddington,reading,Saturday,advance
1 days,manchester piccadilly,liverpool lime street,Saturday,advance
1 days,london paddington,reading,Saturday,advance
1 days,liverpool lime street,manchester piccadilly,Saturday,advance
1 days,london euston,birmingham new street,Saturday,advance
1 days,london euston,birmingham new street,Saturday,advance
1 days,liverpool lime street,manchester piccadilly,Saturday,advance
1 days,manchester piccadilly,liverpool lime street,Saturday,advance
1 days,liverpool lime street,manchester piccadilly,Saturday,advance
1 days,manchester piccadilly,london euston,Saturday,advance
1 days,liverpool lime street,manchester piccadilly,Saturday,advance
1 days,london euston,birmingham new street,Saturday,advance
1 days,london euston,manchester piccadilly,Saturday,advance
1 days,london kings cross,york,Saturday,advance
1 days,london kings cross,york,Saturday,advance
1 days,liverpool lime street,manchester piccadilly,Saturday,advance
1 days,london paddington,reading,Saturday,advance
1 days,liverpool lime street,manchester piccadilly,Saturday,advance
1 days,london kings cross,york,Saturday,advance
1 days,london kings cross,york,Saturday,advance
1 days,london euston,birmingham new street,Saturday,advance
1 days,london euston,manchester piccadilly,Saturday,advance
0 days,liverpool lime street,manchester piccadilly,Saturday,off-peak
0 days,london st pancras,birmingham new street,Saturday,off-peak
0 days,london kings cross,liverpool lime street,Saturday,off-peak
2 days,london kings cross,edinburgh waverley,Monday,advance
1 days,liverpool lime street,manchester piccadilly,Sunday,advance
2 days,london kings cross,edinburgh waverley,Monday,advance
0 days,london kings cross,york,Saturday,off-peak
0 days,liverpool lime street,manchester piccadilly,Saturday,off-peak
0 days,london euston,birmingham new street,Saturday,off-peak
0 days,liverpool lime street,manchester piccadilly,Saturday,off-peak
0 days,liverpool lime street,london euston,Saturday,off-peak
1 days,london st pancras,birmingham new street,Sunday,advance
1 days,london paddington,reading,Sunday,advance
0 days,london euston,birmingham new street,Saturday,off-peak
0 days,london st pancras,birmingham new street,Saturday,off-peak
1 days,london kings cross,york,Sunday,advance
0 days,liverpool lime street,manchester piccadilly,Saturday,off-peak
1 days,london paddington,reading,Sunday,advance
1 days,manchester piccadilly,liverpool lime street,Sunday,advance
1 days,york,durham,Sunday,advance
1 days,london st pancras,birmingham new street,Sunday,advance
1 days,manchester piccadilly,liverpool lime street,Sunday,advance
0 days,york,durham,Saturday,off-peak
0 days,manchester piccadilly,london euston,Saturday,off-peak
0 days,liverpool lime street,manchester piccadilly,Saturday,off-peak
1 days,london euston,birmingham new street,Sunday,advance
0 days,london paddington,reading,Saturday,off-peak
0 days,birmingham new street,london st pancras,Saturday,off-peak
0 days,liverpool lime street,manchester piccadilly,Saturday,off-peak
0 days,london kings cross,york,Saturday,off-peak
1 days,liverpool lime street,london euston,Sunday,advance
1 days,london kings cross,york,Sunday,advance
1 days,london paddington,reading,Sunday,advance
0 days,liverpool lime street,manchester piccadilly,Saturday,off-peak
1 days,london st pancras,birmingham new street,Sunday,advance
0 days,liverpool lime street,london euston,Saturday,off-peak
1 days,liverpool lime street,manchester piccadilly,Sunday,advance
0 days,london kings cross,york,Saturday,off-peak
0 days,manchester piccadilly,liverpool lime street,Saturday,off-peak
1 days,liverpool lime street,manchester piccadilly,Sunday,advance
1 days,london kings cross,york,Sunday,advance
1 days,liverpool lime street,manchester piccadilly,Sunday,advance
0 days,manchester piccadilly,liverpool lime street,Saturday,off-peak
0 days,london paddington,reading,Saturday,off-peak
0 days,london paddington,reading,Saturday,off-peak
0 days,birmingham new street,london st pancras,Saturday,off-peak
0 days,london euston,birmingham new street,Saturday,off-peak
0 days,london st pancras,birmingham new street,Saturday,off-peak
0 days,york,doncaster,Saturday,off-peak
1 days,manchester piccadilly,liverpool lime street,Sunday,advance
0 days,york,doncaster,Saturday,off-peak
0 days,london st pancras,wolverhampton,Saturday,off-peak
0 days,london st pancras,birmingham new street,Saturday,off-peak
0 days,liverpool lime street,manchester piccadilly,Saturday,off-peak
1 days,london euston,birmingham new street,Sunday,advance
1 days,london paddington,reading,Sunday,advance
0 days,london kings cross,york,Saturday,off-peak
0 days,london euston,birmingham new street,Saturday,off-peak
1 days,manchester piccadilly,liverpool lime street,Sunday,advance
0 days,london euston,manchester piccadilly,Saturday,off-peak
1 days,london kings cross,liverpool lime street,Sunday,advance
0 days,liverpool lime street,london euston,Saturday,off-peak
0 days,manchester piccadilly,london euston,Saturday,off-peak
0 days,liverpool lime street,london euston,Saturday,off-peak
0 days,liverpool lime street,london euston,Saturday,off-peak
1 days,london st pancras,birmingham new street,Sunday,advance
1 days,london kings cross,york,Sunday,advance
1 days,london kings cross,york,Sunday,advance
0 days,london euston,birmingham new street,Saturday,off-peak
0 days,london paddington,reading,Saturday,off-peak
0 days,london paddington,reading,Saturday,off-peak
0 days,london paddington,reading,Saturday,off-peak
0 days,london paddington,oxford,Saturday,off-peak
0 days,london paddington,reading,Saturday,off-peak
0 days,london paddington,oxford,Saturday,off-peak
0 days,london kings cross,york,Saturday,off-peak
0 days,london euston,birmingham new street,Saturday,off-peak
0 days,liverpool lime street,manchester piccadilly,Saturday,off-peak
0 days,london paddington,reading,Saturday,off-peak
0 days,london kings cross,edinburgh waverley,Saturday,off-peak
1 days,manchester piccadilly,liverpool lime street,Sunday,advance
1 days,london paddington,reading,Sunday,advance
0 days,london kings cross,edinburgh waverley,Saturday,off-peak
1 days,london paddington,reading,Sunday,advance
0 days,london kings cross,edinburgh waverley,Saturday,off-peak
0 days,liverpool lime street,manchester piccadilly,Saturday,off-peak
1 days,london kings cross,york,Sunday,advance
1 days,london paddington,reading,Sunday,advance
1 days,london kings cross,york,Sunday,advance
1 days,birmingham new street,london st pancras,Sunday,advance
1 days,york,doncaster,Sunday,advance
1 days,birmingham new street,london st pancras,Sunday,advance
0 days,manchester piccadilly,liverpool lime street,Saturday,off-peak
1 days,london euston,birmingham new street,Sunday,advance
1 days,manchester piccadilly,liverpool lime street,Sunday,advance
1 days,london euston,manchester piccadilly,Sunday,advance
0 days,london kings cross,york,Saturday,off-peak
1 days,birmingham new street,london st pancras,Sunday,advance
1 days,birmingham new street,london st pancras,Sunday,advance
1 days,london kings cross,york,Sunday,advance
1 days,london paddington,reading,Sunday,advance
1 days,london st pancras,wolverhampton,Sunday,advance
0 days,london euston,birmingham new street,Saturday,off-peak
1 days,london paddington,reading,Sunday,advance
1 days,liverpool lime street,manchester piccadilly,Sunday,advance
1 days,liverpool lime street,manchester piccadilly,Sunday,advance
1 days,london paddington,reading,Sunday,advance
1 days,manchester piccadilly,liverpool lime street,Sunday,advance
1 days,london paddington,oxford,Sunday,advance
1 days,london paddington,reading,Sunday,advance
0 days,london kings cross,york,Saturday,off-peak
1 days,london paddington,reading,Sunday,advance
1 days,york,peterborough,Sunday,advance
1 days,london kings cross,york,Sunday,advance
1 days,york,peterborough,Sunday,advance
1 days,london kings cross,york,Sunday,advance
1 days,liverpool lime street,manchester piccadilly,Sunday,advance
1 days,york,doncaster,Sunday,advance
0 days,manchester piccadilly,sheffield,Saturday,off-peak
1 days,london euston,birmingham new street,Sunday,advance
1 days,liverpool lime street,london euston,Sunday,advance
1 days,liverpool lime street,london euston,Sunday,advance
1 days,liverpool lime street,london euston,Sunday,advance
1 days,reading,birmingham new street,Sunday,advance
1 days,liverpool lime street,london euston,Sunday,advance
1 days,london kings cross,york,Sunday,advance
1 days,london euston,birmingham new street,Sunday,advance
1 days,manchester piccadilly,sheffield,Sunday,advance
1 days,london euston,birmingham new street,Sunday,advance
1 days,london euston,birmingham new street,Sunday,advance
0 days,london kings cross,york,Saturday,off-peak
1 days,london paddington,reading,Sunday,advance
0 days,london st pancras,birmingham new street,Saturday,off-peak
0 days,london st pancras,birmingham new street,Saturday,off-peak
0 days,reading,london paddington,Saturday,off-peak
1 days,london paddington,reading,Sunday,advance
0 days,birmingham new street,london st pancras,Saturday,off-peak
0 days,manchester piccadilly,liverpool lime street,Saturday,off-peak
1 days,manchester piccadilly,leeds,Sunday,advance
1 days,liverpool lime street,manchester piccadilly,Sunday,advance
1 days,manchester piccadilly,liverpool lime street,Sunday,advance
0 days,liverpool lime street,manchester piccadilly,Saturday,off-peak
1 days,london paddington,reading,Sunday,advance
0 days,liverpool lime street,manchester piccadilly,Saturday,off-peak
1 days,london st pancras,birmingham new street,Sunday,advance
1 days,london kings cross,york,Sunday,advance
0 days,manchester piccadilly,liverpool lime street,Saturday,off-peak
0 days,reading,london paddington,Saturday,off-peak
0 days,london kings cross,york,Saturday,off-peak
0 days,london euston,manchester piccadilly,Saturday,off-peak
0 days,manchester piccadilly,london paddington,Saturday,off-peak
0 days,london paddington,reading,Saturday,off-peak
1 days,manchester piccadilly,liverpool lime street,Sunday,advance
1 days,london st pancras,birmingham new street,Sunday,advance
1 days,london st pancras,birmingham new street,Sunday,advance
1 days,manchester piccadilly,liverpool lime street,Sunday,advance
1 days,london st pancras,birmingham new street,Sunday,advance
0 days,london st pancras,birmingham new street,Saturday,off-peak
1 days,london paddington,reading,Sunday,advance
1 days,london st pancras,birmingham new street,Sunday,advance
0 days,london paddington,reading,Saturday,off-peak
0 days,london paddington,reading,Saturday,off-peak
0 days,london paddington,reading,Saturday,off-peak
0 days,london euston,birmingham new street,Saturday,off-peak
0 days,london euston,birmingham new street,Saturday,off-peak
0 days,london euston,birmingham new street,Saturday,off-peak
0 days,london st pancras,birmingham new street,Saturday,off-peak
0 days,manchester piccadilly,liverpool lime street,Saturday,off-peak
0 days,london st pancras,birmingham new street,Saturday,off-peak
0 days,york,peterborough,Saturday,off-peak
1 days,london kings cross,york,Sunday,advance
1 days,manchester piccadilly,liverpool lime street,Sunday,advance
0 days,london euston,birmingham new street,Saturday,off-peak
0 days,london paddington,reading,Saturday,off-peak
0 days,london euston,birmingham new street,Saturday,off-peak
0 days,birmingham new street,manchester piccadilly,Saturday,off-peak
1 days,london euston,birmingham new street,Sunday,advance
0 days,london kings cross,york,Saturday,off-peak
0 days,london kings cross,york,Saturday,off-peak
0 days,birmingham new street,stafford,Saturday,off-peak
0 days,london kings cross,york,Saturday,off-peak
0 days,london kings cross,york,Saturday,off-peak
0 days,london kings cross,york,Saturday,off-peak
1 days,london st pancras,birmingham new street,Sunday,advance
0 days,manchester piccadilly,liverpool lime street,Saturday,off-peak
0 days,manchester piccadilly,liverpool lime street,Saturday,off-peak
1 days,london st pancras,birmingham new street,Sunday,advance
1 days,london kings cross,york,Sunday,advance
1 days,london kings cross,york,Sunday,advance
0 days,london st pancras,birmingham new street,Saturday,off-peak
1 days,london paddington,reading,Sunday,advance
1 days,london st pancras,birmingham new street,Sunday,advance
1 days,manchester piccadilly,liverpool lime street,Sunday,advance
1 days,london paddington,reading,Sunday,advance
1 days,london euston,birmingham new street,Sunday,advance
1 days,london paddington,reading,Sunday,advance
0 days,manchester piccadilly,london euston,Saturday,off-peak
1 days,london st pancras,birmingham new street,Sunday,advance
1 days,london euston,birmingham new street,Sunday,advance
1 days,london euston,birmingham new street,Sunday,advance
0 days,london kings cross,york,Saturday,off-peak
0 days,london paddington,reading,Saturday,off-peak
0 days,birmingham new street,tamworth,Saturday,off-peak
1 days,birmingham new street,liverpool lime street,Sunday,advance
0 days,birmingham new street,wolverhampton,Saturday,anytime
1 days,london st pancras,birmingham new street,Sunday,advance
0 days,liverpool lime street,crewe,Saturday,off-peak
1 days,london st pancras,birmingham new street,Sunday,advance
1 days,london euston,birmingham new street,Sunday,advance
1 days,london euston,birmingham new street,Sunday,advance
1 days,london euston,birmingham new street,Sunday,advance
0 days,london st pancras,birmingham new street,Saturday,off-peak
1 days,london kings cross,york,Sunday,advance
1 days,london euston,birmingham new street,Sunday,advance
0 days,london st pancras,leicester,Saturday,off-peak
0 days,manchester piccadilly,liverpool lime street,Saturday,off-peak
1 days,london kings cross,york,Sunday,advance
0 days,london paddington,reading,Saturday,off-peak
1 days,london euston,manchester piccadilly,Sunday,advance
1 days,liverpool lime street,manchester piccadilly,Sunday,advance
1 days,liverpool lime street,manchester piccadilly,Sunday,advance
1 days,london euston,birmingham new street,Sunday,advance
0 days,liverpool lime street,manchester piccadilly,Saturday,off-peak
0 days,london euston,manchester piccadilly,Saturday,off-peak
1 days,manchester piccadilly,liverpool lime street,Sunday,advance
1 days,london kings cross,york,Sunday,advance
0 days,london st pancras,birmingham new street,Saturday,off-peak
1 days,manchester piccadilly,liverpool lime street,Sunday,advance
1 days,london euston,birmingham new street,Sunday,advance
1 days,london st pancras,leicester,Sunday,advance
1 days,london st pancras,leicester,Sunday,advance
1 days,london st pancras,leicester,Sunday,advance
1 days,london euston,birmingham new street,Sunday,advance
1 days,london euston,birmingham new street,Sunday,advance
1 days,manchester piccadilly,liverpool lime street,Sunday,advance
0 days,london euston,birmingham new street,Saturday,off-peak
0 days,london paddington,reading,Saturday,off-peak
1 days,liverpool lime street,manchester piccadilly,Sunday,advance
1 days,london euston,birmingham new street,Sunday,advance
1 days,liverpool lime street,manchester piccadilly,Sunday,advance
1 days,liverpool lime street,crewe,Sunday,advance
1 days,london st pancras,birmingham new street,Sunday,advance
1 days,london st pancras,birmingham new street,Sunday,advance
1 days,london st pancras,birmingham new street,Sunday,advance
1 days,london kings cross,york,Sunday,advance
1 days,london st pancras,birmingham new street,Sunday,advance
1 days,london st pancras,birmingham new street,Sunday,advance
1 days,london kings cross,york,Sunday,advance
1 days,london kings cross,york,Sunday,advance
1 days,london paddington,reading,Sunday,advance
1 days,birmingham new street,stafford,Sunday,advance
1 days,birmingham new street,tamworth,Sunday,advance
1 days,london st pancras,birmingham new street,Sunday,advance
1 days,london kings cross,york,Sunday,advance
1 days,liverpool lime street,crewe,Sunday,advance
1 days,london kings cross,york,Sunday,advance
0 days,london paddington,reading,Saturday,off-peak
0 days,london kings cross,york,Saturday,off-peak
0 days,birmingham new street,liverpool lime street,Saturday,off-peak
1 days,manchester piccadilly,liverpool lime street,Sunday,advance
1 days,london paddington,reading,Sunday,advance
1 days,london paddington,reading,Sunday,advance
1 days,london paddington,reading,Sunday,advance
1 days,london euston,birmingham new street,Sunday,advance
1 days,manchester piccadilly,liverpool lime street,Sunday,advance
1 days,manchester piccadilly,liverpool lime street,Sunday,advance
1 days,london euston,birmingham new street,Sunday,advance
1 days,london st pancras,birmingham new street,Sunday,advance
1 days,liverpool lime street,manchester piccadilly,Sunday,advance
1 days,manchester piccadilly,liverpool lime street,Sunday,advance
1 days,liverpool lime street,manchester piccadilly,Sunday,advance
1 days,liverpool lime street,manchester piccadilly,Sunday,advance
1 days,london st pancras,birmingham new street,Sunday,advance
1 days,london paddington,reading,Sunday,advance
1 days,london euston,manchester piccadilly,Sunday,advance
1 days,london euston,manchester piccadilly,Sunday,advance
1 days,london euston,birmingham new street,Sunday,advance
1 days,london kings cross,york,Sunday,advance
1 days,oxford,bristol temple meads,Monday,advance
1 days,london st pancras,birmingham new street,Monday,advance
1 days,london euston,birmingham new street,Monday,advance
1 days,london paddington,reading,Monday,advance
2 days,london kings cross,edinburgh waverley,Tuesday,advance
0 days,manchester piccadilly,nottingham,Sunday,off-peak
0 days,london paddington,reading,Sunday,off-peak
0 days,london euston,birmingham new street,Sunday,off-peak
0 days,london euston,birmingham new street,Sunday,off-peak
1 days,london paddington,reading,Monday,advance
0 days,london paddington,reading,Sunday,off-peak
0 days,london euston,birmingham new street,Sunday,off-peak
0 days,liverpool lime street,manchester piccadilly,Sunday,off-peak
0 days,manchester piccadilly,liverpool lime street,Sunday,off-peak
0 days,liverpool lime street,manchester piccadilly,Sunday,off-peak
1 days,london euston,birmingham new street,Monday,advance
0 days,york,durham,Sunday,off-peak
0 days,london euston,birmingham new street,Sunday,off-peak
0 days,manchester piccadilly,liverpool lime street,Sunday,off-peak
0 days,london kings cross,york,Sunday,off-peak
0 days,liverpool lime street,london paddington,Sunday,off-peak
1 days,london st pancras,birmingham new street,Monday,advance
1 days,manchester piccadilly,liverpool lime street,Monday,advance
1 days,manchester piccadilly,liverpool lime street,Monday,advance
0 days,london paddington,reading,Sunday,off-peak
0 days,london paddington,reading,Sunday,off-peak
1 days,liverpool lime street,manchester piccadilly,Monday,advance
0 days,london kings cross,york,Sunday,off-peak
0 days,london kings cross,york,Sunday,off-peak
1 days,london paddington,reading,Monday,advance
1 days,london kings cross,york,Monday,advance
1 days,manchester piccadilly,liverpool lime street,Monday,advance
0 days,london euston,birmingham new street,Sunday,off-peak
0 days,london euston,birmingham new street,Sunday,off-peak
0 days,london st pancras,birmingham new street,Sunday,off-peak
0 days,birmingham new street,london st pancras,Sunday,off-peak
0 days,london paddington,reading,Sunday,off-peak
1 days,oxford,bristol temple meads,Monday,advance
1 days,london kings cross,york,Monday,advance
1 days,liverpool lime street,manchester piccadilly,Monday,advance
1 days,london paddington,reading,Monday,advance
1 days,liverpool lime street,manchester piccadilly,Monday,advance
1 days,london euston,birmingham new street,Monday,advance
0 days,birmingham new street,london st pancras,Sunday,off-peak
1 days,london kings cross,york,Monday,advance
0 days,london kings cross,york,Sunday,off-peak
0 days,london kings cross,york,Sunday,off-peak
0 days,london euston,birmingham new street,Sunday,off-peak
0 days,birmingham new street,london st pancras,Sunday,off-peak
0 days,birmingham new street,london st pancras,Sunday,off-peak
0 days,london st pancras,birmingham new street,Sunday,off-peak
0 days,london kings cross,york,Sunday,off-peak
0 days,manchester piccadilly,liverpool lime street,Sunday,off-peak
0 days,london st pancras,birmingham new street,Sunday,off-peak
0 days,birmingham new street,london st pancras,Sunday,off-peak
0 days,london euston,birmingham new street,Sunday,off-peak
0 days,london st pancras,birmingham new street,Sunday,off-peak
0 days,liverpool lime street,manchester piccadilly,Sunday,off-peak
1 days,london paddington,reading,Monday,advance
0 days,birmingham new street,london st pancras,Sunday,off-peak
1 days,london euston,birmingham new street,Monday,advance
1 days,london st pancras,birmingham new street,Monday,advance
0 days,manchester piccadilly,liverpool lime street,Sunday,off-peak
0 days,london kings cross,york,Sunday,off-peak
0 days,london kings cross,york,Sunday,off-peak
0 days,london kings cross,york,Sunday,off-peak
1 days,birmingham new street,london st pancras,Monday,advance
0 days,liverpool lime street,london euston,Sunday,off-peak
0 days,liverpool lime street,london euston,Sunday,off-peak
0 days,manchester piccadilly,liverpool lime street,Sunday,off-peak
1 days,london st pancras,birmingham new street,Monday,advance
1 days,london kings cross,liverpool lime street,Monday,advance
1 days,london kings cross,york,Monday,advance
1 days,manchester piccadilly,liverpool lime street,Monday,advance
1 days,london euston,birmingham new street,Monday,advance
0 days,london kings cross,york,Sunday,off-peak
0 days,london st pancras,birmingham new street,Sunday,off-peak
0 days,london kings cross,york,Sunday,off-peak
0 days,london euston,birmingham new street,Sunday,off-peak
0 days,manchester piccadilly,leeds,Sunday,off-peak
0 days,manchester piccadilly,leeds,Sunday,off-peak
1 days,manchester piccadilly,liverpool lime street,Monday,advance
1 days,london paddington,reading,Monday,advance
1 days,london paddington,reading,Monday,advance
0 days,manchester piccadilly,liverpool lime street,Sunday,off-peak
1 days,london kings cross,york,Monday,advance
1 days,london st pancras,birmingham new street,Monday,advance
1 days,london euston,birmingham new street,Monday,advance
1 days,london euston,manchester piccadilly,Monday,advance
1 days,birmingham new street,london kings cross,Monday,advance
1 days,london euston,manchester piccadilly,Monday,advance
1 days,birmingham new street,london euston,Monday,advance
1 days,birmingham new street,london st pancras,Monday,advance
1 days,manchester piccadilly,liverpool lime street,Monday,advance
1 days,liverpool lime street,manchester piccadilly,Monday,advance
1 days,london paddington,reading,Monday,advance
0 days,london euston,birmingham new street,Sunday,off-peak
1 days,liverpool lime street,manchester piccadilly,Monday,advance
1 days,london paddington,reading,Monday,advance
0 days,manchester piccadilly,liverpool lime street,Sunday,off-peak
1 days,london euston,birmingham new street,Monday,advance
1 days,liverpool lime street,manchester piccadilly,Monday,advance
1 days,birmingham new street,london st pancras,Monday,advance
1 days,london euston,birmingham new street,Monday,advance
1 days,reading,swindon,Monday,advance
1 days,london kings cross,york,Monday,advance
1 days,london euston,manchester piccadilly,Monday,advance
1 days,liverpool lime street,london euston,Monday,advance
1 days,london euston,manchester piccadilly,Monday,advance
1 days,london paddington,reading,Monday,advance
0 days,manchester piccadilly,liverpool lime street,Sunday,off-peak
1 days,liverpool lime street,london euston,Monday,advance
1 days,liverpool lime street,london euston,Monday,advance
1 days,london euston,manchester piccadilly,Monday,advance
1 days,reading,oxford,Monday,advance
0 days,liverpool lime street,manchester piccadilly,Sunday,off-peak
1 days,liverpool lime street,manchester piccadilly,Monday,advance
1 days,liverpool lime street,manchester piccadilly,Monday,advance
1 days,york,leeds,Monday,advance
1 days,london paddington,reading,Monday,advance
1 days,london paddington,reading,Monday,advance
1 days,london paddington,reading,Monday,advance
1 days,manchester piccadilly,leeds,Monday,advance
1 days,london paddington,reading,Monday,advance
1 days,manchester piccadilly,liverpool lime street,Monday,advance
0 days,birmingham new street,manchester piccadilly,Sunday,off-peak
0 days,london euston,birmingham new street,Sunday,off-peak
0 days,liverpool lime street,manchester piccadilly,Sunday,off-peak
0 days,london paddington,reading,Sunday,off-peak
0 days,london paddington,reading,Sunday,off-peak
0 days,york,edinburgh waverley,Sunday,off-peak
0 days,london kings cross,york,Sunday,off-peak
0 days,london kings cross,york,Sunday,off-peak
0 days,london st pancras,birmingham new street,Sunday,off-peak
1 days,manchester piccadilly,liverpool lime street,Monday,advance
1 days,london kings cross,york,Monday,advance
0 days,manchester piccadilly,liverpool lime street,Sunday,off-peak
1 days,liverpool lime street,manchester piccadilly,Monday,advance
0 days,reading,london paddington,Sunday,off-peak
0 days,manchester piccadilly,london paddington,Sunday,off-peak
1 days,manchester piccadilly,liverpool lime street,Monday,advance
1 days,london st pancras,birmingham new street,Monday,advance
1 days,london st pancras,birmingham new street,Monday,advance
0 days,manchester piccadilly,liverpool lime street,Sunday,off-peak
1 days,liverpool lime street,manchester piccadilly,Monday,advance
1 days,london kings cross,york,Monday,advance
0 days,london euston,birmingham new street,Sunday,off-peak
0 days,london euston,birmingham new street,Sunday,off-peak
1 days,manchester piccadilly,liverpool lime street,Monday,advance
0 days,london euston,birmingham new street,Sunday,off-peak
1 days,london kings cross,york,Monday,advance
1 days,liverpool lime street,manchester piccadilly,Monday,advance
0 days,london euston,birmingham new street,Sunday,off-peak
0 days,london euston,birmingham new street,Sunday,off-peak
0 days,liverpool lime street,manchester piccadilly,Sunday,off-peak
1 days,london st pancras,birmingham new street,Monday,advance
1 days,london euston,birmingham new street,Monday,advance
0 days,london euston,birmingham new street,Sunday,off-peak
1 days,manchester piccadilly,liverpool lime street,Monday,advance
1 days,liverpool lime street,manchester piccadilly,Monday,advance
1 days,london euston,birmingham new street,Monday,advance
1 days,manchester piccadilly,sheffield,Monday,advance
0 days,birmingham new street,stafford,Sunday,off-peak
0 days,london paddington,reading,Sunday,off-peak
0 days,london kings cross,york,Sunday,off-peak
0 days,reading,swindon,Sunday,off-peak
0 days,london kings cross,york,Sunday,off-peak
0 days,liverpool lime street,london euston,Sunday,off-peak
1 days,london paddington,reading,Monday,advance
1 days,london st pancras,birmingham new street,Monday,advance
0 days,liverpool lime street,manchester piccadilly,Sunday,off-peak
0 days,london st pancras,birmingham new street,Sunday,off-peak
1 days,london paddington,reading,Monday,advance
0 days,reading,london paddington,Sunday,off-peak
1 days,oxford,bristol temple meads,Monday,advance
0 days,london kings cross,york,Sunday,off-peak
0 days,liverpool lime street,manchester piccadilly,Sunday,off-peak
1 days,manchester piccadilly,liverpool lime street,Monday,advance
0 days,manchester piccadilly,liverpool lime street,Sunday,off-peak
0 days,london euston,birmingham new street,Sunday,off-peak
0 days,london euston,birmingham new street,Sunday,off-peak
1 days,manchester piccadilly,liverpool lime street,Monday,advance
0 days,london euston,birmingham new street,Sunday,off-peak
1 days,london paddington,reading,Monday,advance
1 days,london paddington,reading,Monday,advance
1 days,london st pancras,birmingham new street,Monday,advance
1 days,london paddington,reading,Monday,advance
1 days,london euston,birmingham new street,Monday,advance
1 days,london euston,birmingham new street,Monday,advance
0 days,manchester piccadilly,london euston,Sunday,off-peak
0 days,london euston,manchester piccadilly,Sunday,off-peak
0 days,birmingham new street,nuneaton,Sunday,off-peak
0 days,liverpool lime street,crewe,Sunday,off-peak
0 days,birmingham new street,tamworth,Sunday,off-peak
0 days,london st pancras,birmingham new street,Sunday,off-peak
1 days,manchester piccadilly,liverpool lime street,Monday,advance
0 days,birmingham new street,wolverhampton,Sunday,anytime
0 days,london st pancras,birmingham new street,Sunday,off-peak
0 days,birmingham new street,tamworth,Sunday,off-peak
0 days,london st pancras,birmingham new street,Sunday,off-peak
0 days,london euston,manchester piccadilly,Sunday,off-peak
0 days,london st pancras,birmingham new street,Sunday,off-peak
0 days,birmingham new street,tamworth,Sunday,off-peak
1 days,manchester piccadilly,liverpool lime street,Monday,advance
1 days,london euston,birmingham new street,Monday,advance
1 days,london euston,birmingham new street,Monday,advance
1 days,london euston,birmingham new street,Monday,advance
1 days,london euston,birmingham new street,Monday,advance
1 days,manchester piccadilly,liverpool lime street,Monday,advance
1 days,london euston,birmingham new street,Monday,advance
0 days,liverpool lime street,leeds,Sunday,off-peak
1 days,london kings cross,york,Monday,advance
0 days,london st pancras,birmingham new street,Sunday,off-peak
1 days,london kings cross,york,Monday,advance
0 days,manchester piccadilly,liverpool lime street,Sunday,off-peak
1 days,london euston,birmingham new street,Monday,advance
1 days,manchester piccadilly,liverpool lime street,Monday,advance
0 days,manchester piccadilly,liverpool lime street,Sunday,off-peak
0 days,manchester piccadilly,liverpool lime street,Sunday,off-peak
1 days,london paddington,reading,Monday,advance
1 days,manchester piccadilly,london euston,Monday,advance
0 days,london st pancras,leicester,Sunday,off-peak
0 days,london paddington,reading,Sunday,off-peak
1 days,london euston,birmingham new street,Monday,advance
0 days,manchester piccadilly,liverpool lime street,Sunday,off-peak
0 days,liverpool lime street,manchester piccadilly,Sunday,off-peak
1 days,london euston,birmingham new street,Monday,advance
1 days,london kings cross,york,Monday,advance
1 days,manchester piccadilly,liverpool lime street,Monday,advance
1 days,birmingham new street,tamworth,Monday,advance
1 days,london euston,birmingham new street,Monday,advance
0 days,london euston,birmingham new street,Sunday,off-peak
0 days,london paddington,reading,Sunday,off-peak
0 days,london paddington,reading,Sunday,off-peak
0 days,london kings cross,york,Sunday,off-peak
1 days,london paddington,reading,Monday,advance
0 days,london paddington,reading,Sunday,off-peak
1 days,birmingham new street,york,Monday,advance
1 days,manchester piccadilly,liverpool lime street,Monday,advance
1 days,london st pancras,birmingham new street,Monday,advance
1 days,london st pancras,birmingham new street,Monday,advance
1 days,manchester piccadilly,liverpool lime street,Monday,advance
1 days,birmingham new street,nuneaton,Monday,advance
1 days,birmingham new street,london euston,Monday,advance
1 days,london kings cross,york,Monday,advance
1 days,london st pancras,birmingham new street,Monday,advance
1 days,london st pancras,birmingham new street,Monday,advance
1 days,london kings cross,york,Monday,advance
1 days,london st pancras,birmingham new street,Monday,advance
0 days,london euston,birmingham new street,Sunday,off-peak
0 days,london euston,birmingham new street,Sunday,off-peak
1 days,manchester piccadilly,liverpool lime street,Monday,advance
0 days,london euston,manchester piccadilly,Sunday,off-peak
0 days,london euston,birmingham new street,Sunday,off-peak
1 days,liverpool lime street,manchester piccadilly,Monday,advance
0 days,london kings cross,york,Sunday,off-peak
0 days,london euston,birmingham new street,Sunday,off-peak
1 days,london paddington,reading,Monday,advance
1 days,london paddington,reading,Monday,advance
1 days,manchester piccadilly,liverpool lime street,Monday,advance
1 days,manchester piccadilly,liverpool lime street,Monday,advance
1 days,manchester piccadilly,liverpool lime street,Monday,advance
1 days,liverpool lime street,manchester piccadilly,Monday,advance
1 days,manchester piccadilly,liverpool lime street,Monday,advance
1 days,manchester piccadilly,liverpool lime street,Monday,advance
1 days,liverpool lime street,manchester piccadilly,Monday,advance
1 days,london paddington,reading,Monday,advance
1 days,liverpool lime street,manchester piccadilly,Monday,advance
1 days,london kings cross,york,Monday,advance
1 days,london paddington,reading,Monday,advance
0 days,manchester piccadilly,london euston,Monday,off-peak
0 days,london paddington,reading,Monday,off-peak
0 days,manchester piccadilly,nottingham,Monday,off-peak
0 days,manchester piccadilly,nottingham,Monday,off-peak
1 days,liverpool lime street,manchester piccadilly,Tuesday,advance
1 days,london euston,birmingham new street,Tuesday,advance
0 days,york,durham,Monday,off-peak
1 days,york,durham,Tuesday,advance
0 days,liverpool lime street,manchester piccadilly,Monday,off-peak
0 days,reading,london paddington,Monday,off-peak
1 days,york,durham,Tuesday,advance
1 days,liverpool lime street,manchester piccadilly,Tuesday,advance
0 days,liverpool lime street,manchester piccadilly,Monday,off-peak
1 days,manchester piccadilly,liverpool lime street,Tuesday,advance
0 days,london euston,birmingham new street,Monday,off-peak
0 days,london euston,birmingham new street,Monday,off-peak
1 days,manchester piccadilly,liverpool lime street,Tuesday,advance
0 days,manchester piccadilly,london paddington,Monday,off-peak
0 days,birmingham new street,london st pancras,Monday,off-peak
1 days,liverpool lime street,manchester piccadilly,Tuesday,advance
0 days,liverpool lime street,manchester piccadilly,Monday,off-peak
0 days,london st pancras,birmingham new street,Monday,off-peak
1 days,manchester piccadilly,london euston,Tuesday,advance
1 days,york,durham,Tuesday,advance
1 days,manchester piccadilly,london euston,Tuesday,advance
0 days,london kings cross,york,Monday,off-peak
0 days,london kings cross,liverpool lime street,Monday,off-peak
0 days,birmingham new street,london st pancras,Monday,off-peak
0 days,london paddington,reading,Monday,off-peak
0 days,manchester piccadilly,liverpool lime street,Monday,off-peak
0 days,liverpool lime street,london euston,Monday,off-peak
0 days,manchester piccadilly,liverpool lime street,Monday,anytime
0 days,manchester piccadilly,liverpool lime street,Monday,anytime
0 days,manchester piccadilly,liverpool lime street,Monday,anytime
0 days,manchester piccadilly,liverpool lime street,Monday,anytime
0 days,london kings cross,york,Monday,anytime
0 days,london paddington,reading,Monday,anytime
1 days,liverpool lime street,manchester piccadilly,Tuesday,advance
0 days,birmingham new street,london st pancras,Monday,anytime
0 days,london euston,birmingham new street,Monday,anytime
0 days,london kings cross,york,Monday,anytime
1 days,manchester piccadilly,london euston,Tuesday,advance
0 days,reading,london paddington,Monday,anytime
0 days,birmingham new street,london st pancras,Monday,anytime
1 days,manchester piccadilly,london euston,Tuesday,advance
0 days,birmingham new street,stafford,Monday,anytime
1 days,london euston,birmingham new street,Tuesday,advance
0 days,london st pancras,birmingham new street,Monday,anytime
0 days,london st pancras,birmingham new street,Monday,anytime
0 days,liverpool lime street,manchester piccadilly,Monday,anytime
0 days,london paddington,reading,Monday,anytime
1 days,london kings cross,york,Tuesday,advance
1 days,london euston,birmingham new street,Tuesday,advance
1 days,london euston,birmingham new street,Tuesday,advance
1 days,liverpool lime street,manchester piccadilly,Tuesday,advance
0 days,reading,swindon,Monday,anytime
1 days,london st pancras,birmingham new street,Tuesday,advance
0 days,london kings cross,york,Monday,anytime
0 days,reading,swindon,Monday,anytime
0 days,liverpool lime street,crewe,Monday,anytime
0 days,reading,swindon,Monday,anytime
1 days,birmingham new street,london st pancras,Tuesday,advance
0 days,reading,swindon,Monday,anytime
0 days,london kings cross,york,Monday,anytime
0 days,london euston,birmingham new street,Monday,anytime
0 days,manchester piccadilly,london euston,Monday,anytime
0 days,liverpool lime street,london euston,Monday,anytime
0 days,manchester piccadilly,london euston,Monday,anytime
0 days,liverpool lime street,london euston,Monday,anytime
0 days,manchester piccadilly,london euston,Monday,anytime
0 days,reading,oxford,Monday,anytime
0 days,london kings cross,york,Monday,anytime
0 days,liverpool lime street,london euston,Monday,anytime
0 days,london st pancras,birmingham new street,Monday,anytime
0 days,birmingham new street,liverpool lime street,Monday,anytime
0 days,manchester piccadilly,leeds,Monday,anytime
0 days,liverpool lime street,manchester piccadilly,Monday,anytime
0 days,london paddington,reading,Monday,anytime
0 days,london paddington,reading,Monday,anytime
0 days,london paddington,reading,Monday,anytime
0 days,london kings cross,york,Monday,anytime
0 days,london paddington,oxford,Monday,anytime
0 days,london euston,birmingham new street,Monday,anytime
1 days,london kings cross,liverpool lime street,Tuesday,advance
0 days,london paddington,reading,Monday,anytime
0 days,birmingham new street,london st pancras,Monday,off-peak
0 days,london paddington,reading,Monday,off-peak
0 days,manchester piccadilly,leeds,Monday,off-peak
1 days,manchester piccadilly,liverpool lime street,Tuesday,advance
0 days,london kings cross,edinburgh waverley,Monday,anytime
1 days,london paddington,reading,Tuesday,advance
0 days,london kings cross,edinburgh waverley,Monday,anytime
1 days,london paddington,reading,Tuesday,advance
1 days,birmingham new street,london st pancras,Tuesday,advance
1 days,london st pancras,birmingham new street,Tuesday,advance
1 days,manchester piccadilly,liverpool lime street,Tuesday,advance
1 days,birmingham new street,london st pancras,Tuesday,advance
1 days,london euston,birmingham new street,Tuesday,advance
1 days,manchester piccadilly,liverpool lime street,Tuesday,advance
1 days,london paddington,reading,Tuesday,advance
1 days,london paddington,oxford,Tuesday,advance
1 days,liverpool lime street,manchester piccadilly,Tuesday,advance
0 days,london paddington,reading,Monday,off-peak
1 days,london paddington,reading,Tuesday,advance
1 days,birmingham new street,london st pancras,Tuesday,advance
1 days,london paddington,reading,Tuesday,advance
0 days,liverpool lime street,birmingham new street,Monday,off-peak
1 days,york,peterborough,Tuesday,advance
0 days,london euston,birmingham new street,Monday,off-peak
1 days,london kings cross,york,Tuesday,advance
1 days,bristol temple meads,cardiff central,Tuesday,advance
1 days,liverpool lime street,manchester piccadilly,Tuesday,advance
1 days,london kings cross,york,Tuesday,advance
1 days,london kings cross,york,Tuesday,advance
1 days,london kings cross,york,Tuesday,advance
1 days,london kings cross,york,Tuesday,advance
1 days,london st pancras,birmingham new street,Tuesday,advance
0 days,london euston,birmingham new street,Monday,off-peak
1 days,london euston,birmingham new street,Tuesday,advance
1 days,liverpool lime street,london euston,Tuesday,advance
1 days,birmingham new street,london euston,Tuesday,advance
1 days,liverpool lime street,london euston,Tuesday,advance
1 days,liverpool lime street,london euston,Tuesday,advance
1 days,liverpool lime street,london euston,Tuesday,advance
1 days,london st pancras,birmingham new street,Tuesday,advance
1 days,london st pancras,birmingham new street,Tuesday,advance
0 days,london st pancras,birmingham new street,Monday,off-peak
0 days,london euston,birmingham new street,Monday,off-peak
1 days,london euston,birmingham new street,Tuesday,advance
0 days,london st pancras,birmingham new street,Monday,off-peak
0 days,london st pancras,birmingham new street,Monday,off-peak
1 days,london paddington,reading,Tuesday,advance
1 days,london paddington,reading,Tuesday,advance
1 days,london kings cross,york,Tuesday,advance
0 days,london st pancras,birmingham new street,Monday,off-peak
0 days,liverpool lime street,manchester piccadilly,Monday,off-peak
0 days,london st pancras,birmingham new street,Monday,off-peak
0 days,manchester piccadilly,liverpool lime street,Monday,off-peak
0 days,birmingham new street,manchester piccadilly,Monday,off-peak
0 days,birmingham new street,manchester piccadilly,Monday,off-peak
0 days,liverpool lime street,manchester piccadilly,Monday,off-peak
0 days,liverpool lime street,manchester piccadilly,Monday,off-peak
0 days,london euston,birmingham new street,Monday,off-peak
1 days,birmingham new street,manchester piccadilly,Tuesday,advance
0 days,manchester piccadilly,liverpool lime street,Monday,off-peak
1 days,london st pancras,birmingham new street,Tuesday,advance
0 days,manchester piccadilly,london paddington,Monday,off-peak
0 days,manchester piccadilly,london paddington,Monday,off-peak
0 days,manchester piccadilly,london paddington,Monday,off-peak
1 days,london st pancras,birmingham new street,Tuesday,advance
1 days,london st pancras,birmingham new street,Tuesday,advance
1 days,manchester piccadilly,sheffield,Tuesday,advance
0 days,london paddington,reading,Monday,off-peak
0 days,liverpool lime street,manchester piccadilly,Monday,off-peak
0 days,london kings cross,york,Monday,off-peak
0 days,london kings cross,york,Monday,off-peak
0 days,manchester piccadilly,liverpool lime street,Monday,off-peak
1 days,london st pancras,birmingham new street,Tuesday,advance
0 days,manchester piccadilly,london euston,Monday,off-peak
1 days,reading,london paddington,Tuesday,advance
1 days,london st pancras,birmingham new street,Tuesday,advance
1 days,london st pancras,birmingham new street,Tuesday,advance
0 days,london st pancras,birmingham new street,Monday,off-peak
1 days,london st pancras,birmingham new street,Tuesday,advance
0 days,london st pancras,birmingham new street,Monday,off-peak
1 days,liverpool lime street,manchester piccadilly,Tuesday,advance
1 days,london paddington,reading,Tuesday,advance
0 days,london euston,birmingham new street,Monday,off-peak
0 days,london euston,birmingham new street,Monday,anytime
1 days,london st pancras,birmingham new street,Tuesday,advance
1 days,london kings cross,york,Tuesday,advance
0 days,london euston,birmingham new street,Monday,anytime
0 days,london euston,birmingham new street,Monday,anytime
0 days,london euston,birmingham new street,Monday,anytime
0 days,london euston,birmingham new street,Monday,anytime
0 days,london euston,birmingham new street,Monday,anytime
0 days,london euston,birmingham new street,Monday,anytime
0 days,manchester piccadilly,liverpool lime street,Monday,anytime
0 days,birmingham new street,london euston,Monday,off-peak
0 days,manchester piccadilly,liverpool lime street,Monday,anytime
1 days,manchester piccadilly,london paddington,Tuesday,advance
0 days,london kings cross,york,Monday,anytime
0 days,london kings cross,york,Monday,anytime
0 days,reading,swindon,Monday,anytime
0 days,birmingham new street,stafford,Monday,anytime
1 days,manchester piccadilly,london paddington,Tuesday,advance
1 days,london paddington,reading,Tuesday,advance
0 days,london paddington,reading,Monday,anytime
1 days,london paddington,reading,Tuesday,advance
0 days,london euston,birmingham new street,Monday,anytime
1 days,london paddington,reading,Tuesday,advance
0 days,london st pancras,birmingham new street,Monday,anytime
0 days,london euston,birmingham new street,Monday,anytime
0 days,london euston,birmingham new street,Monday,anytime
0 days,manchester piccadilly,liverpool lime street,Monday,anytime
0 days,manchester piccadilly,liverpool lime street,Monday,anytime
0 days,manchester piccadilly,liverpool lime street,Monday,anytime
1 days,edinburgh waverley,london kings cross,Tuesday,advance
0 days,london st pancras,birmingham new street,Monday,anytime
0 days,london st pancras,birmingham new street,Monday,anytime
0 days,london euston,birmingham new street,Monday,anytime
0 days,london st pancras,birmingham new street,Monday,anytime
0 days,london euston,birmingham new street,Monday,anytime
1 days,london st pancras,birmingham new street,Tuesday,advance
0 days,reading,liverpool lime street,Monday,anytime
1 days,london st pancras,birmingham new street,Tuesday,advance
1 days,reading,london paddington,Tuesday,advance
0 days,liverpool lime street,manchester piccadilly,Monday,anytime
0 days,liverpool lime street,london euston,Monday,anytime
0 days,london kings cross,york,Monday,anytime
1 days,london euston,birmingham new street,Tuesday,advance
1 days,london euston,birmingham new street,Tuesday,advance
0 days,london euston,manchester piccadilly,Monday,anytime
0 days,london st pancras,birmingham new street,Monday,anytime
1 days,london euston,birmingham new street,Tuesday,advance
1 days,london euston,birmingham new street,Tuesday,advance
1 days,london euston,birmingham new street,Tuesday,advance
0 days,birmingham new street,nuneaton,Monday,anytime
0 days,london st pancras,birmingham new street,Monday,anytime
0 days,london st pancras,birmingham new street,Monday,anytime
0 days,london st pancras,birmingham new street,Monday,anytime
1 days,manchester piccadilly,liverpool lime street,Tuesday,advance
1 days,manchester piccadilly,liverpool lime street,Tuesday,advance
1 days,london euston,birmingham new street,Tuesday,advance
1 days,london kings cross,york,Tuesday,advance
0 days,london paddington,reading,Monday,off-peak
1 days,manchester piccadilly,liverpool lime street,Tuesday,advance
1 days,london kings cross,york,Tuesday,advance
1 days,london st pancras,leicester,Tuesday,advance
0 days,manchester piccadilly,liverpool lime street,Monday,off-peak
1 days,liverpool lime street,leeds,Tuesday,advance
0 days,manchester piccadilly,liverpool lime street,Monday,off-peak
1 days,london kings cross,york,Tuesday,advance
0 days,manchester piccadilly,liverpool lime street,Monday,anytime
0 days,london st pancras,leicester,Monday,anytime
0 days,london paddington,reading,Monday,off-peak
1 days,london euston,birmingham new street,Tuesday,advance
0 days,london euston,birmingham new street,Monday,off-peak
0 days,london paddington,reading,Monday,off-peak
1 days,london paddington,reading,Tuesday,advance
0 days,london paddington,reading,Monday,off-peak
0 days,london euston,manchester piccadilly,Monday,off-peak
1 days,reading,oxford,Tuesday,advance
1 days,manchester piccadilly,liverpool lime street,Tuesday,advance
0 days,london paddington,reading,Monday,off-peak
1 days,liverpool lime street,manchester piccadilly,Tuesday,advance
1 days,manchester piccadilly,liverpool lime street,Tuesday,advance
1 days,london euston,birmingham new street,Tuesday,advance
1 days,london st pancras,leicester,Tuesday,advance
1 days,london euston,birmingham new street,Tuesday,advance
1 days,london st pancras,birmingham new street,Tuesday,advance
1 days,london st pancras,leicester,Tuesday,advance
1 days,manchester piccadilly,liverpool lime street,Tuesday,advance
0 days,manchester piccadilly,liverpool lime street,Monday,off-peak
1 days,london euston,birmingham new street,Tuesday,advance
1 days,london euston,birmingham new street,Tuesday,advance
1 days,london st pancras,birmingham new street,Tuesday,advance
0 days,london euston,birmingham new street,Monday,off-peak
0 days,london paddington,reading,Monday,off-peak
0 days,manchester piccadilly,leeds,Monday,off-peak
1 days,liverpool lime street,manchester piccadilly,Tuesday,advance
1 days,manchester piccadilly,liverpool lime street,Tuesday,advance
1 days,london st pancras,birmingham new street,Tuesday,advance
1 days,london st pancras,wolverhampton,Tuesday,advance
1 days,manchester piccadilly,liverpool lime street,Tuesday,advance
1 days,manchester piccadilly,liverpool lime street,Tuesday,advance
1 days,birmingham new street,tamworth,Tuesday,advance
1 days,london st pancras,birmingham new street,Tuesday,advance
1 days,london st pancras,birmingham new street,Tuesday,advance
1 days,london kings cross,york,Tuesday,advance
1 days,london kings cross,york,Tuesday,advance
0 days,london euston,manchester piccadilly,Monday,off-peak
1 days,london paddington,reading,Tuesday,advance
1 days,london paddington,reading,Tuesday,advance
1 days,liverpool lime street,manchester piccadilly,Tuesday,advance
1 days,birmingham new street,liverpool lime street,Tuesday,advance
1 days,london kings cross,york,Tuesday,advance
1 days,london paddington,reading,Tuesday,advance
1 days,liverpool lime street,manchester piccadilly,Tuesday,advance
1 days,london euston,manchester piccadilly,Tuesday,advance
1 days,london paddington,reading,Tuesday,advance
1 days,london kings cross,york,Tuesday,advance
1 days,oxford,bristol temple meads,Wednesday,advance
1 days,york,edinburgh,Wednesday,advance
1 days,manchester piccadilly,leeds,Wednesday,advance
0 days,york,durham,Tuesday,off-peak
2 days,london kings cross,edinburgh waverley,Thursday,advance
2 days,london kings cross,edinburgh waverley,Thursday,advance
0 days,london paddington,reading,Tuesday,off-peak
0 days,manchester piccadilly,nottingham,Tuesday,off-peak
0 days,manchester piccadilly,nottingham,Tuesday,off-peak
0 days,liverpool lime street,manchester piccadilly,Tuesday,off-peak
0 days,liverpool lime street,manchester piccadilly,Tuesday,off-peak
0 days,london paddington,reading,Tuesday,off-peak
1 days,london kings cross,york,Wednesday,advance
0 days,london paddington,reading,Tuesday,off-peak
0 days,york,durham,Tuesday,off-peak
0 days,york,durham,Tuesday,off-peak
0 days,liverpool lime street,manchester piccadilly,Tuesday,off-peak
1 days,london euston,birmingham new street,Wednesday,advance
1 days,london paddington,reading,Wednesday,advance
1 days,liverpool lime street,manchester piccadilly,Wednesday,advance
1 days,manchester piccadilly,liverpool lime street,Wednesday,advance
0 days,london kings cross,york,Tuesday,off-peak
1 days,liverpool lime street,manchester piccadilly,Wednesday,advance
0 days,london kings cross,york,Tuesday,off-peak
1 days,london kings cross,york,Wednesday,advance
0 days,birmingham new street,reading,Tuesday,off-peak
1 days,london kings cross,york,Wednesday,advance
0 days,london kings cross,york,Tuesday,off-peak
0 days,london st pancras,birmingham new street,Tuesday,off-peak
0 days,birmingham new street,london st pancras,Tuesday,off-peak
0 days,london st pancras,birmingham new street,Tuesday,off-peak
1 days,manchester piccadilly,nottingham,Wednesday,advance
1 days,london paddington,reading,Wednesday,advance
1 days,london kings cross,york,Wednesday,advance
1 days,london paddington,reading,Wednesday,advance
1 days,manchester piccadilly,nottingham,Wednesday,advance
1 days,manchester piccadilly,nottingham,Wednesday,advance
1 days,london euston,birmingham new street,Wednesday,advance
0 days,london kings cross,york,Tuesday,off-peak
1 days,liverpool lime street,manchester piccadilly,Wednesday,advance
1 days,london paddington,reading,Wednesday,advance
0 days,manchester piccadilly,liverpool lime street,Tuesday,anytime
0 days,london kings cross,york,Tuesday,anytime
0 days,liverpool lime street,manchester piccadilly,Tuesday,anytime
0 days,london paddington,reading,Tuesday,anytime
0 days,london paddington,reading,Tuesday,anytime
0 days,birmingham new street,london euston,Tuesday,anytime
0 days,birmingham new street,london st pancras,Tuesday,anytime
0 days,manchester piccadilly,liverpool lime street,Tuesday,anytime
0 days,birmingham new street,london st pancras,Tuesday,anytime
0 days,london st pancras,wolverhampton,Tuesday,anytime
0 days,london paddington,reading,Tuesday,anytime
1 days,liverpool lime street,manchester piccadilly,Wednesday,advance
1 days,london euston,birmingham new street,Wednesday,advance
1 days,birmingham new street,london st pancras,Wednesday,advance
1 days,london paddington,reading,Wednesday,advance
0 days,london paddington,london waterloo,Tuesday,anytime
0 days,bristol temple meads,cardiff central,Tuesday,anytime
1 days,london kings cross,york,Wednesday,advance
1 days,manchester piccadilly,liverpool lime street,Wednesday,advance
0 days,liverpool lime street,london euston,Tuesday,anytime
0 days,liverpool lime street,london euston,Tuesday,anytime
0 days,liverpool lime street,london euston,Tuesday,anytime
0 days,reading,oxford,Tuesday,anytime
0 days,london paddington,reading,Tuesday,anytime
0 days,liverpool lime street,london euston,Tuesday,anytime
1 days,manchester piccadilly,liverpool lime street,Wednesday,advance
0 days,liverpool lime street,london euston,Tuesday,anytime
0 days,liverpool lime street,london euston,Tuesday,anytime
0 days,manchester piccadilly,liverpool lime street,Tuesday,anytime
0 days,london euston,birmingham new street,Tuesday,anytime
0 days,london euston,birmingham new street,Tuesday,anytime
0 days,liverpool lime street,london st pancras,Tuesday,anytime
0 days,london paddington,oxford,Tuesday,anytime
0 days,london kings cross,york,Tuesday,anytime
0 days,london paddington,oxford,Tuesday,anytime
0 days,london paddington,reading,Tuesday,anytime
0 days,london paddington,oxford,Tuesday,anytime
0 days,london paddington,oxford,Tuesday,anytime
0 days,manchester piccadilly,liverpool lime street,Tuesday,off-peak
0 days,london st pancras,birmingham new street,Tuesday,off-peak
1 days,london paddington,reading,Wednesday,advance
0 days,london kings cross,edinburgh waverley,Tuesday,anytime
1 days,manchester piccadilly,liverpool lime street,Wednesday,advance
1 days,london kings cross,york,Wednesday,advance
1 days,london paddington,reading,Wednesday,advance
1 days,london paddington,reading,Wednesday,advance
1 days,london euston,birmingham new street,Wednesday,advance
1 days,birmingham new street,london st pancras,Wednesday,advance
1 days,london paddington,reading,Wednesday,advance
1 days,london paddington,oxford,Wednesday,advance
0 days,london kings cross,york,Tuesday,off-peak
1 days,london kings cross,york,Wednesday,advance
1 days,london paddington,oxford,Wednesday,advance
1 days,liverpool lime street,manchester piccadilly,Wednesday,advance
1 days,liverpool lime street,manchester piccadilly,Wednesday,advance
1 days,london paddington,reading,Wednesday,advance
1 days,london paddington,reading,Wednesday,advance
1 days,oxford,bristol temple meads,Wednesday,advance
1 days,birmingham new street,london st pancras,Wednesday,advance
0 days,manchester piccadilly,liverpool lime street,Tuesday,off-peak
0 days,liverpool lime street,manchester piccadilly,Tuesday,off-peak
1 days,york,peterborough,Wednesday,advance
1 days,reading,swindon,Wednesday,advance
1 days,london kings cross,york,Wednesday,advance
1 days,york,peterborough,Wednesday,advance
0 days,london euston,birmingham new street,Tuesday,off-peak
1 days,london euston,manchester piccadilly,Wednesday,advance
1 days,liverpool lime street,london euston,Wednesday,advance
1 days,birmingham new street,london euston,Wednesday,advance
1 days,london st pancras,birmingham new street,Wednesday,advance
1 days,liverpool lime street,london euston,Wednesday,advance
1 days,liverpool lime street,london euston,Wednesday,advance
1 days,london kings cross,york,Wednesday,advance
1 days,manchester piccadilly,london euston,Wednesday,advance
1 days,london euston,birmingham new street,Wednesday,advance
1 days,york,leeds,Wednesday,advance
1 days,liverpool lime street,manchester piccadilly,Wednesday,advance
1 days,manchester piccadilly,liverpool lime street,Wednesday,advance
1 days,york,leeds,Wednesday,advance
1 days,london euston,birmingham new street,Wednesday,advance
1 days,london euston,birmingham new street,Wednesday,advance
1 days,london paddington,reading,Wednesday,advance
0 days,london st pancras,birmingham new street,Tuesday,off-peak
1 days,manchester piccadilly,liverpool lime street,Wednesday,advance
0 days,liverpool lime street,manchester piccadilly,Tuesday,off-peak
1 days,london paddington,reading,Wednesday,advance
1 days,london kings cross,york,Wednesday,advance
0 days,london paddington,reading,Tuesday,off-peak
0 days,manchester piccadilly,liverpool lime street,Tuesday,off-peak
0 days,manchester piccadilly,liverpool lime street,Tuesday,off-peak
0 days,liverpool lime street,manchester piccadilly,Tuesday,off-peak
0 days,manchester piccadilly,liverpool lime street,Tuesday,off-peak
0 days,manchester piccadilly,liverpool lime street,Tuesday,off-peak
0 days,london paddington,reading,Tuesday,off-peak
0 days,manchester piccadilly,london paddington,Tuesday,off-peak
1 days,london st pancras,birmingham new street,Wednesday,advance
1 days,london st pancras,birmingham new street,Wednesday,advance
1 days,liverpool lime street,manchester piccadilly,Wednesday,advance
1 days,london kings cross,york,Wednesday,advance
0 days,london st pancras,birmingham new street,Tuesday,off-peak
1 days,london kings cross,york,Wednesday,advance
0 days,london kings cross,york,Tuesday,off-peak
0 days,london st pancras,birmingham new street,Tuesday,off-peak
1 days,london st pancras,birmingham new street,Wednesday,advance
0 days,manchester piccadilly,liverpool lime street,Tuesday,off-peak
0 days,london paddington,reading,Tuesday,off-peak
0 days,london euston,birmingham new street,Tuesday,off-peak
0 days,london paddington,reading,Tuesday,off-peak
1 days,london kings cross,york,Wednesday,advance
1 days,london euston,birmingham new street,Wednesday,advance
1 days,london paddington,reading,Wednesday,advance
1 days,london paddington,reading,Wednesday,advance
0 days,london euston,birmingham new street,Tuesday,anytime
0 days,london euston,birmingham new street,Tuesday,anytime
0 days,manchester piccadilly,liverpool lime street,Tuesday,anytime
0 days,london kings cross,york,Tuesday,anytime
0 days,london euston,birmingham new street,Tuesday,anytime
1 days,london kings cross,york,Wednesday,advance
0 days,london kings cross,york,Tuesday,anytime
0 days,london euston,birmingham new street,Tuesday,anytime
1 days,liverpool lime street,manchester piccadilly,Wednesday,advance
1 days,manchester piccadilly,liverpool lime street,Wednesday,advance
1 days,london kings cross,york,Wednesday,advance
1 days,london paddington,reading,Wednesday,advance
0 days,london kings cross,york,Tuesday,anytime
0 days,london kings cross,york,Tuesday,anytime
1 days,liverpool lime street,sheffield,Wednesday,advance
0 days,london kings cross,york,Tuesday,anytime
0 days,london kings cross,york,Tuesday,anytime
1 days,london paddington,reading,Wednesday,advance
0 days,london kings cross,york,Tuesday,anytime
0 days,london st pancras,birmingham new street,Tuesday,anytime
0 days,liverpool lime street,manchester piccadilly,Tuesday,anytime
0 days,london kings cross,york,Tuesday,anytime
1 days,london st pancras,birmingham new street,Wednesday,advance
0 days,london kings cross,york,Tuesday,anytime
0 days,liverpool lime street,manchester piccadilly,Tuesday,anytime
0 days,liverpool lime street,manchester piccadilly,Tuesday,anytime
0 days,london kings cross,york,Tuesday,anytime
1 days,london paddington,reading,Wednesday,advance
0 days,manchester piccadilly,liverpool lime street,Tuesday,anytime
0 days,london euston,birmingham new street,Tuesday,anytime
0 days,london st pancras,birmingham new street,Tuesday,anytime
1 days,manchester piccadilly,liverpool lime street,Wednesday,advance
1 days,manchester piccadilly,liverpool lime street,Wednesday,advance
1 days,london paddington,reading,Wednesday,advance
1 days,london st pancras,birmingham new street,Wednesday,advance
0 days,london kings cross,york,Tuesday,anytime
0 days,liverpool lime street,london euston,Tuesday,anytime
1 days,london euston,birmingham new street,Wednesday,advance
1 days,manchester piccadilly,liverpool lime street,Wednesday,advance
0 days,liverpool lime street,manchester piccadilly,Tuesday,anytime
0 days,london st pancras,birmingham new street,Tuesday,anytime
0 days,manchester piccadilly,london euston,Tuesday,anytime
0 days,london st pancras,birmingham new street,Tuesday,anytime
1 days,york,edinburgh,Wednesday,advance
0 days,london st pancras,birmingham new street,Tuesday,anytime
0 days,manchester piccadilly,liverpool lime street,Tuesday,anytime
0 days,london euston,manchester piccadilly,Tuesday,anytime
0 days,london st pancras,birmingham new street,Tuesday,anytime
0 days,manchester piccadilly,liverpool lime street,Tuesday,anytime
0 days,birmingham new street,nuneaton,Tuesday,anytime
1 days,london euston,birmingham new street,Wednesday,advance
1 days,london euston,birmingham new street,Wednesday,advance
1 days,london kings cross,york,Wednesday,advance
1 days,london euston,birmingham new street,Wednesday,advance
1 days,manchester piccadilly,liverpool lime street,Wednesday,advance
0 days,manchester piccadilly,liverpool lime street,Tuesday,off-peak
0 days,manchester piccadilly,liverpool lime street,Tuesday,off-peak
1 days,manchester piccadilly,liverpool lime street,Wednesday,advance
0 days,manchester piccadilly,liverpool lime street,Tuesday,off-peak
1 days,london kings cross,york,Wednesday,advance
1 days,london kings cross,york,Wednesday,advance
0 days,london kings cross,york,Tuesday,off-peak
1 days,liverpool lime street,london euston,Wednesday,advance
1 days,liverpool lime street,london euston,Wednesday,advance
1 days,liverpool lime street,london euston,Wednesday,advance
0 days,london st pancras,leicester,Tuesday,anytime
1 days,liverpool lime street,london euston,Wednesday,advance
0 days,london st pancras,leicester,Tuesday,anytime
0 days,manchester piccadilly,liverpool lime street,Tuesday,anytime
0 days,london euston,birmingham new street,Tuesday,off-peak
0 days,london euston,birmingham new street,Tuesday,off-peak
1 days,london st pancras,birmingham new street,Wednesday,advance
1 days,london kings cross,york,Wednesday,advance
1 days,liverpool lime street,manchester piccadilly,Wednesday,advance
1 days,london st pancras,birmingham new street,Wednesday,advance
1 days,manchester piccadilly,liverpool lime street,Wednesday,advance
1 days,london st pancras,leicester,Wednesday,advance
1 days,london st pancras,leicester,Wednesday,advance
1 days,london st pancras,leicester,Wednesday,advance
1 days,manchester piccadilly,liverpool lime street,Wednesday,advance
1 days,london euston,birmingham new street,Wednesday,advance
1 days,manchester piccadilly,liverpool lime street,Wednesday,advance
1 days,london euston,birmingham new street,Wednesday,advance
1 days,manchester piccadilly,liverpool lime street,Wednesday,advance
1 days,manchester piccadilly,liverpool lime street,Wednesday,advance
1 days,london kings cross,york,Wednesday,advance
0 days,london paddington,reading,Tuesday,off-peak
1 days,london euston,birmingham new street,Wednesday,advance
1 days,birmingham new street,york,Wednesday,advance
1 days,manchester piccadilly,liverpool lime street,Wednesday,advance
1 days,reading,didcot,Wednesday,advance
1 days,london st pancras,birmingham new street,Wednesday,advance
1 days,birmingham new street,tamworth,Wednesday,advance
1 days,london st pancras,birmingham new street,Wednesday,advance
1 days,london st pancras,birmingham new street,Wednesday,advance
1 days,london kings cross,york,Wednesday,advance
1 days,birmingham new street,nuneaton,Wednesday,advance
1 days,london kings cross,york,Wednesday,advance
1 days,london kings cross,york,Wednesday,advance
0 days,london st pancras,birmingham new street,Tuesday,off-peak
1 days,manchester piccadilly,liverpool lime street,Wednesday,advance
1 days,london euston,birmingham new street,Wednesday,advance
1 days,london paddington,reading,Wednesday,advance
1 days,london paddington,reading,Wednesday,advance
1 days,london paddington,reading,Wednesday,advance
1 days,london kings cross,york,Wednesday,advance
1 days,london paddington,reading,Wednesday,advance
1 days,london paddington,reading,Wednesday,advance
1 days,liverpool lime street,manchester piccadilly,Wednesday,advance
1 days,liverpool lime street,manchester piccadilly,Wednesday,advance
1 days,liverpool lime street,manchester piccadilly,Wednesday,advance
1 days,london st pancras,birmingham new street,Wednesday,advance
1 days,manchester piccadilly,london euston,Wednesday,advance
1 days,liverpool lime street,manchester piccadilly,Wednesday,advance
1 days,london euston,birmingham new street,Wednesday,advance
1 days,london kings cross,york,Wednesday,advance
1 days,liverpool lime street,manchester piccadilly,Wednesday,advance
1 days,london euston,birmingham new street,Wednesday,advance
1 days,london kings cross,york,Wednesday,advance
1 days,london kings cross,york,Wednesday,advance
1 days,london euston,birmingham new street,Wednesday,advance
1 days,york,edinburgh,Thursday,advance
0 days,manchester piccadilly,liverpool lime street,Wednesday,off-peak
1 days,liverpool lime street,leeds,Thursday,advance
1 days,london euston,birmingham new street,Thursday,advance
0 days,london st pancras,birmingham new street,Wednesday,off-peak
0 days,manchester piccadilly,nottingham,Wednesday,off-peak
0 days,london euston,birmingham new street,Wednesday,off-peak
0 days,london euston,birmingham new street,Wednesday,off-peak
1 days,liverpool lime street,manchester piccadilly,Thursday,advance
0 days,liverpool lime street,london euston,Wednesday,off-peak
0 days,london paddington,reading,Wednesday,off-peak
0 days,london euston,birmingham new street,Wednesday,off-peak
1 days,york,durham,Thursday,advance
0 days,london st pancras,birmingham new street,Wednesday,off-peak
0 days,london euston,birmingham new street,Wednesday,off-peak
1 days,manchester piccadilly,liverpool lime street,Thursday,advance
1 days,manchester piccadilly,london euston,Thursday,advance
1 days,london paddington,reading,Thursday,advance
0 days,liverpool lime street,manchester piccadilly,Wednesday,off-peak
1 days,liverpool lime street,manchester piccadilly,Thursday,advance
1 days,london st pancras,birmingham new street,Thursday,advance
1 days,london kings cross,york,Thursday,advance
0 days,london euston,birmingham new street,Wednesday,off-peak
1 days,liverpool lime street,manchester piccadilly,Thursday,advance
0 days,london kings cross,york,Wednesday,off-peak
0 days,london st pancras,birmingham new street,Wednesday,off-peak
0 days,manchester piccadilly,london paddington,Wednesday,off-peak
1 days,york,durham,Thursday,advance
1 days,london st pancras,birmingham new street,Thursday,advance
1 days,york,durham,Thursday,advance
0 days,manchester piccadilly,liverpool lime street,Wednesday,off-peak
0 days,manchester piccadilly,liverpool lime street,Wednesday,off-peak
1 days,liverpool lime street,manchester piccadilly,Thursday,advance
1 days,manchester piccadilly,nottingham,Thursday,advance
0 days,london kings cross,liverpool lime street,Wednesday,off-peak
1 days,london euston,birmingham new street,Thursday,advance
0 days,london kings cross,york,Wednesday,off-peak
0 days,birmingham new street,london st pancras,Wednesday,off-peak
0 days,birmingham new street,london st pancras,Wednesday,off-peak
0 days,manchester piccadilly,liverpool lime street,Wednesday,off-peak
1 days,london kings cross,york,Thursday,advance
0 days,manchester piccadilly,liverpool lime street,Wednesday,off-peak
0 days,manchester piccadilly,liverpool lime street,Wednesday,anytime
0 days,manchester piccadilly,liverpool lime street,Wednesday,anytime
1 days,london paddington,reading,Thursday,advance
0 days,manchester piccadilly,liverpool lime street,Wednesday,anytime
0 days,manchester piccadilly,liverpool lime street,Wednesday,anytime
0 days,london kings cross,york,Wednesday,anytime
0 days,york,peterborough,Wednesday,anytime
0 days,london kings cross,york,Wednesday,anytime
0 days,manchester piccadilly,liverpool lime street,Wednesday,anytime
0 days,manchester piccadilly,liverpool lime street,Wednesday,anytime
0 days,london paddington,reading,Wednesday,anytime
0 days,york,doncaster,Wednesday,anytime
1 days,london kings cross,york,Thursday,advance
0 days,london euston,birmingham new street,Wednesday,anytime
0 days,london paddington,reading,Wednesday,anytime
0 days,london euston,birmingham new street,Wednesday,anytime
0 days,birmingham new street,london st pancras,Wednesday,anytime
0 days,london euston,birmingham new street,Wednesday,anytime
0 days,london paddington,reading,Wednesday,anytime
0 days,liverpool lime street,manchester piccadilly,Wednesday,anytime
0 days,manchester piccadilly,liverpool lime street,Wednesday,anytime
0 days,liverpool lime street,manchester piccadilly,Wednesday,anytime
0 days,london paddington,reading,Wednesday,anytime
1 days,manchester piccadilly,liverpool lime street,Thursday,advance
0 days,london euston,birmingham new street,Wednesday,anytime
1 days,london euston,birmingham new street,Thursday,advance
0 days,york,peterborough,Wednesday,anytime
0 days,york,peterborough,Wednesday,anytime
0 days,london kings cross,york,Wednesday,anytime
0 days,london kings cross,york,Wednesday,anytime
1 days,london st pancras,birmingham new street,Thursday,advance
1 days,london st pancras,birmingham new street,Thursday,advance
0 days,reading,swindon,Wednesday,anytime
1 days,london st pancras,birmingham new street,Thursday,advance
0 days,birmingham new street,london st pancras,Wednesday,anytime
0 days,liverpool lime street,london euston,Wednesday,anytime
0 days,liverpool lime street,london euston,Wednesday,anytime
1 days,london kings cross,york,Thursday,advance
0 days,liverpool lime street,london euston,Wednesday,anytime
0 days,liverpool lime street,london euston,Wednesday,anytime
0 days,liverpool lime street,london euston,Wednesday,anytime
0 days,liverpool lime street,london euston,Wednesday,anytime
0 days,london paddington,reading,Wednesday,anytime
0 days,liverpool lime street,london euston,Wednesday,anytime
0 days,london paddington,reading,Wednesday,anytime
0 days,london paddington,oxford,Wednesday,anytime
0 days,london paddington,oxford,Wednesday,anytime
0 days,london paddington,reading,Wednesday,anytime
0 days,london euston,birmingham new street,Wednesday,anytime
0 days,manchester piccadilly,liverpool lime street,Wednesday,anytime
0 days,london paddington,oxford,Wednesday,anytime
0 days,manchester piccadilly,liverpool lime street,Wednesday,off-peak
0 days,london st pancras,birmingham new street,Wednesday,off-peak
0 days,london kings cross,york,Wednesday,off-peak
0 days,london kings cross,edinburgh waverley,Wednesday,anytime
1 days,manchester piccadilly,liverpool lime street,Thursday,advance
1 days,london kings cross,york,Thursday,advance
0 days,liverpool lime street,manchester piccadilly,Wednesday,off-peak
1 days,birmingham new street,london st pancras,Thursday,advance
1 days,london kings cross,york,Thursday,advance
1 days,birmingham new street,london st pancras,Thursday,advance
1 days,manchester piccadilly,liverpool lime street,Thursday,advance
1 days,london st pancras,birmingham new street,Thursday,advance
1 days,london paddington,reading,Thursday,advance
0 days,manchester piccadilly,liverpool lime street,Wednesday,off-peak
0 days,london euston,birmingham new street,Wednesday,off-peak
1 days,birmingham new street,london st pancras,Thursday,advance
0 days,london st pancras,birmingham new street,Wednesday,off-peak
0 days,london euston,birmingham new street,Wednesday,off-peak
1 days,birmingham new street,liverpool lime street,Thursday,advance
1 days,liverpool lime street,london euston,Thursday,advance
1 days,london euston,manchester piccadilly,Thursday,advance
0 days,london st pancras,birmingham new street,Wednesday,off-peak
0 days,london st pancras,birmingham new street,Wednesday,off-peak
0 days,london st pancras,birmingham new street,Wednesday,off-peak
1 days,manchester piccadilly,sheffield,Thursday,advance
1 days,london euston,birmingham new street,Thursday,advance
0 days,manchester piccadilly,liverpool lime street,Wednesday,off-peak
0 days,london st pancras,birmingham new street,Wednesday,off-peak
0 days,manchester piccadilly,liverpool lime street,Wednesday,off-peak
1 days,manchester piccadilly,leeds,Thursday,advance
1 days,liverpool lime street,manchester piccadilly,Thursday,advance
1 days,manchester piccadilly,liverpool lime street,Thursday,advance
0 days,london st pancras,birmingham new street,Wednesday,off-peak
0 days,manchester piccadilly,liverpool lime street,Wednesday,off-peak
0 days,london paddington,reading,Wednesday,off-peak
0 days,london paddington,reading,Wednesday,off-peak
0 days,london euston,birmingham new street,Wednesday,off-peak
1 days,birmingham new street,manchester piccadilly,Thursday,advance
0 days,manchester piccadilly,liverpool lime street,Wednesday,off-peak
1 days,birmingham new street,manchester piccadilly,Thursday,advance
1 days,liverpool lime street,manchester piccadilly,Thursday,advance
0 days,liverpool lime street,manchester piccadilly,Wednesday,off-peak
0 days,london paddington,reading,Wednesday,off-peak
0 days,london paddington,reading,Wednesday,off-peak
0 days,london st pancras,birmingham new street,Wednesday,off-peak
1 days,liverpool lime street,manchester piccadilly,Thursday,advance
1 days,london euston,birmingham new street,Thursday,advance
1 days,london st pancras,birmingham new street,Thursday,advance
0 days,london paddington,reading,Wednesday,off-peak
1 days,london st pancras,birmingham new street,Thursday,advance
0 days,london euston,birmingham new street,Wednesday,off-peak
0 days,london euston,birmingham new street,Wednesday,off-peak
1 days,manchester piccadilly,liverpool lime street,Thursday,advance
0 days,london kings cross,york,Wednesday,off-peak
0 days,manchester piccadilly,liverpool lime street,Wednesday,off-peak
1 days,london kings cross,york,Thursday,advance
1 days,london kings cross,york,Thursday,advance
1 days,york,edinburgh waverley,Thursday,advance
0 days,london euston,birmingham new street,Wednesday,anytime
0 days,london euston,birmingham new street,Wednesday,anytime
0 days,london euston,birmingham new street,Wednesday,anytime
1 days,london euston,birmingham new street,Thursday,advance
0 days,london kings cross,york,Wednesday,anytime
0 days,birmingham new street,stafford,Wednesday,anytime
0 days,london kings cross,york,Wednesday,anytime
0 days,london st pancras,birmingham new street,Wednesday,anytime
0 days,london kings cross,york,Wednesday,anytime
1 days,london paddington,reading,Thursday,advance
0 days,london st pancras,birmingham new street,Wednesday,anytime
1 days,london st pancras,birmingham new street,Thursday,advance
0 days,liverpool lime street,manchester piccadilly,Wednesday,anytime
0 days,manchester piccadilly,liverpool lime street,Wednesday,anytime
0 days,manchester piccadilly,liverpool lime street,Wednesday,anytime
0 days,reading,swindon,Wednesday,anytime
0 days,birmingham new street,tamworth,Wednesday,anytime
0 days,london paddington,reading,Wednesday,anytime
0 days,london st pancras,birmingham new street,Wednesday,anytime
0 days,manchester piccadilly,liverpool lime street,Wednesday,anytime
1 days,london paddington,reading,Thursday,advance
0 days,london st pancras,birmingham new street,Wednesday,anytime
1 days,london st pancras,birmingham new street,Thursday,advance
1 days,london st pancras,birmingham new street,Thursday,advance
0 days,liverpool lime street,manchester piccadilly,Wednesday,anytime
0 days,london paddington,reading,Wednesday,anytime
0 days,london paddington,reading,Wednesday,anytime
0 days,london st pancras,birmingham new street,Wednesday,anytime
0 days,manchester piccadilly,liverpool lime street,Wednesday,anytime
0 days,manchester piccadilly,liverpool lime street,Wednesday,anytime
0 days,london paddington,reading,Wednesday,anytime
0 days,birmingham new street,tamworth,Wednesday,anytime
0 days,london paddington,reading,Wednesday,anytime
1 days,london euston,birmingham new street,Thursday,advance
1 days,london euston,birmingham new street,Thursday,advance
1 days,london st pancras,birmingham new street,Thursday,advance
1 days,london euston,birmingham new street,Thursday,advance
1 days,manchester piccadilly,liverpool lime street,Thursday,advance
1 days,manchester piccadilly,liverpool lime street,Thursday,advance
1 days,manchester piccadilly,liverpool lime street,Thursday,advance
1 days,london euston,birmingham new street,Thursday,advance
0 days,manchester piccadilly,liverpool lime street,Wednesday,anytime
0 days,london euston,birmingham new street,Wednesday,off-peak
0 days,london paddington,reading,Wednesday,off-peak
0 days,london paddington,reading,Wednesday,off-peak
0 days,london st pancras,birmingham new street,Wednesday,off-peak
0 days,manchester piccadilly,liverpool lime street,Wednesday,off-peak
1 days,birmingham new street,london paddington,Thursday,advance
0 days,manchester piccadilly,liverpool lime street,Wednesday,off-peak
0 days,liverpool lime street,manchester piccadilly,Wednesday,off-peak
1 days,liverpool lime street,manchester piccadilly,Thursday,advance
1 days,london st pancras,leicester,Thursday,advance
1 days,london st pancras,leicester,Thursday,advance
1 days,london st pancras,leicester,Thursday,advance
1 days,manchester piccadilly,liverpool lime street,Thursday,advance
1 days,manchester piccadilly,liverpool lime street,Thursday,advance
1 days,manchester piccadilly,liverpool lime street,Thursday,advance
1 days,manchester piccadilly,liverpool lime street,Thursday,advance
1 days,manchester piccadilly,liverpool lime street,Thursday,advance
1 days,manchester piccadilly,liverpool lime street,Thursday,advance
1 days,manchester piccadilly,liverpool lime street,Thursday,advance
1 days,liverpool lime street,manchester piccadilly,Thursday,advance
0 days,london paddington,reading,Wednesday,off-peak
0 days,london paddington,reading,Wednesday,off-peak
1 days,liverpool lime street,crewe,Thursday,advance
1 days,london paddington,reading,Thursday,advance
1 days,birmingham new street,nuneaton,Thursday,advance
1 days,birmingham new street,wolverhampton,Thursday,advance
1 days,london st pancras,birmingham new street,Thursday,advance
1 days,reading,swindon,Thursday,advance
1 days,london kings cross,york,Thursday,advance
1 days,birmingham new street,stafford,Thursday,advance
1 days,birmingham new street,stafford,Thursday,advance
1 days,london st pancras,birmingham new street,Thursday,advance
1 days,london st pancras,birmingham new street,Thursday,advance
0 days,london kings cross,york,Wednesday,off-peak
0 days,london kings cross,york,Wednesday,off-peak
1 days,manchester piccadilly,liverpool lime street,Thursday,advance
1 days,london paddington,reading,Thursday,advance
1 days,manchester piccadilly,liverpool lime street,Thursday,advance
1 days,manchester piccadilly,liverpool lime street,Thursday,advance
1 days,liverpool lime street,manchester piccadilly,Thursday,advance
1 days,liverpool lime street,manchester piccadilly,Thursday,advance
1 days,manchester piccadilly,liverpool lime street,Thursday,advance
1 days,london st pancras,birmingham new street,Thursday,advance
1 days,london euston,birmingham new street,Thursday,advance
1 days,liverpool lime street,manchester piccadilly,Thursday,advance
1 days,london kings cross,york,Thursday,advance
1 days,liverpool lime street,manchester piccadilly,Thursday,advance
1 days,london euston,birmingham new street,Thursday,advance
1 days,london kings cross,york,Thursday,advance
1 days,manchester piccadilly,london euston,Thursday,advance
0 days,liverpool lime street,manchester piccadilly,Thursday,off-peak
0 days,london euston,manchester piccadilly,Thursday,off-peak
1 days,london paddington,reading,Friday,advance
2 days,london kings cross,edinburgh waverley,Saturday,advance
0 days,london st pancras,birmingham new street,Thursday,off-peak
0 days,manchester piccadilly,london paddington,Thursday,off-peak
0 days,london kings cross,york,Thursday,off-peak
0 days,london kings cross,york,Thursday,off-peak
0 days,manchester piccadilly,liverpool lime street,Thursday,off-peak
0 days,liverpool lime street,manchester piccadilly,Thursday,off-peak
0 days,london euston,manchester piccadilly,Thursday,off-peak
0 days,manchester piccadilly,liverpool lime street,Thursday,off-peak
1 days,london paddington,reading,Friday,advance
1 days,london paddington,reading,Friday,advance
0 days,manchester piccadilly,sheffield,Thursday,off-peak
1 days,york,durham,Friday,advance
0 days,york,durham,Thursday,off-peak
1 days,manchester piccadilly,liverpool lime street,Friday,advance
1 days,liverpool lime street,manchester piccadilly,Friday,advance
1 days,london paddington,reading,Friday,advance
1 days,london st pancras,birmingham new street,Friday,advance
0 days,london paddington,reading,Thursday,off-peak
1 days,london kings cross,york,Friday,advance
0 days,manchester piccadilly,liverpool lime street,Thursday,off-peak
1 days,london kings cross,york,Friday,advance
1 days,london euston,birmingham new street,Friday,advance
1 days,liverpool lime street,manchester piccadilly,Friday,advance
0 days,london euston,birmingham new street,Thursday,off-peak
0 days,london kings cross,york,Thursday,off-peak
0 days,london euston,birmingham new street,Thursday,off-peak
1 days,london st pancras,birmingham new street,Friday,advance
0 days,birmingham new street,london st pancras,Thursday,off-peak
0 days,birmingham new street,london st pancras,Thursday,off-peak
0 days,london st pancras,birmingham new street,Thursday,off-peak
0 days,birmingham new street,london st pancras,Thursday,off-peak
1 days,manchester piccadilly,london euston,Friday,advance
1 days,london kings cross,liverpool lime street,Friday,advance
1 days,manchester piccadilly,nottingham,Friday,advance
1 days,london st pancras,birmingham new street,Friday,advance
0 days,liverpool lime street,sheffield,Thursday,off-peak
1 days,london euston,birmingham new street,Friday,advance
0 days,birmingham new street,london st pancras,Thursday,off-peak
0 days,manchester piccadilly,liverpool lime street,Thursday,off-peak
1 days,london paddington,reading,Friday,advance
0 days,york,peterborough,Thursday,anytime
0 days,manchester piccadilly,liverpool lime street,Thursday,anytime
0 days,london euston,manchester piccadilly,Thursday,anytime
0 days,london euston,birmingham new street,Thursday,anytime
0 days,york,doncaster,Thursday,anytime
0 days,birmingham new street,london st pancras,Thursday,anytime
0 days,london euston,birmingham new street,Thursday,anytime
1 days,london kings cross,york,Friday,advance
0 days,manchester piccadilly,liverpool lime street,Thursday,anytime
0 days,birmingham new street,stafford,Thursday,anytime
1 days,london kings cross,york,Friday,advance
0 days,liverpool lime street,manchester piccadilly,Thursday,anytime
0 days,liverpool lime street,manchester piccadilly,Thursday,anytime
1 days,london kings cross,york,Friday,advance
0 days,london kings cross,york,Thursday,off-peak
1 days,london kings cross,york,Friday,advance
0 days,london euston,birmingham new street,Thursday,anytime
1 days,liverpool lime street,manchester piccadilly,Friday,advance
1 days,london paddington,reading,Friday,advance
0 days,manchester piccadilly,liverpool lime street,Thursday,anytime
1 days,london st pancras,birmingham new street,Friday,advance
1 days,london st pancras,birmingham new street,Friday,advance
0 days,london paddington,reading,Thursday,anytime
0 days,liverpool lime street,manchester piccadilly,Thursday,anytime
0 days,york,peterborough,Thursday,anytime
0 days,bristol temple meads,cardiff central,Thursday,anytime
0 days,liverpool lime street,london euston,Thursday,anytime
0 days,liverpool lime street,london euston,Thursday,anytime
0 days,liverpool lime street,london euston,Thursday,anytime
0 days,liverpool lime street,london euston,Thursday,anytime
1 days,london paddington,liverpool lime street,Friday,advance
0 days,liverpool lime street,london euston,Thursday,anytime
0 days,liverpool lime street,london euston,Thursday,anytime
0 days,london euston,manchester piccadilly,Thursday,anytime
1 days,liverpool lime street,manchester piccadilly,Friday,advance
0 days,liverpool lime street,london euston,Thursday,anytime
0 days,london euston,manchester piccadilly,Thursday,anytime
0 days,manchester piccadilly,liverpool lime street,Thursday,anytime
1 days,london euston,birmingham new street,Friday,advance
0 days,york,liverpool lime street,Thursday,anytime
0 days,london paddington,reading,Thursday,anytime
0 days,london paddington,reading,Thursday,anytime
0 days,london paddington,reading,Thursday,anytime
0 days,london paddington,oxford,Thursday,anytime
0 days,london kings cross,york,Thursday,anytime
0 days,london paddington,oxford,Thursday,anytime
0 days,london euston,birmingham new street,Thursday,anytime
1 days,manchester piccadilly,liverpool lime street,Friday,advance
0 days,liverpool lime street,london paddington,Thursday,anytime
0 days,liverpool lime street,manchester piccadilly,Thursday,off-peak
0 days,birmingham new street,london st pancras,Thursday,off-peak
0 days,london paddington,reading,Thursday,off-peak
1 days,london kings cross,york,Friday,advance
0 days,manchester piccadilly,liverpool lime street,Thursday,off-peak
1 days,london paddington,reading,Friday,advance
0 days,liverpool lime street,manchester piccadilly,Thursday,off-peak
1 days,london euston,birmingham new street,Friday,advance
1 days,london paddington,reading,Friday,advance
0 days,liverpool lime street,manchester piccadilly,Thursday,off-peak
1 days,manchester piccadilly,liverpool lime street,Friday,advance
1 days,manchester piccadilly,liverpool lime street,Friday,advance
1 days,london paddington,reading,Friday,advance
1 days,london st pancras,wolverhampton,Friday,advance
1 days,london euston,manchester piccadilly,Friday,advance
1 days,birmingham new street,london st pancras,Friday,advance
1 days,birmingham new street,london st pancras,Friday,advance
1 days,london euston,birmingham new street,Friday,advance
1 days,manchester piccadilly,liverpool lime street,Friday,advance
1 days,london euston,birmingham new street,Friday,advance
1 days,london st pancras,birmingham new street,Friday,advance
1 days,london paddington,reading,Friday,advance
1 days,birmingham new street,london st pancras,Friday,advance
1 days,birmingham new street,london st pancras,Friday,advance
1 days,birmingham new street,london st pancras,Friday,advance
1 days,london paddington,reading,Friday,advance
1 days,london paddington,reading,Friday,advance
1 days,london paddington,oxford,Friday,advance
1 days,london paddington,oxford,Friday,advance
1 days,london paddington,reading,Friday,advance
1 days,london paddington,reading,Friday,advance
1 days,liverpool lime street,manchester piccadilly,Friday,advance
1 days,london paddington,oxford,Friday,advance
1 days,london paddington,reading,Friday,advance
1 days,london paddington,oxford,Friday,advance
1 days,liverpool lime street,manchester piccadilly,Friday,advance
0 days,liverpool lime street,manchester piccadilly,Thursday,off-peak
0 days,manchester piccadilly,liverpool lime street,Thursday,off-peak
0 days,london kings cross,york,Thursday,off-peak
0 days,liverpool lime street,london st pancras,Thursday,off-peak
1 days,london paddington,reading,Friday,advance
1 days,york,peterborough,Friday,advance
1 days,bristol temple meads,cardiff central,Friday,advance
0 days,manchester piccadilly,liverpool lime street,Thursday,off-peak
1 days,liverpool lime street,manchester piccadilly,Friday,advance
0 days,london st pancras,birmingham new street,Thursday,off-peak
1 days,london kings cross,york,Friday,advance
0 days,liverpool lime street,manchester piccadilly,Thursday,off-peak
1 days,liverpool lime street,london euston,Friday,advance
1 days,liverpool lime street,london euston,Friday,advance
0 days,london st pancras,birmingham new street,Thursday,off-peak
1 days,london st pancras,birmingham new street,Friday,advance
1 days,liverpool lime street,london euston,Friday,advance
1 days,liverpool lime street,london euston,Friday,advance
1 days,manchester piccadilly,london euston,Friday,advance
0 days,manchester piccadilly,liverpool lime street,Thursday,off-peak
1 days,london euston,manchester piccadilly,Friday,advance
1 days,reading,oxford,Friday,advance
1 days,reading,oxford,Friday,advance
1 days,liverpool lime street,london euston,Friday,advance
1 days,birmingham new street,liverpool lime street,Friday,advance
1 days,manchester piccadilly,liverpool lime street,Friday,advance
1 days,london paddington,reading,Friday,advance
0 days,london kings cross,york,Thursday,off-peak
0 days,london st pancras,birmingham new street,Thursday,off-peak
1 days,london paddington,reading,Friday,advance
1 days,london euston,birmingham new street,Friday,advance
1 days,london st pancras,birmingham new street,Friday,advance
1 days,london kings cross,york,Friday,advance
1 days,london kings cross,york,Friday,advance
0 days,london st pancras,birmingham new street,Thursday,off-peak
0 days,london st pancras,birmingham new street,Thursday,off-peak
0 days,london st pancras,birmingham new street,Thursday,off-peak
1 days,manchester piccadilly,liverpool lime street,Friday,advance
0 days,london euston,birmingham new street,Thursday,off-peak
1 days,manchester piccadilly,liverpool lime street,Friday,advance
1 days,liverpool lime street,birmingham new street,Friday,advance
0 days,liverpool lime street,manchester piccadilly,Thursday,off-peak
1 days,liverpool lime street,manchester piccadilly,Friday,advance
1 days,birmingham new street,manchester piccadilly,Friday,advance
1 days,london paddington,reading,Friday,advance
0 days,manchester piccadilly,liverpool lime street,Thursday,off-peak
0 days,reading,london paddington,Thursday,off-peak
1 days,york,edinburgh,Friday,advance
1 days,manchester piccadilly,liverpool lime street,Friday,advance
0 days,london paddington,reading,Thursday,off-peak
1 days,london st pancras,birmingham new street,Friday,advance
0 days,london paddington,reading,Thursday,off-peak
0 days,london euston,birmingham new street,Thursday,off-peak
0 days,birmingham new street,reading,Thursday,off-peak
1 days,london euston,birmingham new street,Friday,advance
0 days,london kings cross,york,Thursday,off-peak
1 days,london st pancras,birmingham new street,Friday,advance
0 days,birmingham new street,reading,Thursday,off-peak
1 days,manchester piccadilly,liverpool lime street,Friday,advance
0 days,london paddington,reading,Thursday,off-peak
0 days,manchester piccadilly,liverpool lime street,Thursday,off-peak
0 days,liverpool lime street,manchester piccadilly,Thursday,off-peak
0 days,london kings cross,york,Thursday,off-peak
0 days,london kings cross,york,Thursday,off-peak
0 days,manchester piccadilly,liverpool lime street,Thursday,off-peak
0 days,london kings cross,york,Thursday,off-peak
0 days,london euston,birmingham new street,Thursday,off-peak
0 days,london euston,birmingham new street,Thursday,anytime
0 days,london euston,birmingham new street,Thursday,anytime
0 days,manchester piccadilly,liverpool lime street,Thursday,anytime
0 days,london euston,birmingham new street,Thursday,anytime
0 days,manchester piccadilly,liverpool lime street,Thursday,anytime
1 days,london euston,birmingham new street,Friday,advance
0 days,london euston,birmingham new street,Thursday,anytime
1 days,manchester piccadilly,liverpool lime street,Friday,advance
1 days,liverpool lime street,manchester piccadilly,Friday,advance
0 days,london st pancras,leicester,Thursday,anytime
0 days,manchester piccadilly,liverpool lime street,Thursday,anytime
1 days,liverpool lime street,manchester piccadilly,Friday,advance
1 days,liverpool lime street,manchester piccadilly,Friday,advance
0 days,london kings cross,york,Thursday,anytime
1 days,manchester piccadilly,liverpool lime street,Friday,advance
0 days,birmingham new street,liverpool lime street,Thursday,anytime
0 days,london euston,birmingham new street,Thursday,anytime
0 days,birmingham new street,stafford,Thursday,anytime
0 days,birmingham new street,stafford,Thursday,anytime
0 days,edinburgh waverley,london kings cross,Thursday,off-peak
0 days,london kings cross,york,Thursday,anytime
1 days,liverpool lime street,sheffield,Friday,advance
1 days,london paddington,reading,Friday,advance
0 days,london kings cross,york,Thursday,anytime
0 days,london paddington,reading,Thursday,anytime
1 days,london paddington,reading,Friday,advance
0 days,reading,oxford,Thursday,anytime
0 days,london kings cross,york,Thursday,anytime
0 days,manchester piccadilly,liverpool lime street,Thursday,anytime
1 days,liverpool lime street,london euston,Friday,advance
0 days,london euston,birmingham new street,Thursday,anytime
1 days,manchester piccadilly,london euston,Friday,advance
1 days,london kings cross,york,Friday,advance
1 days,london euston,birmingham new street,Friday,advance
1 days,london paddington,reading,Friday,advance
0 days,london paddington,reading,Thursday,anytime
1 days,london euston,birmingham new street,Friday,advance
1 days,london euston,birmingham new street,Friday,advance
0 days,liverpool lime street,london euston,Thursday,anytime
0 days,london kings cross,york,Thursday,anytime
1 days,london euston,birmingham new street,Friday,advance
1 days,london euston,birmingham new street,Friday,advance
0 days,london st pancras,birmingham new street,Thursday,anytime
0 days,birmingham new street,tamworth,Thursday,anytime
0 days,liverpool lime street,crewe,Thursday,anytime
0 days,london st pancras,birmingham new street,Thursday,anytime
0 days,birmingham new street,tamworth,Thursday,anytime
0 days,birmingham new street,tamworth,Thursday,anytime
0 days,london st pancras,birmingham new street,Thursday,anytime
1 days,london euston,birmingham new street,Friday,advance
1 days,london euston,birmingham new street,Friday,advance
0 days,liverpool lime street,crewe,Thursday,anytime
0 days,manchester piccadilly,liverpool lime street,Thursday,anytime
0 days,london st pancras,birmingham new street,Thursday,anytime
0 days,london st pancras,birmingham new street,Thursday,anytime
0 days,london paddington,reading,Thursday,anytime
1 days,london kings cross,york,Friday,advance
1 days,london kings cross,york,Friday,advance
1 days,london euston,birmingham new street,Friday,advance
1 days,london euston,birmingham new street,Friday,advance
1 days,york,peterborough,Friday,advance
1 days,manchester piccadilly,liverpool lime street,Friday,advance
0 days,london paddington,reading,Thursday,off-peak
1 days,manchester piccadilly,liverpool lime street,Friday,advance
1 days,manchester piccadilly,liverpool lime street,Friday,advance
1 days,london kings cross,york,Friday,advance
1 days,manchester piccadilly,liverpool lime street,Friday,advance
1 days,liverpool lime street,london euston,Friday,advance
1 days,london kings cross,york,Friday,advance
0 days,manchester piccadilly,liverpool lime street,Thursday,anytime
0 days,london kings cross,york,Thursday,off-peak
1 days,london kings cross,york,Friday,advance
1 days,liverpool lime street,london euston,Friday,advance
1 days,london euston,birmingham new street,Friday,advance
1 days,london kings cross,york,Friday,advance
0 days,manchester piccadilly,liverpool lime street,Thursday,off-peak
0 days,manchester piccadilly,liverpool lime street,Thursday,off-peak
1 days,manchester piccadilly,liverpool lime street,Friday,advance
1 days,london euston,birmingham new street,Friday,advance
1 days,manchester piccadilly,liverpool lime street,Friday,advance
1 days,london st pancras,birmingham new street,Friday,advance
1 days,london st pancras,leicester,Friday,advance
1 days,manchester piccadilly,liverpool lime street,Friday,advance
1 days,london euston,birmingham new street,Friday,advance
1 days,manchester piccadilly,liverpool lime street,Friday,advance
1 days,manchester piccadilly,liverpool lime street,Friday,advance
1 days,manchester piccadilly,liverpool lime street,Friday,advance
1 days,manchester piccadilly,liverpool lime street,Friday,advance
0 days,london euston,birmingham new street,Thursday,off-peak
1 days,liverpool lime street,manchester piccadilly,Friday,advance
0 days,london paddington,reading,Thursday,off-peak
0 days,birmingham new street,liverpool lime street,Thursday,off-peak
1 days,manchester piccadilly,liverpool lime street,Friday,advance
1 days,london st pancras,birmingham new street,Friday,advance
1 days,london st pancras,birmingham new street,Friday,advance
1 days,liverpool lime street,crewe,Friday,advance
1 days,birmingham new street,stafford,Friday,advance
1 days,birmingham new street,stafford,Friday,advance
1 days,birmingham new street,nuneaton,Friday,advance
1 days,london kings cross,york,Friday,advance
1 days,liverpool lime street,leeds,Friday,advance
0 days,london paddington,reading,Thursday,off-peak
1 days,london euston,birmingham new street,Friday,advance
1 days,london st pancras,birmingham new street,Friday,advance
0 days,london kings cross,york,Thursday,off-peak
0 days,london kings cross,york,Thursday,off-peak
1 days,manchester piccadilly,liverpool lime street,Friday,advance
1 days,london kings cross,york,Friday,advance
1 days,london paddington,reading,Friday,advance
1 days,london st pancras,birmingham new street,Friday,advance
1 days,liverpool lime street,manchester piccadilly,Friday,advance
1 days,liverpool lime street,manchester piccadilly,Friday,advance
1 days,liverpool lime street,manchester piccadilly,Friday,advance
1 days,manchester piccadilly,liverpool lime street,Friday,advance
1 days,london kings cross,york,Friday,advance
0 days,york,edinburgh,Friday,off-peak
0 days,liverpool lime street,leeds,Friday,off-peak
2 days,london kings cross,edinburgh waverley,Sunday,advance
0 days,liverpool lime street,manchester piccadilly,Friday,off-peak
0 days,london kings cross,york,Friday,off-peak
0 days,liverpool lime street,manchester piccadilly,Friday,off-peak
0 days,liverpool lime street,manchester piccadilly,Friday,off-peak
0 days,london euston,birmingham new street,Friday,off-peak
1 days,london euston,manchester piccadilly,Saturday,advance
0 days,london kings cross,york,Friday,off-peak
1 days,manchester piccadilly,liverpool lime street,Saturday,advance
1 days,manchester piccadilly,london euston,Saturday,advance
1 days,london kings cross,york,Saturday,advance
0 days,york,durham,Friday,off-peak
0 days,london kings cross,york,Friday,off-peak
0 days,london euston,birmingham new street,Friday,off-peak
0 days,birmingham new street,london st pancras,Friday,off-peak
1 days,york,durham,Saturday,advance
1 days,manchester piccadilly,london paddington,Saturday,advance
1 days,manchester piccadilly,nottingham,Saturday,advance
1 days,london st pancras,birmingham new street,Saturday,advance
0 days,london paddington,reading,Friday,off-peak
1 days,london paddington,reading,Saturday,advance
0 days,london kings cross,york,Friday,anytime
0 days,manchester piccadilly,liverpool lime street,Friday,anytime
1 days,london paddington,reading,Saturday,advance
0 days,london kings cross,york,Friday,anytime
0 days,liverpool lime street,crewe,Friday,anytime
0 days,london paddington,reading,Friday,anytime
0 days,birmingham new street,london st pancras,Friday,anytime
0 days,birmingham new street,london st pancras,Friday,anytime
1 days,liverpool lime street,manchester piccadilly,Saturday,advance
0 days,reading,london paddington,Friday,anytime
0 days,york,doncaster,Friday,anytime
0 days,london st pancras,wolverhampton,Friday,anytime
0 days,london euston,birmingham new street,Friday,anytime
0 days,birmingham new street,london kings cross,Friday,anytime
0 days,london st pancras,birmingham new street,Friday,anytime
0 days,london st pancras,birmingham new street,Friday,anytime
0 days,london st pancras,birmingham new street,Friday,anytime
1 days,liverpool lime street,manchester piccadilly,Saturday,advance
0 days,london kings cross,york,Friday,anytime
0 days,london st pancras,birmingham new street,Friday,anytime
0 days,london kings cross,york,Friday,anytime
0 days,oxford,bristol temple meads,Friday,anytime
1 days,london kings cross,york,Saturday,advance
1 days,london paddington,reading,Saturday,advance
0 days,london paddington,reading,Friday,anytime
1 days,london euston,birmingham new street,Saturday,advance
1 days,london euston,birmingham new street,Saturday,advance
1 days,london euston,birmingham new street,Saturday,advance
1 days,london kings cross,york,Saturday,advance
1 days,london st pancras,birmingham new street,Saturday,advance
0 days,york,peterborough,Friday,anytime
0 days,manchester piccadilly,liverpool lime street,Friday,anytime
1 days,manchester piccadilly,liverpool lime street,Saturday,advance
1 days,liverpool lime street,london euston,Saturday,advance
0 days,liverpool lime street,london euston,Friday,anytime
0 days,liverpool lime street,london euston,Friday,anytime
0 days,london euston,manchester piccadilly,Friday,anytime
0 days,london euston,birmingham new street,Friday,anytime
1 days,london paddington,reading,Saturday,advance
1 days,london paddington,reading,Saturday,advance
0 days,london kings cross,york,Friday,anytime
0 days,london paddington,reading,Friday,anytime
0 days,london paddington,reading,Friday,anytime
0 days,london paddington,oxford,Friday,anytime
0 days,london paddington,reading,Friday,off-peak
1 days,liverpool lime street,manchester piccadilly,Saturday,advance
0 days,london kings cross,edinburgh waverley,Friday,anytime
0 days,manchester piccadilly,leeds,Friday,off-peak
0 days,liverpool lime street,manchester piccadilly,Friday,off-peak
0 days,london st pancras,birmingham new street,Friday,off-peak
1 days,london kings cross,york,Saturday,advance
1 days,manchester piccadilly,liverpool lime street,Saturday,advance
1 days,manchester piccadilly,liverpool lime street,Saturday,advance
1 days,manchester piccadilly,liverpool lime street,Saturday,advance
1 days,manchester piccadilly,liverpool lime street,Saturday,advance
1 days,manchester piccadilly,liverpool lime street,Saturday,advance
1 days,birmingham new street,london st pancras,Saturday,advance
1 days,london euston,manchester piccadilly,Saturday,advance
1 days,birmingham new street,london st pancras,Saturday,advance
1 days,birmingham new street,london st pancras,Saturday,advance
1 days,london st pancras,birmingham new street,Saturday,advance
1 days,birmingham new street,london st pancras,Saturday,advance
1 days,london paddington,reading,Saturday,advance
0 days,london kings cross,york,Friday,off-peak
1 days,london paddington,oxford,Saturday,advance
1 days,london kings cross,york,Saturday,advance
1 days,liverpool lime street,manchester piccadilly,Saturday,advance
1 days,london paddington,reading,Saturday,advance
0 days,manchester piccadilly,liverpool lime street,Friday,off-peak
0 days,london st pancras,birmingham new street,Friday,off-peak
1 days,london kings cross,york,Saturday,advance
0 days,manchester piccadilly,liverpool lime street,Friday,off-peak
1 days,reading,swindon,Saturday,advance
1 days,london kings cross,york,Saturday,advance
0 days,london euston,birmingham new street,Friday,off-peak
1 days,birmingham new street,london euston,Saturday,advance
0 days,york,edinburgh,Friday,off-peak
1 days,birmingham new street,london euston,Saturday,advance
0 days,london kings cross,york,Friday,off-peak
0 days,york,edinburgh,Friday,off-peak
1 days,london euston,manchester piccadilly,Saturday,advance
0 days,york,edinburgh,Friday,off-peak
0 days,manchester piccadilly,liverpool lime street,Friday,off-peak
0 days,manchester piccadilly,liverpool lime street,Friday,off-peak
1 days,manchester piccadilly,sheffield,Saturday,advance
1 days,manchester piccadilly,liverpool lime street,Saturday,advance
0 days,liverpool lime street,manchester piccadilly,Friday,off-peak
0 days,london euston,birmingham new street,Friday,off-peak
1 days,london paddington,reading,Saturday,advance
1 days,london euston,birmingham new street,Saturday,advance
1 days,london st pancras,birmingham new street,Saturday,advance
1 days,london kings cross,york,Saturday,advance
1 days,manchester piccadilly,liverpool lime street,Saturday,advance
1 days,london paddington,reading,Saturday,advance
1 days,liverpool lime street,manchester piccadilly,Saturday,advance
0 days,london paddington,reading,Friday,off-peak
0 days,london euston,birmingham new street,Friday,off-peak
0 days,london euston,birmingham new street,Friday,off-peak
1 days,birmingham new street,manchester piccadilly,Saturday,advance
0 days,manchester piccadilly,liverpool lime street,Friday,off-peak
0 days,manchester piccadilly,liverpool lime street,Friday,off-peak
1 days,london kings cross,york,Saturday,advance
0 days,manchester piccadilly,liverpool lime street,Friday,off-peak
0 days,london euston,manchester piccadilly,Friday,off-peak
1 days,manchester piccadilly,liverpool lime street,Saturday,advance
1 days,london euston,birmingham new street,Saturday,advance
0 days,oxford,bristol temple meads,Friday,off-peak
0 days,london euston,birmingham new street,Friday,off-peak
0 days,london paddington,reading,Friday,off-peak
1 days,london kings cross,york,Saturday,advance
1 days,london euston,birmingham new street,Saturday,advance
0 days,birmingham new street,reading,Friday,off-peak
1 days,liverpool lime street,manchester piccadilly,Saturday,advance
0 days,london paddington,reading,Friday,off-peak
0 days,london paddington,reading,Friday,off-peak
1 days,london st pancras,birmingham new street,Saturday,advance
0 days,london euston,birmingham new street,Friday,off-peak
0 days,london st pancras,birmingham new street,Friday,off-peak
0 days,london euston,birmingham new street,Friday,off-peak
1 days,london st pancras,birmingham new street,Saturday,advance
0 days,york,edinburgh,Friday,off-peak
1 days,manchester piccadilly,liverpool lime street,Saturday,advance
0 days,london kings cross,york,Friday,anytime
0 days,london kings cross,york,Friday,anytime
0 days,london euston,birmingham new street,Friday,anytime
1 days,london st pancras,birmingham new street,Saturday,advance
0 days,london euston,birmingham new street,Friday,anytime
1 days,london kings cross,york,Saturday,advance
0 days,manchester piccadilly,liverpool lime street,Friday,anytime
0 days,birmingham new street,manchester piccadilly,Friday,anytime
0 days,london st pancras,leicester,Friday,anytime
0 days,london kings cross,york,Friday,anytime
0 days,london kings cross,york,Friday,anytime
0 days,london euston,birmingham new street,Friday,anytime
1 days,manchester piccadilly,liverpool lime street,Saturday,advance
0 days,edinburgh waverley,london kings cross,Friday,off-peak
1 days,manchester piccadilly,liverpool lime street,Saturday,advance
0 days,manchester piccadilly,london euston,Friday,off-peak
0 days,manchester piccadilly,liverpool lime street,Friday,anytime
1 days,manchester piccadilly,sheffield,Saturday,advance
0 days,liverpool lime street,leeds,Friday,anytime
1 days,liverpool lime street,manchester piccadilly,Saturday,advance
1 days,manchester piccadilly,london paddington,Saturday,advance
0 days,reading,swindon,Friday,anytime
1 days,manchester piccadilly,sheffield,Saturday,advance
0 days,london st pancras,birmingham new street,Friday,anytime
0 days,london st pancras,birmingham new street,Friday,anytime
0 days,london kings cross,york,Friday,anytime
0 days,london st pancras,birmingham new street,Friday,anytime
0 days,liverpool lime street,manchester piccadilly,Friday,anytime
0 days,liverpool lime street,manchester piccadilly,Friday,anytime
1 days,manchester piccadilly,liverpool lime street,Saturday,advance
0 days,liverpool lime street,manchester piccadilly,Friday,anytime
0 days,london kings cross,york,Friday,anytime
0 days,london kings cross,york,Friday,anytime
0 days,manchester piccadilly,liverpool lime street,Friday,anytime
0 days,manchester piccadilly,liverpool lime street,Friday,anytime
0 days,london euston,birmingham new street,Friday,anytime
0 days,manchester piccadilly,liverpool lime street,Friday,anytime
1 days,manchester piccadilly,london euston,Saturday,advance
0 days,manchester piccadilly,liverpool lime street,Friday,anytime
0 days,manchester piccadilly,liverpool lime street,Friday,anytime
0 days,manchester piccadilly,liverpool lime street,Friday,anytime
0 days,liverpool lime street,london euston,Friday,anytime
1 days,london st pancras,birmingham new street,Saturday,advance
0 days,birmingham new street,york,Friday,anytime
1 days,london euston,birmingham new street,Saturday,advance
0 days,london paddington,reading,Friday,anytime
0 days,birmingham new street,nuneaton,Friday,anytime
0 days,london st pancras,birmingham new street,Friday,anytime
0 days,london st pancras,birmingham new street,Friday,anytime
1 days,london kings cross,york,Saturday,advance
0 days,manchester piccadilly,liverpool lime street,Friday,anytime
0 days,london st pancras,birmingham new street,Friday,anytime
0 days,birmingham new street,tamworth,Friday,anytime
1 days,london euston,birmingham new street,Saturday,advance
1 days,london st pancras,birmingham new street,Saturday,advance
1 days,london euston,birmingham new street,Saturday,advance
1 days,london euston,birmingham new street,Saturday,advance
1 days,london euston,birmingham new street,Saturday,advance
1 days,london euston,birmingham new street,Saturday,advance
1 days,london kings cross,york,Saturday,advance
1 days,london euston,birmingham new street,Saturday,advance
1 days,manchester piccadilly,liverpool lime street,Saturday,advance
1 days,london kings cross,york,Saturday,advance
0 days,manchester piccadilly,liverpool lime street,Friday,off-peak
0 days,manchester piccadilly,liverpool lime street,Friday,off-peak
0 days,liverpool lime street,manchester piccadilly,Friday,off-peak
1 days,london st pancras,leicester,Saturday,advance
1 days,birmingham new street,liverpool lime street,Saturday,advance
0 days,manchester piccadilly,liverpool lime street,Friday,off-peak
0 days,manchester piccadilly,liverpool lime street,Friday,anytime
0 days,manchester piccadilly,liverpool lime street,Friday,anytime
0 days,manchester piccadilly,liverpool lime street,Friday,anytime
0 days,london st pancras,leicester,Friday,anytime
0 days,london st pancras,leicester,Friday,anytime
0 days,manchester piccadilly,liverpool lime street,Friday,anytime
0 days,london st pancras,leicester,Friday,anytime
1 days,london paddington,reading,Saturday,advance
0 days,london paddington,reading,Friday,off-peak
1 days,liverpool lime street,manchester piccadilly,Saturday,advance
0 days,london paddington,reading,Friday,off-peak
0 days,manchester piccadilly,liverpool lime street,Friday,off-peak
0 days,london euston,birmingham new street,Friday,off-peak
1 days,london kings cross,york,Saturday,advance
1 days,birmingham new street,london paddington,Saturday,advance
0 days,london st pancras,birmingham new street,Friday,off-peak
0 days,liverpool lime street,manchester piccadilly,Friday,off-peak
0 days,birmingham new street,edinburgh,Friday,off-peak
1 days,liverpool lime street,manchester piccadilly,Saturday,advance
1 days,liverpool lime street,manchester piccadilly,Saturday,advance
1 days,london st pancras,leicester,Saturday,advance
1 days,london st pancras,birmingham new street,Saturday,advance
1 days,london st pancras,leicester,Saturday,advance
1 days,london euston,birmingham new street,Saturday,advance
1 days,manchester piccadilly,liverpool lime street,Saturday,advance
1 days,london kings cross,york,Saturday,advance
1 days,london euston,birmingham new street,Saturday,advance
0 days,manchester piccadilly,liverpool lime street,Friday,off-peak
0 days,london st pancras,birmingham new street,Friday,off-peak
1 days,london st pancras,birmingham new street,Saturday,advance
1 days,london euston,manchester piccadilly,Saturday,advance
1 days,london st pancras,birmingham new street,Saturday,advance
1 days,london st pancras,birmingham new street,Saturday,advance
1 days,birmingham new street,stafford,Saturday,advance
1 days,london euston,manchester piccadilly,Saturday,advance
1 days,london st pancras,birmingham new street,Saturday,advance
1 days,manchester piccadilly,liverpool lime street,Saturday,advance
1 days,london kings cross,york,Saturday,advance
1 days,liverpool lime street,crewe,Saturday,advance
1 days,birmingham new street,tamworth,Saturday,advance
1 days,birmingham new street,stafford,Saturday,advance
1 days,birmingham new street,stafford,Saturday,advance
0 days,london st pancras,birmingham new street,Friday,off-peak
0 days,london kings cross,york,Friday,off-peak
1 days,london paddington,reading,Saturday,advance
1 days,london st pancras,birmingham new street,Saturday,advance
1 days,london euston,manchester piccadilly,Saturday,advance
1 days,london euston,birmingham new street,Saturday,advance
1 days,london st pancras,birmingham new street,Saturday,advance
1 days,manchester piccadilly,liverpool lime street,Saturday,advance
1 days,liverpool lime street,manchester piccadilly,Saturday,advance
1 days,liverpool lime street,manchester piccadilly,Saturday,advance
1 days,liverpool lime street,manchester piccadilly,Saturday,advance
1 days,london euston,birmingham new street,Saturday,advance
1 days,london kings cross,york,Saturday,advance
1 days,london kings cross,york,Saturday,advance
0 days,liverpool lime street,manchester piccadilly,Saturday,off-peak
0 days,liverpool lime street,manchester piccadilly,Saturday,off-peak
0 days,london paddington,reading,Saturday,off-peak
0 days,liverpool lime street,manchester piccadilly,Saturday,off-peak
0 days,liverpool lime street,london euston,Saturday,off-peak
1 days,liverpool lime street,manchester piccadilly,Sunday,advance
0 days,york,durham,Saturday,off-peak
0 days,manchester piccadilly,nottingham,Saturday,off-peak
0 days,liverpool lime street,manchester piccadilly,Saturday,off-peak
0 days,london euston,birmingham new street,Saturday,off-peak
0 days,london paddington,reading,Saturday,off-peak
1 days,manchester piccadilly,london paddington,Sunday,advance
0 days,london kings cross,york,Saturday,off-peak
1 days,london kings cross,york,Sunday,advance
1 days,manchester piccadilly,liverpool lime street,Sunday,advance
1 days,london st pancras,birmingham new street,Sunday,advance
1 days,liverpool lime street,manchester piccadilly,Sunday,advance
1 days,london kings cross,york,Sunday,advance
0 days,london kings cross,york,Saturday,off-peak
0 days,london kings cross,york,Saturday,off-peak
1 days,london kings cross,york,Sunday,advance
1 days,london kings cross,york,Sunday,advance
0 days,london euston,birmingham new street,Saturday,off-peak
0 days,london paddington,reading,Saturday,off-peak
0 days,london st pancras,birmingham new street,Saturday,off-peak
1 days,london paddington,reading,Sunday,advance
0 days,birmingham new street,london st pancras,Saturday,off-peak
1 days,london st pancras,birmingham new street,Sunday,advance
1 days,london paddington,reading,Sunday,advance
0 days,liverpool lime street,sheffield,Saturday,off-peak
0 days,london kings cross,york,Saturday,off-peak
1 days,london euston,birmingham new street,Sunday,advance
0 days,london paddington,reading,Saturday,off-peak
1 days,liverpool lime street,manchester piccadilly,Sunday,advance
1 days,manchester piccadilly,liverpool lime street,Sunday,advance
0 days,liverpool lime street,london euston,Saturday,off-peak
0 days,london euston,birmingham new street,Saturday,off-peak
1 days,liverpool lime street,manchester piccadilly,Sunday,advance
0 days,london paddington,reading,Saturday,off-peak
0 days,york,peterborough,Saturday,off-peak
0 days,london paddington,reading,Saturday,off-peak
0 days,manchester piccadilly,liverpool lime street,Saturday,off-peak
0 days,manchester piccadilly,liverpool lime street,Saturday,off-peak
1 days,london paddington,reading,Sunday,advance
0 days,birmingham new street,london st pancras,Saturday,off-peak
0 days,york,doncaster,Saturday,off-peak
1 days,york,durham,Sunday,advance
0 days,birmingham new street,london st pancras,Saturday,off-peak
0 days,birmingham new street,london st pancras,Saturday,off-peak
0 days,london euston,manchester piccadilly,Saturday,off-peak
0 days,birmingham new street,london st pancras,Saturday,off-peak
0 days,birmingham new street,london st pancras,Saturday,off-peak
0 days,london st pancras,birmingham new street,Saturday,off-peak
1 days,london euston,birmingham new street,Sunday,advance
0 days,london paddington,reading,Saturday,off-peak
1 days,london euston,birmingham new street,Sunday,advance
0 days,london kings cross,york,Saturday,off-peak
0 days,london kings cross,york,Saturday,off-peak
1 days,london st pancras,birmingham new street,Sunday,advance
0 days,london kings cross,york,Saturday,off-peak
0 days,york,peterborough,Saturday,off-peak
0 days,london paddington,london waterloo,Saturday,off-peak
1 days,london st pancras,birmingham new street,Sunday,advance
0 days,london kings cross,york,Saturday,off-peak
0 days,london kings cross,york,Saturday,off-peak
0 days,manchester piccadilly,london paddington,Saturday,off-peak
1 days,london kings cross,york,Sunday,advance
0 days,manchester piccadilly,london euston,Saturday,off-peak
0 days,birmingham new street,london euston,Saturday,off-peak
0 days,london kings cross,york,Saturday,off-peak
0 days,liverpool lime street,london euston,Saturday,off-peak
0 days,london euston,manchester piccadilly,Saturday,off-peak
0 days,liverpool lime street,london euston,Saturday,off-peak
1 days,london kings cross,york,Sunday,advance
0 days,reading,oxford,Saturday,off-peak
0 days,liverpool lime street,manchester piccadilly,Saturday,off-peak
0 days,london euston,birmingham new street,Saturday,off-peak
0 days,manchester piccadilly,liverpool lime street,Saturday,off-peak
0 days,manchester piccadilly,leeds,Saturday,off-peak
1 days,london euston,birmingham new street,Sunday,advance
0 days,liverpool lime street,london paddington,Saturday,off-peak
0 days,london paddington,reading,Saturday,off-peak
1 days,liverpool lime street,manchester piccadilly,Sunday,advance
1 days,liverpool lime street,manchester piccadilly,Sunday,advance
1 days,london paddington,reading,Sunday,advance
0 days,london kings cross,edinburgh waverley,Saturday,off-peak
0 days,london st pancras,birmingham new street,Saturday,off-peak
1 days,manchester piccadilly,liverpool lime street,Sunday,advance
1 days,london kings cross,york,Sunday,advance
0 days,manchester piccadilly,liverpool lime street,Saturday,off-peak
1 days,london paddington,reading,Sunday,advance
1 days,london euston,birmingham new street,Sunday,advance
0 days,london paddington,reading,Saturday,off-peak
1 days,london kings cross,york,Sunday,advance
0 days,london paddington,reading,Saturday,off-peak
1 days,london kings cross,york,Sunday,advance
1 days,london paddington,oxford,Sunday,advance
1 days,liverpool lime street,manchester piccadilly,Sunday,advance
1 days,london paddington,reading,Sunday,advance
1 days,london paddington,oxford,Sunday,advance
1 days,london st pancras,birmingham new street,Sunday,advance
1 days,manchester piccadilly,liverpool lime street,Sunday,advance
0 days,liverpool lime street,manchester piccadilly,Saturday,off-peak
1 days,london euston,birmingham new street,Sunday,advance
1 days,london st pancras,birmingham new street,Sunday,advance
1 days,birmingham new street,london st pancras,Sunday,advance
0 days,london st pancras,birmingham new street,Saturday,off-peak
1 days,liverpool lime street,london euston,Sunday,advance
1 days,liverpool lime street,london euston,Sunday,advance
1 days,reading,oxford,Sunday,advance
1 days,liverpool lime street,london euston,Sunday,advance
0 days,london st pancras,birmingham new street,Saturday,off-peak
1 days,birmingham new street,liverpool lime street,Sunday,advance
1 days,london paddington,reading,Sunday,advance
0 days,london st pancras,birmingham new street,Saturday,off-peak
0 days,london st pancras,birmingham new street,Saturday,off-peak
0 days,london kings cross,york,Saturday,off-peak
1 days,london euston,birmingham new street,Sunday,advance
1 days,liverpool lime street,manchester piccadilly,Sunday,advance
1 days,birmingham new street,london st pancras,Sunday,advance
0 days,birmingham new street,manchester piccadilly,Saturday,off-peak
0 days,liverpool lime street,manchester piccadilly,Saturday,off-peak
0 days,london euston,birmingham new street,Saturday,off-peak
0 days,london paddington,reading,Saturday,off-peak
1 days,london kings cross,york,Sunday,advance
1 days,london kings cross,york,Sunday,advance
1 days,liverpool lime street,manchester piccadilly,Sunday,advance
0 days,london kings cross,york,Saturday,off-peak
0 days,london st pancras,birmingham new street,Saturday,off-peak
0 days,liverpool lime street,manchester piccadilly,Saturday,off-peak
1 days,london kings cross,york,Sunday,advance
0 days,reading,london paddington,Saturday,off-peak
0 days,manchester piccadilly,liverpool lime street,Saturday,off-peak
1 days,manchester piccadilly,liverpool lime street,Sunday,advance
1 days,london euston,birmingham new street,Sunday,advance
0 days,manchester piccadilly,liverpool lime street,Saturday,off-peak
1 days,manchester piccadilly,sheffield,Sunday,advance
0 days,london euston,birmingham new street,Saturday,off-peak
1 days,liverpool lime street,manchester piccadilly,Sunday,advance
1 days,london st pancras,birmingham new street,Sunday,advance
1 days,london kings cross,york,Sunday,advance
0 days,manchester piccadilly,liverpool lime street,Saturday,off-peak
0 days,manchester piccadilly,liverpool lime street,Saturday,off-peak
0 days,london kings cross,york,Saturday,off-peak
0 days,london euston,birmingham new street,Saturday,off-peak
1 days,manchester piccadilly,leeds,Sunday,advance
1 days,birmingham new street,london st pancras,Sunday,advance
0 days,london st pancras,birmingham new street,Saturday,off-peak
1 days,london st pancras,birmingham new street,Sunday,advance
0 days,london paddington,reading,Saturday,off-peak
0 days,london kings cross,york,Saturday,off-peak
0 days,london euston,birmingham new street,Saturday,off-peak
0 days,london kings cross,york,Saturday,off-peak
0 days,london kings cross,york,Saturday,off-peak
0 days,liverpool lime street,manchester piccadilly,Saturday,off-peak
0 days,london paddington,reading,Saturday,off-peak
1 days,york,edinburgh waverley,Sunday,advance
0 days,birmingham new street,manchester piccadilly,Saturday,off-peak
1 days,london paddington,reading,Sunday,advance
0 days,birmingham new street,manchester piccadilly,Saturday,off-peak
0 days,london euston,birmingham new street,Saturday,off-peak
0 days,london st pancras,leicester,Saturday,off-peak
1 days,manchester piccadilly,liverpool lime street,Sunday,advance
1 days,manchester piccadilly,liverpool lime street,Sunday,advance
1 days,reading,london paddington,Sunday,advance
0 days,london paddington,reading,Saturday,off-peak
0 days,london kings cross,york,Saturday,off-peak
0 days,london kings cross,york,Saturday,off-peak
1 days,liverpool lime street,manchester piccadilly,Sunday,advance
0 days,birmingham new street,stafford,Saturday,off-peak
1 days,york,edinburgh,Sunday,advance
0 days,liverpool lime street,london euston,Saturday,off-peak
1 days,london paddington,reading,Sunday,advance
0 days,liverpool lime street,manchester piccadilly,Saturday,off-peak
0 days,london kings cross,york,Saturday,off-peak
0 days,manchester piccadilly,liverpool lime street,Saturday,off-peak
1 days,london kings cross,york,Sunday,advance
0 days,manchester piccadilly,liverpool lime street,Saturday,off-peak
0 days,manchester piccadilly,liverpool lime street,Saturday,off-peak
1 days,london kings cross,york,Sunday,advance
1 days,london st pancras,birmingham new street,Sunday,advance
1 days,london euston,birmingham new street,Sunday,advance
1 days,london paddington,reading,Sunday,advance
1 days,london paddington,reading,Sunday,advance
1 days,london kings cross,york,Sunday,advance
0 days,london euston,manchester piccadilly,Saturday,off-peak
0 days,london st pancras,birmingham new street,Saturday,off-peak
0 days,manchester piccadilly,liverpool lime street,Saturday,off-peak
0 days,london paddington,reading,Saturday,off-peak
0 days,liverpool lime street,crewe,Saturday,off-peak
0 days,birmingham new street,nuneaton,Saturday,off-peak
0 days,birmingham new street,coventry,Saturday,off-peak
0 days,reading,didcot,Saturday,off-peak
0 days,liverpool lime street,crewe,Saturday,off-peak
1 days,london euston,birmingham new street,Sunday,advance
1 days,london paddington,reading,Sunday,advance
1 days,london euston,birmingham new street,Sunday,advance
1 days,london euston,birmingham new street,Sunday,advance
0 days,london paddington,reading,Saturday,off-peak
1 days,london euston,birmingham new street,Sunday,advance
1 days,london euston,birmingham new street,Sunday,advance
1 days,london st pancras,leicester,Sunday,advance
1 days,manchester piccadilly,liverpool lime street,Sunday,advance
0 days,london kings cross,york,Saturday,off-peak
1 days,birmingham new street,liverpool lime street,Sunday,advance
1 days,london kings cross,york,Sunday,advance
0 days,manchester piccadilly,liverpool lime street,Saturday,off-peak
0 days,manchester piccadilly,liverpool lime street,Saturday,off-peak
0 days,manchester piccadilly,liverpool lime street,Saturday,off-peak
1 days,london kings cross,york,Sunday,advance
1 days,london st pancras,birmingham new street,Sunday,advance
1 days,london euston,birmingham new street,Sunday,advance
1 days,london kings cross,york,Sunday,advance
0 days,manchester piccadilly,liverpool lime street,Saturday,off-peak
1 days,reading,oxford,Sunday,advance
1 days,london st pancras,birmingham new street,Sunday,advance
0 days,manchester piccadilly,liverpool lime street,Saturday,off-peak
1 days,london kings cross,york,Sunday,advance
1 days,manchester piccadilly,liverpool lime street,Sunday,advance
1 days,london paddington,reading,Sunday,advance
1 days,manchester piccadilly,liverpool lime street,Sunday,advance
1 days,manchester piccadilly,liverpool lime street,Sunday,advance
1 days,liverpool lime street,manchester piccadilly,Sunday,advance
1 days,birmingham new street,york,Sunday,advance
1 days,birmingham new street,york,Sunday,advance
1 days,london st pancras,birmingham new street,Sunday,advance
1 days,birmingham new street,tamworth,Sunday,advance
1 days,manchester piccadilly,liverpool lime street,Sunday,advance
1 days,london st pancras,birmingham new street,Sunday,advance
1 days,london st pancras,birmingham new street,Sunday,advance
1 days,london st pancras,birmingham new street,Sunday,advance
1 days,london kings cross,york,Sunday,advance
1 days,birmingham new street,tamworth,Sunday,advance
1 days,london st pancras,birmingham new street,Sunday,advance
1 days,london st pancras,birmingham new street,Sunday,advance
1 days,london kings cross,york,Sunday,advance
1 days,london st pancras,birmingham new street,Sunday,advance
1 days,london kings cross,york,Sunday,advance
1 days,london st pancras,birmingham new street,Sunday,advance
1 days,london st pancras,birmingham new street,Sunday,advance
1 days,london st pancras,birmingham new street,Sunday,advance
0 days,london paddington,reading,Saturday,off-peak
1 days,manchester piccadilly,liverpool lime street,Sunday,advance
0 days,london kings cross,york,Saturday,off-peak
1 days,liverpool lime street,manchester piccadilly,Sunday,advance
0 days,london euston,manchester piccadilly,Saturday,off-peak
1 days,manchester piccadilly,liverpool lime street,Sunday,advance
1 days,manchester piccadilly,liverpool lime street,Sunday,advance
0 days,london kings cross,york,Saturday,off-peak
1 days,london st pancras,birmingham new street,Sunday,advance
1 days,manchester piccadilly,liverpool lime street,Sunday,advance
1 days,london paddington,reading,Sunday,advance
1 days,london euston,birmingham new street,Sunday,advance
1 days,birmingham new street,liverpool lime street,Sunday,advance
1 days,london euston,birmingham new street,Sunday,advance
1 days,london kings cross,york,Sunday,advance
1 days,london paddington,reading,Sunday,advance
1 days,london paddington,reading,Sunday,advance
1 days,london st pancras,birmingham new street,Sunday,advance
1 days,london kings cross,york,Sunday,advance
1 days,london euston,birmingham new street,Monday,advance
0 days,manchester piccadilly,liverpool lime street,Sunday,off-peak
0 days,manchester piccadilly,liverpool lime street,Sunday,off-peak
0 days,london euston,birmingham new street,Sunday,off-peak
0 days,london st pancras,birmingham new street,Sunday,off-peak
0 days,liverpool lime street,manchester piccadilly,Sunday,off-peak
2 days,london kings cross,edinburgh waverley,Tuesday,advance
2 days,london kings cross,edinburgh waverley,Tuesday,advance
0 days,london kings cross,york,Sunday,off-peak
0 days,manchester piccadilly,nottingham,Sunday,off-peak
0 days,manchester piccadilly,nottingham,Sunday,off-peak
0 days,liverpool lime street,manchester piccadilly,Sunday,off-peak
1 days,london euston,manchester piccadilly,Monday,advance
1 days,london paddington,reading,Monday,advance
0 days,liverpool lime street,london paddington,Sunday,off-peak
1 days,london kings cross,york,Monday,advance
0 days,manchester piccadilly,sheffield,Sunday,off-peak
1 days,london paddington,reading,Monday,advance
0 days,liverpool lime street,manchester piccadilly,Sunday,off-peak
0 days,london st pancras,birmingham new street,Sunday,off-peak
0 days,liverpool lime street,manchester piccadilly,Sunday,off-peak
0 days,london st pancras,birmingham new street,Sunday,off-peak
0 days,london kings cross,york,Sunday,off-peak
1 days,manchester piccadilly,nottingham,Monday,advance
0 days,london kings cross,york,Sunday,off-peak
1 days,london euston,birmingham new street,Monday,advance
0 days,london euston,birmingham new street,Sunday,off-peak
0 days,london euston,manchester piccadilly,Sunday,off-peak
0 days,liverpool lime street,crewe,Sunday,off-peak
0 days,london kings cross,york,Sunday,off-peak
0 days,london paddington,reading,Sunday,off-peak
0 days,manchester piccadilly,liverpool lime street,Sunday,off-peak
0 days,manchester piccadilly,liverpool lime street,Sunday,off-peak
0 days,reading,london paddington,Sunday,off-peak
1 days,york,durham,Monday,advance
0 days,london euston,manchester piccadilly,Sunday,off-peak
0 days,london euston,birmingham new street,Sunday,off-peak
1 days,london kings cross,york,Monday,advance
1 days,liverpool lime street,manchester piccadilly,Monday,advance
0 days,liverpool lime street,manchester piccadilly,Sunday,off-peak
0 days,london st pancras,birmingham new street,Sunday,off-peak
1 days,london kings cross,york,Monday,advance
0 days,london paddington,reading,Sunday,off-peak
1 days,liverpool lime street,manchester piccadilly,Monday,advance
0 days,manchester piccadilly,liverpool lime street,Sunday,off-peak
0 days,london paddington,reading,Sunday,off-peak
0 days,london kings cross,york,Sunday,off-peak
0 days,london st pancras,birmingham new street,Sunday,off-peak
1 days,london kings cross,york,Monday,advance
0 days,york,peterborough,Sunday,off-peak
1 days,london st pancras,birmingham new street,Monday,advance
1 days,london st pancras,birmingham new street,Monday,advance
1 days,manchester piccadilly,london paddington,Monday,advance
0 days,london kings cross,york,Sunday,off-peak
0 days,reading,swindon,Sunday,off-peak
1 days,london paddington,reading,Monday,advance
0 days,york,peterborough,Sunday,off-peak
0 days,liverpool lime street,crewe,Sunday,off-peak
0 days,london paddington,london waterloo,Sunday,off-peak
1 days,london st pancras,birmingham new street,Monday,advance
0 days,london st pancras,birmingham new street,Sunday,off-peak
1 days,london st pancras,birmingham new street,Monday,advance
1 days,liverpool lime street,manchester piccadilly,Monday,advance
0 days,reading,oxford,Sunday,off-peak
0 days,liverpool lime street,london euston,Sunday,off-peak
0 days,liverpool lime street,london euston,Sunday,off-peak
1 days,london paddington,liverpool lime street,Monday,advance
1 days,london kings cross,york,Monday,advance
0 days,london kings cross,york,Sunday,off-peak
1 days,manchester piccadilly,liverpool lime street,Monday,advance
0 days,london kings cross,york,Sunday,off-peak
0 days,london kings cross,york,Sunday,off-peak
0 days,london paddington,oxford,Sunday,off-peak
0 days,london paddington,oxford,Sunday,off-peak
0 days,london paddington,reading,Sunday,off-peak
0 days,london euston,birmingham new street,Sunday,off-peak
0 days,london paddington,reading,Sunday,off-peak
1 days,london kings cross,liverpool lime street,Monday,advance
0 days,london kings cross,york,Sunday,off-peak
1 days,london paddington,reading,Monday,advance
1 days,manchester piccadilly,liverpool lime street,Monday,advance
1 days,london paddington,reading,Monday,advance
1 days,liverpool lime street,crewe,Monday,advance
1 days,manchester piccadilly,liverpool lime street,Monday,advance
1 days,london paddington,reading,Monday,advance
1 days,london kings cross,york,Monday,advance
1 days,london paddington,reading,Monday,advance
1 days,london euston,birmingham new street,Monday,advance
1 days,birmingham new street,london st pancras,Monday,advance
1 days,london st pancras,wolverhampton,Monday,advance
1 days,london euston,birmingham new street,Monday,advance
0 days,london euston,birmingham new street,Sunday,off-peak
1 days,london paddington,oxford,Monday,advance
1 days,london kings cross,york,Monday,advance
1 days,london paddington,reading,Monday,advance
1 days,liverpool lime street,manchester piccadilly,Monday,advance
1 days,london paddington,oxford,Monday,advance
1 days,london paddington,reading,Monday,advance
1 days,london kings cross,york,Monday,advance
1 days,london paddington,reading,Monday,advance
0 days,london kings cross,york,Sunday,off-peak
1 days,manchester piccadilly,liverpool lime street,Monday,advance
1 days,london paddington,reading,Monday,advance
1 days,london paddington,reading,Monday,advance
0 days,london paddington,reading,Sunday,off-peak
0 days,london euston,birmingham new street,Sunday,off-peak
1 days,london paddington,oxford,Monday,advance
1 days,london paddington,reading,Monday,advance
0 days,london paddington,reading,Sunday,off-peak
1 days,reading,swindon,Monday,advance
0 days,london euston,birmingham new street,Sunday,off-peak
1 days,reading,swindon,Monday,advance
1 days,london kings cross,york,Monday,advance
0 days,london euston,birmingham new street,Sunday,off-peak
1 days,liverpool lime street,london euston,Monday,advance
1 days,liverpool lime street,london euston,Monday,advance
1 days,liverpool lime street,london euston,Monday,advance
0 days,manchester piccadilly,liverpool lime street,Sunday,off-peak
1 days,liverpool lime street,london euston,Monday,advance
1 days,liverpool lime street,london euston,Monday,advance
0 days,manchester piccadilly,liverpool lime street,Sunday,off-peak
0 days,manchester piccadilly,liverpool lime street,Sunday,off-peak
1 days,london euston,birmingham new street,Monday,advance
1 days,london st pancras,birmingham new street,Monday,advance
1 days,manchester piccadilly,sheffield,Monday,advance
1 days,manchester piccadilly,liverpool lime street,Monday,advance
1 days,london paddington,reading,Monday,advance
0 days,london st pancras,birmingham new street,Sunday,off-peak
0 days,birmingham new street,london st pancras,Sunday,off-peak
1 days,manchester piccadilly,liverpool lime street,Monday,advance
0 days,birmingham new street,manchester piccadilly,Sunday,off-peak
1 days,manchester piccadilly,liverpool lime street,Monday,advance
1 days,london kings cross,york,Monday,advance
0 days,manchester piccadilly,liverpool lime street,Sunday,off-peak
0 days,london st pancras,birmingham new street,Sunday,off-peak
1 days,liverpool lime street,london st pancras,Monday,advance
1 days,london st pancras,birmingham new street,Monday,advance
1 days,liverpool lime street,manchester piccadilly,Monday,advance
0 days,york,edinburgh,Sunday,off-peak
0 days,manchester piccadilly,liverpool lime street,Sunday,off-peak
1 days,manchester piccadilly,liverpool lime street,Monday,advance
0 days,london paddington,reading,Sunday,off-peak
0 days,london paddington,reading,Sunday,off-peak
1 days,london kings cross,york,Monday,advance
1 days,birmingham new street,liverpool lime street,Monday,advance
0 days,london paddington,reading,Sunday,off-peak
0 days,liverpool lime street,manchester piccadilly,Sunday,off-peak
1 days,london euston,birmingham new street,Monday,advance
0 days,liverpool lime street,manchester piccadilly,Sunday,off-peak
0 days,london st pancras,birmingham new street,Sunday,off-peak
0 days,manchester piccadilly,liverpool lime street,Sunday,off-peak
1 days,manchester piccadilly,liverpool lime street,Monday,advance
1 days,manchester piccadilly,liverpool lime street,Monday,advance
0 days,london paddington,reading,Sunday,off-peak
0 days,birmingham new street,liverpool lime street,Sunday,off-peak
0 days,london euston,birmingham new street,Sunday,off-peak
0 days,london euston,birmingham new street,Sunday,off-peak
0 days,london euston,birmingham new street,Sunday,off-peak
0 days,london euston,birmingham new street,Sunday,off-peak
0 days,london st pancras,birmingham new street,Sunday,off-peak
0 days,london euston,birmingham new street,Sunday,off-peak
0 days,manchester piccadilly,liverpool lime street,Sunday,off-peak
0 days,london kings cross,york,Sunday,off-peak
0 days,london euston,birmingham new street,Sunday,off-peak
0 days,london euston,birmingham new street,Sunday,off-peak
1 days,london kings cross,york,Monday,advance
0 days,london euston,birmingham new street,Sunday,off-peak
0 days,manchester piccadilly,liverpool lime street,Sunday,off-peak
0 days,london euston,birmingham new street,Sunday,off-peak
1 days,liverpool lime street,london euston,Monday,advance
0 days,birmingham new street,liverpool lime street,Sunday,off-peak
1 days,london st pancras,birmingham new street,Monday,advance
0 days,london kings cross,york,Sunday,off-peak
0 days,london kings cross,york,Sunday,off-peak
0 days,manchester piccadilly,liverpool lime street,Sunday,off-peak
1 days,liverpool lime street,sheffield,Monday,advance
0 days,birmingham new street,stafford,Sunday,off-peak
0 days,london st pancras,birmingham new street,Sunday,off-peak
0 days,london st pancras,birmingham new street,Sunday,off-peak
0 days,london euston,manchester piccadilly,Sunday,off-peak
0 days,london kings cross,york,Sunday,off-peak
0 days,liverpool lime street,london euston,Sunday,off-peak
0 days,manchester piccadilly,liverpool lime street,Sunday,off-peak
1 days,manchester piccadilly,london euston,Monday,advance
0 days,manchester piccadilly,liverpool lime street,Sunday,off-peak
0 days,liverpool lime street,manchester piccadilly,Sunday,off-peak
0 days,london euston,birmingham new street,Sunday,off-peak
1 days,london st pancras,birmingham new street,Monday,advance
1 days,manchester piccadilly,liverpool lime street,Monday,advance
1 days,london st pancras,birmingham new street,Monday,advance
1 days,london st pancras,birmingham new street,Monday,advance
0 days,london st pancras,birmingham new street,Sunday,off-peak
1 days,birmingham new street,liverpool lime street,Monday,advance
0 days,liverpool lime street,london euston,Sunday,off-peak
1 days,london paddington,reading,Monday,advance
1 days,reading,london paddington,Monday,advance
1 days,york,edinburgh,Monday,advance
0 days,london st pancras,birmingham new street,Sunday,off-peak
0 days,liverpool lime street,crewe,Sunday,off-peak
0 days,birmingham new street,nuneaton,Sunday,off-peak
0 days,london st pancras,birmingham new street,Sunday,off-peak
0 days,london st pancras,birmingham new street,Sunday,off-peak
0 days,london st pancras,birmingham new street,Sunday,off-peak
0 days,liverpool lime street,crewe,Sunday,off-peak
0 days,reading,didcot,Sunday,off-peak
0 days,birmingham new street,nuneaton,Sunday,off-peak
1 days,london kings cross,york,Monday,advance
1 days,manchester piccadilly,liverpool lime street,Monday,advance
0 days,manchester piccadilly,liverpool lime street,Sunday,off-peak
1 days,london euston,birmingham new street,Monday,advance
1 days,london euston,birmingham new street,Monday,advance
1 days,manchester piccadilly,liverpool lime street,Monday,advance
1 days,london euston,birmingham new street,Monday,advance
1 days,birmingham new street,manchester piccadilly,Monday,advance
1 days,birmingham new street,manchester piccadilly,Monday,advance
1 days,manchester piccadilly,london kings cross,Monday,advance
0 days,london st pancras,leicester,Sunday,off-peak
0 days,manchester piccadilly,liverpool lime street,Sunday,off-peak
1 days,manchester piccadilly,liverpool lime street,Monday,advance
0 days,london st pancras,leicester,Sunday,off-peak
0 days,manchester piccadilly,liverpool lime street,Sunday,off-peak
0 days,london st pancras,leicester,Sunday,off-peak
0 days,london paddington,reading,Sunday,off-peak
1 days,london st pancras,birmingham new street,Monday,advance
0 days,london paddington,reading,Sunday,off-peak
1 days,liverpool lime street,manchester piccadilly,Monday,advance
0 days,manchester piccadilly,liverpool lime street,Sunday,off-peak
1 days,manchester piccadilly,liverpool lime street,Monday,advance
0 days,reading,oxford,Sunday,off-peak
1 days,london euston,birmingham new street,Monday,advance
1 days,london st pancras,leicester,Monday,advance
1 days,manchester piccadilly,liverpool lime street,Monday,advance
0 days,london euston,birmingham new street,Sunday,off-peak
1 days,london st pancras,birmingham new street,Monday,advance
1 days,manchester piccadilly,liverpool lime street,Monday,advance
1 days,reading,swindon,Monday,advance
1 days,london euston,birmingham new street,Monday,advance
1 days,london kings cross,york,Monday,advance
1 days,london paddington,reading,Monday,advance
1 days,london paddington,reading,Monday,advance
1 days,london kings cross,york,Monday,advance
1 days,birmingham new street,coventry,Monday,advance
1 days,london kings cross,york,Monday,advance
1 days,birmingham new street,stafford,Monday,advance
1 days,manchester piccadilly,liverpool lime street,Monday,advance
1 days,london st pancras,birmingham new street,Monday,advance
1 days,london kings cross,york,Monday,advance
1 days,london st pancras,birmingham new street,Monday,advance
1 days,london st pancras,birmingham new street,Monday,advance
0 days,london st pancras,birmingham new street,Sunday,off-peak
1 days,manchester piccadilly,liverpool lime street,Monday,advance
1 days,london paddington,reading,Monday,advance
1 days,london st pancras,birmingham new street,Monday,advance
1 days,manchester piccadilly,liverpool lime street,Monday,advance
1 days,liverpool lime street,manchester piccadilly,Monday,advance
1 days,manchester piccadilly,london euston,Monday,advance
1 days,liverpool lime street,manchester piccadilly,Monday,advance
1 days,liverpool lime street,manchester piccadilly,Monday,advance
1 days,manchester piccadilly,liverpool lime street,Monday,advance
1 days,london st pancras,birmingham new street,Monday,advance
1 days,manchester piccadilly,liverpool lime street,Monday,advance
1 days,manchester piccadilly,liverpool lime street,Monday,advance
1 days,liverpool lime street,manchester piccadilly,Monday,advance
1 days,liverpool lime street,manchester piccadilly,Monday,advance
1 days,liverpool lime street,manchester piccadilly,Monday,advance
1 days,london paddington,reading,Monday,advance
1 days,london euston,birmingham new street,Monday,advance
0 days,manchester piccadilly,liverpool lime street,Monday,off-peak
0 days,london euston,oxford,Monday,off-peak
0 days,manchester piccadilly,london euston,Monday,off-peak
0 days,london kings cross,liverpool lime street,Monday,off-peak
2 days,london kings cross,edinburgh waverley,Wednesday,advance
0 days,manchester piccadilly,nottingham,Monday,off-peak
2 days,london kings cross,edinburgh waverley,Wednesday,advance
0 days,liverpool lime street,manchester piccadilly,Monday,off-peak
1 days,liverpool lime street,manchester piccadilly,Tuesday,advance
1 days,london paddington,reading,Tuesday,advance
1 days,london paddington,reading,Tuesday,advance
0 days,manchester piccadilly,london paddington,Monday,off-peak
0 days,london euston,birmingham new street,Monday,off-peak
1 days,reading,london paddington,Tuesday,advance
0 days,london paddington,reading,Monday,off-peak
0 days,liverpool lime street,manchester piccadilly,Monday,off-peak
1 days,london paddington,reading,Tuesday,advance
1 days,manchester piccadilly,liverpool lime street,Tuesday,advance
1 days,liverpool lime street,manchester piccadilly,Tuesday,advance
0 days,london paddington,reading,Monday,off-peak
1 days,liverpool lime street,manchester piccadilly,Tuesday,advance
0 days,london euston,birmingham new street,Monday,off-peak
0 days,liverpool lime street,manchester piccadilly,Monday,off-peak
0 days,birmingham new street,london st pancras,Monday,off-peak
1 days,liverpool lime street,manchester piccadilly,Tuesday,advance
0 days,london kings cross,york,Monday,off-peak
0 days,london st pancras,birmingham new street,Monday,off-peak
1 days,manchester piccadilly,london paddington,Tuesday,advance
1 days,manchester piccadilly,liverpool lime street,Tuesday,advance
0 days,london paddington,reading,Monday,off-peak
1 days,liverpool lime street,manchester piccadilly,Tuesday,advance
0 days,manchester piccadilly,liverpool lime street,Monday,off-peak
0 days,manchester piccadilly,liverpool lime street,Monday,off-peak
0 days,manchester piccadilly,liverpool lime street,Monday,off-peak
1 days,liverpool lime street,manchester piccadilly,Tuesday,advance
0 days,manchester piccadilly,liverpool lime street,Monday,anytime
0 days,london kings cross,york,Monday,anytime
0 days,london kings cross,york,Monday,anytime
1 days,london paddington,reading,Tuesday,advance
0 days,london kings cross,york,Monday,anytime
0 days,manchester piccadilly,liverpool lime street,Monday,anytime
0 days,birmingham new street,london st pancras,Monday,anytime
0 days,birmingham new street,london kings cross,Monday,anytime
0 days,london kings cross,york,Monday,anytime
0 days,birmingham new street,london st pancras,Monday,anytime
0 days,york,doncaster,Monday,anytime
0 days,london euston,manchester piccadilly,Monday,anytime
1 days,liverpool lime street,manchester piccadilly,Tuesday,advance
0 days,london st pancras,birmingham new street,Monday,anytime
0 days,birmingham new street,london st pancras,Monday,anytime
0 days,london euston,birmingham new street,Monday,anytime
0 days,liverpool lime street,manchester piccadilly,Monday,anytime
0 days,london kings cross,york,Monday,anytime
0 days,london paddington,reading,Monday,anytime
1 days,london kings cross,york,Tuesday,advance
1 days,london euston,birmingham new street,Tuesday,advance
1 days,london st pancras,birmingham new street,Tuesday,advance
1 days,manchester piccadilly,liverpool lime street,Tuesday,advance
0 days,london kings cross,york,Monday,anytime
1 days,london st pancras,birmingham new street,Tuesday,advance
1 days,london st pancras,birmingham new street,Tuesday,advance
0 days,london kings cross,york,Monday,anytime
1 days,birmingham new street,london st pancras,Tuesday,advance
0 days,liverpool lime street,crewe,Monday,anytime
0 days,york,doncaster,Monday,anytime
0 days,liverpool lime street,london euston,Monday,anytime
0 days,liverpool lime street,london euston,Monday,anytime
0 days,liverpool lime street,london euston,Monday,anytime
0 days,liverpool lime street,london euston,Monday,anytime
0 days,london paddington,reading,Monday,anytime
0 days,london euston,manchester piccadilly,Monday,anytime
0 days,london paddington,reading,Monday,anytime
0 days,liverpool lime street,london euston,Monday,anytime
0 days,reading,oxford,Monday,anytime
0 days,liverpool lime street,london euston,Monday,anytime
1 days,manchester piccadilly,liverpool lime street,Tuesday,advance
0 days,london kings cross,york,Monday,anytime
0 days,london paddington,reading,Monday,anytime
1 days,liverpool lime street,manchester piccadilly,Tuesday,advance
0 days,manchester piccadilly,leeds,Monday,off-peak
1 days,york,peterborough,Tuesday,advance
1 days,london paddington,reading,Tuesday,advance
1 days,manchester piccadilly,liverpool lime street,Tuesday,advance
0 days,liverpool lime street,manchester piccadilly,Monday,off-peak
1 days,manchester piccadilly,liverpool lime street,Tuesday,advance
1 days,manchester piccadilly,liverpool lime street,Tuesday,advance
1 days,manchester piccadilly,liverpool lime street,Tuesday,advance
1 days,london kings cross,york,Tuesday,advance
1 days,london kings cross,york,Tuesday,advance
1 days,york,doncaster,Tuesday,advance
1 days,birmingham new street,london st pancras,Tuesday,advance
1 days,london kings cross,york,Tuesday,advance
1 days,london kings cross,york,Tuesday,advance
1 days,london euston,manchester piccadilly,Tuesday,advance
1 days,london paddington,reading,Tuesday,advance
1 days,london paddington,reading,Tuesday,advance
1 days,london paddington,oxford,Tuesday,advance
0 days,liverpool lime street,manchester piccadilly,Monday,off-peak
1 days,liverpool lime street,manchester piccadilly,Tuesday,advance
1 days,liverpool lime street,manchester piccadilly,Tuesday,advance
1 days,liverpool lime street,manchester piccadilly,Tuesday,advance
1 days,reading,swindon,Tuesday,advance
1 days,bristol temple meads,cardiff central,Tuesday,advance
1 days,london kings cross,york,Tuesday,advance
1 days,liverpool lime street,manchester piccadilly,Tuesday,advance
1 days,london paddington,reading,Tuesday,advance
1 days,liverpool lime street,london euston,Tuesday,advance
0 days,london st pancras,birmingham new street,Monday,off-peak
1 days,manchester piccadilly,liverpool lime street,Tuesday,advance
1 days,liverpool lime street,london euston,Tuesday,advance
1 days,liverpool lime street,london euston,Tuesday,advance
1 days,london paddington,reading,Tuesday,advance
1 days,manchester piccadilly,london euston,Tuesday,advance
1 days,liverpool lime street,london euston,Tuesday,advance
1 days,liverpool lime street,london euston,Tuesday,advance
1 days,london paddington,reading,Tuesday,advance
1 days,manchester piccadilly,london euston,Tuesday,advance
1 days,liverpool lime street,london euston,Tuesday,advance
1 days,london paddington,reading,Tuesday,advance
1 days,manchester piccadilly,sheffield,Tuesday,advance
1 days,london euston,birmingham new street,Tuesday,advance
1 days,manchester piccadilly,leeds,Tuesday,advance
1 days,london euston,birmingham new street,Tuesday,advance
1 days,london paddington,reading,Tuesday,advance
1 days,london paddington,reading,Tuesday,advance
0 days,london kings cross,york,Monday,off-peak
1 days,manchester piccadilly,nottingham,Tuesday,advance
1 days,manchester piccadilly,liverpool lime street,Tuesday,advance
1 days,london kings cross,liverpool lime street,Tuesday,advance
1 days,liverpool lime street,manchester piccadilly,Tuesday,advance
1 days,manchester piccadilly,liverpool lime street,Tuesday,advance
0 days,london paddington,reading,Monday,off-peak
0 days,london paddington,reading,Monday,off-peak
0 days,london euston,birmingham new street,Monday,off-peak
0 days,london kings cross,york,Monday,off-peak
0 days,manchester piccadilly,liverpool lime street,Monday,off-peak
0 days,liverpool lime street,manchester piccadilly,Monday,off-peak
1 days,london st pancras,birmingham new street,Tuesday,advance
1 days,birmingham new street,manchester piccadilly,Tuesday,advance
0 days,manchester piccadilly,liverpool lime street,Monday,off-peak
0 days,manchester piccadilly,london paddington,Monday,off-peak
0 days,liverpool lime street,manchester piccadilly,Monday,off-peak
0 days,liverpool lime street,sheffield,Monday,off-peak
1 days,london euston,birmingham new street,Tuesday,advance
0 days,york,edinburgh,Monday,off-peak
0 days,london paddington,reading,Monday,off-peak
1 days,london st pancras,birmingham new street,Tuesday,advance
1 days,london euston,birmingham new street,Tuesday,advance
1 days,london kings cross,york,Tuesday,advance
1 days,london euston,birmingham new street,Tuesday,advance
0 days,manchester piccadilly,liverpool lime street,Monday,off-peak
1 days,london kings cross,york,Tuesday,advance
1 days,liverpool lime street,manchester piccadilly,Tuesday,advance
1 days,london kings cross,york,Tuesday,advance
1 days,london kings cross,york,Tuesday,advance
0 days,london kings cross,york,Monday,off-peak
1 days,birmingham new street,london st pancras,Tuesday,advance
0 days,london st pancras,birmingham new street,Monday,off-peak
0 days,london euston,birmingham new street,Monday,off-peak
1 days,manchester piccadilly,liverpool lime street,Tuesday,advance
0 days,london paddington,reading,Monday,off-peak
0 days,london euston,birmingham new street,Monday,off-peak
0 days,birmingham new street,liverpool lime street,Monday,off-peak
0 days,london euston,birmingham new street,Monday,anytime
0 days,london kings cross,york,Monday,anytime
0 days,manchester piccadilly,liverpool lime street,Monday,anytime
0 days,london euston,birmingham new street,Monday,anytime
0 days,london euston,birmingham new street,Monday,anytime
0 days,london euston,birmingham new street,Monday,anytime
1 days,london kings cross,york,Tuesday,advance
0 days,manchester piccadilly,liverpool lime street,Monday,anytime
1 days,london kings cross,york,Tuesday,advance
1 days,london st pancras,birmingham new street,Tuesday,advance
0 days,manchester piccadilly,liverpool lime street,Monday,anytime
1 days,manchester piccadilly,liverpool lime street,Tuesday,advance
0 days,manchester piccadilly,liverpool lime street,Monday,anytime
1 days,london euston,birmingham new street,Tuesday,advance
1 days,manchester piccadilly,liverpool lime street,Tuesday,advance
0 days,london paddington,reading,Monday,anytime
1 days,manchester piccadilly,liverpool lime street,Tuesday,advance
0 days,birmingham new street,london euston,Monday,off-peak
1 days,london paddington,reading,Tuesday,advance
1 days,reading,london paddington,Tuesday,advance
0 days,london kings cross,york,Monday,anytime
0 days,london kings cross,york,Monday,anytime
1 days,manchester piccadilly,london paddington,Tuesday,advance
0 days,london kings cross,york,Monday,anytime
1 days,london paddington,reading,Tuesday,advance
0 days,london euston,birmingham new street,Monday,anytime
0 days,liverpool lime street,manchester piccadilly,Monday,anytime
1 days,london euston,birmingham new street,Tuesday,advance
1 days,london st pancras,birmingham new street,Tuesday,advance
0 days,manchester piccadilly,liverpool lime street,Monday,anytime
0 days,manchester piccadilly,liverpool lime street,Monday,anytime
1 days,london kings cross,york,Tuesday,advance
0 days,manchester piccadilly,liverpool lime street,Monday,anytime
0 days,manchester piccadilly,warrington,Monday,anytime
0 days,london euston,birmingham new street,Monday,anytime
0 days,manchester piccadilly,liverpool lime street,Monday,anytime
0 days,manchester piccadilly,liverpool lime street,Monday,anytime
0 days,london st pancras,birmingham new street,Monday,anytime
0 days,london st pancras,birmingham new street,Monday,anytime
0 days,london paddington,reading,Monday,anytime
1 days,london paddington,reading,Tuesday,advance
1 days,london st pancras,birmingham new street,Tuesday,advance
0 days,liverpool lime street,manchester piccadilly,Monday,anytime
0 days,london euston,manchester piccadilly,Monday,anytime
1 days,liverpool lime street,manchester piccadilly,Tuesday,advance
0 days,liverpool lime street,crewe,Monday,anytime
0 days,liverpool lime street,crewe,Monday,anytime
0 days,london euston,manchester piccadilly,Monday,anytime
0 days,london st pancras,birmingham new street,Monday,anytime
1 days,london euston,manchester piccadilly,Tuesday,advance
0 days,birmingham new street,tamworth,Monday,anytime
1 days,london euston,birmingham new street,Tuesday,advance
1 days,york,peterborough,Tuesday,advance
1 days,london euston,birmingham new street,Tuesday,advance
1 days,london euston,birmingham new street,Tuesday,advance
1 days,london paddington,reading,Tuesday,advance
1 days,london euston,birmingham new street,Tuesday,advance
1 days,york,peterborough,Tuesday,advance
1 days,manchester piccadilly,liverpool lime street,Tuesday,advance
1 days,london paddington,reading,Tuesday,advance
1 days,london kings cross,york,Tuesday,advance
1 days,birmingham new street,manchester piccadilly,Tuesday,advance
1 days,manchester piccadilly,liverpool lime street,Tuesday,advance
1 days,manchester piccadilly,liverpool lime street,Tuesday,advance
0 days,manchester piccadilly,liverpool lime street,Monday,anytime
0 days,london st pancras,leicester,Monday,anytime
1 days,london st pancras,birmingham new street,Tuesday,advance
0 days,london st pancras,birmingham new street,Monday,off-peak
1 days,london paddington,reading,Tuesday,advance
1 days,manchester piccadilly,liverpool lime street,Tuesday,advance
1 days,london kings cross,york,Tuesday,advance
1 days,manchester piccadilly,liverpool lime street,Tuesday,advance
1 days,manchester piccadilly,liverpool lime street,Tuesday,advance
1 days,london kings cross,york,Tuesday,advance
1 days,london euston,birmingham new street,Tuesday,advance
1 days,manchester piccadilly,liverpool lime street,Tuesday,advance
0 days,london paddington,reading,Monday,off-peak
0 days,london paddington,reading,Monday,off-peak
1 days,london euston,birmingham new street,Tuesday,advance
0 days,london euston,birmingham new street,Monday,off-peak
1 days,birmingham new street,nuneaton,Tuesday,advance
1 days,manchester piccadilly,liverpool lime street,Tuesday,advance
1 days,london paddington,reading,Tuesday,advance
1 days,birmingham new street,tamworth,Tuesday,advance
1 days,london st pancras,birmingham new street,Tuesday,advance
1 days,london st pancras,birmingham new street,Tuesday,advance
1 days,manchester piccadilly,liverpool lime street,Tuesday,advance
1 days,london st pancras,birmingham new street,Tuesday,advance
1 days,london st pancras,birmingham new street,Tuesday,advance
1 days,birmingham new street,coventry,Tuesday,advance
1 days,london kings cross,york,Tuesday,advance
0 days,london kings cross,york,Monday,off-peak
0 days,london kings cross,york,Monday,off-peak
1 days,manchester piccadilly,liverpool lime street,Tuesday,advance
1 days,london kings cross,york,Tuesday,advance
1 days,manchester piccadilly,liverpool lime street,Tuesday,advance
1 days,london euston,birmingham new street,Tuesday,advance
1 days,liverpool lime street,manchester piccadilly,Tuesday,advance
1 days,birmingham new street,liverpool lime street,Tuesday,advance
1 days,liverpool lime street,manchester piccadilly,Tuesday,advance
1 days,liverpool lime street,manchester piccadilly,Tuesday,advance
1 days,liverpool lime street,manchester piccadilly,Tuesday,advance
1 days,london euston,birmingham new street,Tuesday,advance
0 days,liverpool lime street,manchester piccadilly,Tuesday,off-peak
1 days,manchester piccadilly,leeds,Wednesday,advance
0 days,oxford,bristol temple meads,Tuesday,off-peak
0 days,york,durham,Tuesday,off-peak
0 days,london paddington,reading,Tuesday,off-peak
0 days,liverpool lime street,manchester piccadilly,Tuesday,off-peak
1 days,liverpool lime street,manchester piccadilly,Wednesday,advance
0 days,london st pancras,birmingham new street,Tuesday,off-peak
1 days,london kings cross,york,Wednesday,advance
0 days,london kings cross,york,Tuesday,off-peak
0 days,london kings cross,york,Tuesday,off-peak
0 days,manchester piccadilly,london paddington,Tuesday,off-peak
0 days,london euston,birmingham new street,Tuesday,off-peak
1 days,manchester piccadilly,liverpool lime street,Wednesday,advance
0 days,liverpool lime street,manchester piccadilly,Tuesday,off-peak
1 days,birmingham new street,london st pancras,Wednesday,advance
1 days,liverpool lime street,manchester piccadilly,Wednesday,advance
0 days,liverpool lime street,manchester piccadilly,Tuesday,off-peak
0 days,birmingham new street,reading,Tuesday,off-peak
0 days,manchester piccadilly,sheffield,Tuesday,off-peak
0 days,london euston,birmingham new street,Tuesday,off-peak
0 days,london euston,birmingham new street,Tuesday,off-peak
0 days,london euston,birmingham new street,Tuesday,off-peak
0 days,london st pancras,birmingham new street,Tuesday,off-peak
1 days,york,durham,Wednesday,advance
1 days,london st pancras,birmingham new street,Wednesday,advance
0 days,manchester piccadilly,liverpool lime street,Tuesday,off-peak
1 days,manchester piccadilly,nottingham,Wednesday,advance
1 days,london kings cross,york,Wednesday,advance
0 days,london euston,birmingham new street,Tuesday,off-peak
1 days,liverpool lime street,manchester piccadilly,Wednesday,advance
1 days,london euston,birmingham new street,Wednesday,advance
1 days,london euston,birmingham new street,Wednesday,advance
1 days,london euston,birmingham new street,Wednesday,advance
1 days,london euston,birmingham new street,Wednesday,advance
0 days,birmingham new street,london st pancras,Tuesday,off-peak
1 days,manchester piccadilly,liverpool lime street,Wednesday,advance
0 days,london paddington,reading,Tuesday,off-peak
0 days,manchester piccadilly,liverpool lime street,Tuesday,off-peak
0 days,manchester piccadilly,london euston,Tuesday,off-peak
0 days,london st pancras,birmingham new street,Tuesday,off-peak
1 days,london kings cross,york,Wednesday,advance
0 days,london paddington,reading,Tuesday,anytime
0 days,manchester piccadilly,liverpool lime street,Tuesday,anytime
1 days,manchester piccadilly,london euston,Wednesday,advance
0 days,birmingham new street,london kings cross,Tuesday,anytime
0 days,london euston,birmingham new street,Tuesday,anytime
0 days,london euston,birmingham new street,Tuesday,anytime
1 days,birmingham new street,reading,Wednesday,advance
0 days,london euston,manchester piccadilly,Tuesday,anytime
0 days,london st pancras,wolverhampton,Tuesday,anytime
0 days,london st pancras,birmingham new street,Tuesday,anytime
0 days,liverpool lime street,manchester piccadilly,Tuesday,anytime
0 days,birmingham new street,london st pancras,Tuesday,anytime
1 days,london kings cross,york,Wednesday,advance
1 days,london paddington,reading,Wednesday,advance
0 days,london kings cross,york,Tuesday,anytime
0 days,reading,swindon,Tuesday,anytime
0 days,liverpool lime street,manchester piccadilly,Tuesday,anytime
0 days,york,peterborough,Tuesday,anytime
0 days,london kings cross,york,Tuesday,anytime
0 days,london kings cross,york,Tuesday,anytime
0 days,london paddington,london waterloo,Tuesday,anytime
0 days,york,peterborough,Tuesday,anytime
1 days,liverpool lime street,manchester piccadilly,Wednesday,advance
1 days,london st pancras,birmingham new street,Wednesday,advance
1 days,manchester piccadilly,liverpool lime street,Wednesday,advance
0 days,london paddington,reading,Tuesday,anytime
0 days,liverpool lime street,london euston,Tuesday,anytime
0 days,liverpool lime street,london euston,Tuesday,anytime
0 days,london euston,birmingham new street,Tuesday,anytime
0 days,london paddington,oxford,Tuesday,anytime
0 days,london paddington,oxford,Tuesday,anytime
0 days,london paddington,reading,Tuesday,anytime
0 days,london paddington,oxford,Tuesday,anytime
0 days,london paddington,oxford,Tuesday,anytime
0 days,london paddington,oxford,Tuesday,anytime
0 days,london paddington,reading,Tuesday,anytime
0 days,london paddington,reading,Tuesday,anytime
0 days,london paddington,reading,Tuesday,anytime
0 days,london kings cross,york,Tuesday,off-peak
0 days,manchester piccadilly,leeds,Tuesday,off-peak
0 days,london paddington,reading,Tuesday,off-peak
0 days,london paddington,reading,Tuesday,off-peak
0 days,london paddington,reading,Tuesday,off-peak
0 days,london paddington,reading,Tuesday,off-peak
1 days,manchester piccadilly,liverpool lime street,Wednesday,advance
1 days,london euston,birmingham new street,Wednesday,advance
1 days,manchester piccadilly,liverpool lime street,Wednesday,advance
0 days,manchester piccadilly,liverpool lime street,Tuesday,off-peak
1 days,london kings cross,york,Wednesday,advance
0 days,manchester piccadilly,liverpool lime street,Tuesday,off-peak
1 days,london euston,birmingham new street,Wednesday,advance
1 days,york,doncaster,Wednesday,advance
0 days,london kings cross,york,Tuesday,off-peak
1 days,manchester piccadilly,liverpool lime street,Wednesday,advance
1 days,birmingham new street,london st pancras,Wednesday,advance
1 days,london st pancras,birmingham new street,Wednesday,advance
1 days,birmingham new street,london st pancras,Wednesday,advance
1 days,birmingham new street,london st pancras,Wednesday,advance
1 days,london paddington,reading,Wednesday,advance
1 days,london paddington,reading,Wednesday,advance
1 days,london st pancras,birmingham new street,Wednesday,advance
1 days,liverpool lime street,manchester piccadilly,Wednesday,advance
1 days,london paddington,oxford,Wednesday,advance
1 days,london paddington,oxford,Wednesday,advance
1 days,london paddington,oxford,Wednesday,advance
1 days,london st pancras,birmingham new street,Wednesday,advance
1 days,london paddington,oxford,Wednesday,advance
1 days,london paddington,oxford,Wednesday,advance
1 days,london paddington,oxford,Wednesday,advance
1 days,london paddington,oxford,Wednesday,advance
1 days,london paddington,reading,Wednesday,advance
1 days,london paddington,reading,Wednesday,advance
1 days,birmingham new street,london st pancras,Wednesday,advance
0 days,liverpool lime street,birmingham new street,Tuesday,off-peak
0 days,london euston,birmingham new street,Tuesday,off-peak
1 days,york,doncaster,Wednesday,advance
1 days,birmingham new street,london st pancras,Wednesday,advance
0 days,london st pancras,birmingham new street,Tuesday,off-peak
0 days,manchester piccadilly,liverpool lime street,Tuesday,off-peak
0 days,york,edinburgh,Tuesday,off-peak
1 days,reading,oxford,Wednesday,advance
1 days,liverpool lime street,london euston,Wednesday,advance
1 days,liverpool lime street,london euston,Wednesday,advance
1 days,london euston,manchester piccadilly,Wednesday,advance
1 days,liverpool lime street,london euston,Wednesday,advance
1 days,liverpool lime street,london euston,Wednesday,advance
1 days,london st pancras,birmingham new street,Wednesday,advance
1 days,liverpool lime street,london euston,Wednesday,advance
1 days,birmingham new street,liverpool lime street,Wednesday,advance
1 days,london euston,manchester piccadilly,Wednesday,advance
1 days,london euston,manchester piccadilly,Wednesday,advance
1 days,london st pancras,birmingham new street,Wednesday,advance
1 days,manchester piccadilly,liverpool lime street,Wednesday,advance
1 days,liverpool lime street,manchester piccadilly,Wednesday,advance
1 days,manchester piccadilly,liverpool lime street,Wednesday,advance
1 days,manchester piccadilly,liverpool lime street,Wednesday,advance
0 days,liverpool lime street,manchester piccadilly,Tuesday,off-peak
0 days,london euston,birmingham new street,Tuesday,off-peak
0 days,liverpool lime street,manchester piccadilly,Tuesday,off-peak
1 days,london kings cross,york,Wednesday,advance
0 days,manchester piccadilly,liverpool lime street,Tuesday,off-peak
0 days,manchester piccadilly,liverpool lime street,Tuesday,off-peak
0 days,liverpool lime street,manchester piccadilly,Tuesday,off-peak
0 days,manchester piccadilly,liverpool lime street,Tuesday,off-peak
0 days,london paddington,reading,Tuesday,off-peak
0 days,london paddington,reading,Tuesday,off-peak
1 days,london euston,birmingham new street,Wednesday,advance
1 days,birmingham new street,liverpool lime street,Wednesday,advance
0 days,london paddington,reading,Tuesday,off-peak
1 days,oxford,bristol temple meads,Wednesday,advance
1 days,liverpool lime street,manchester piccadilly,Wednesday,advance
0 days,london kings cross,york,Tuesday,off-peak
1 days,liverpool lime street,manchester piccadilly,Wednesday,advance
0 days,london st pancras,birmingham new street,Tuesday,off-peak
0 days,london euston,birmingham new street,Tuesday,off-peak
0 days,manchester piccadilly,liverpool lime street,Tuesday,off-peak
1 days,liverpool lime street,manchester piccadilly,Wednesday,advance
1 days,london paddington,reading,Wednesday,advance
0 days,london euston,birmingham new street,Tuesday,off-peak
1 days,liverpool lime street,manchester piccadilly,Wednesday,advance
0 days,london euston,birmingham new street,Tuesday,anytime
0 days,liverpool lime street,manchester piccadilly,Tuesday,anytime
0 days,london kings cross,york,Tuesday,anytime
0 days,london kings cross,york,Tuesday,anytime
1 days,manchester piccadilly,liverpool lime street,Wednesday,advance
0 days,liverpool lime street,manchester piccadilly,Tuesday,anytime
1 days,manchester piccadilly,liverpool lime street,Wednesday,advance
0 days,birmingham new street,manchester piccadilly,Tuesday,anytime
1 days,liverpool lime street,manchester piccadilly,Wednesday,advance
0 days,manchester piccadilly,liverpool lime street,Tuesday,anytime
0 days,london kings cross,york,Tuesday,anytime
1 days,london paddington,reading,Wednesday,advance
0 days,london kings cross,york,Tuesday,anytime
1 days,liverpool lime street,sheffield,Wednesday,advance
0 days,london kings cross,york,Tuesday,anytime
1 days,london kings cross,york,Wednesday,advance
1 days,london st pancras,birmingham new street,Wednesday,advance
0 days,manchester piccadilly,liverpool lime street,Tuesday,anytime
0 days,manchester piccadilly,liverpool lime street,Tuesday,anytime
1 days,london paddington,liverpool lime street,Wednesday,advance
0 days,london euston,birmingham new street,Tuesday,anytime
0 days,london kings cross,york,Tuesday,anytime
0 days,london euston,birmingham new street,Tuesday,anytime
1 days,london kings cross,york,Wednesday,advance
0 days,birmingham new street,london paddington,Tuesday,anytime
0 days,manchester piccadilly,liverpool lime street,Tuesday,anytime
1 days,birmingham new street,london euston,Wednesday,advance
0 days,london euston,birmingham new street,Tuesday,anytime
0 days,manchester piccadilly,liverpool lime street,Tuesday,anytime
0 days,manchester piccadilly,liverpool lime street,Tuesday,anytime
0 days,london st pancras,birmingham new street,Tuesday,anytime
0 days,london euston,birmingham new street,Tuesday,anytime
1 days,london euston,birmingham new street,Wednesday,advance
1 days,london euston,birmingham new street,Wednesday,advance
1 days,london st pancras,birmingham new street,Wednesday,advance
1 days,london euston,birmingham new street,Wednesday,advance
0 days,birmingham new street,york,Tuesday,anytime
0 days,reading,birmingham new street,Tuesday,anytime
0 days,manchester piccadilly,london euston,Tuesday,anytime
0 days,london paddington,reading,Tuesday,anytime
0 days,london euston,birmingham new street,Tuesday,anytime
0 days,london st pancras,birmingham new street,Tuesday,anytime
0 days,london euston,manchester piccadilly,Tuesday,anytime
0 days,london st pancras,birmingham new street,Tuesday,anytime
1 days,liverpool lime street,manchester piccadilly,Wednesday,advance
0 days,manchester piccadilly,liverpool lime street,Tuesday,anytime
0 days,birmingham new street,wolverhampton,Tuesday,anytime
0 days,london st pancras,birmingham new street,Tuesday,anytime
0 days,london euston,manchester piccadilly,Tuesday,anytime
0 days,birmingham new street,stafford,Tuesday,anytime
1 days,london euston,birmingham new street,Wednesday,advance
0 days,london st pancras,birmingham new street,Tuesday,off-peak
1 days,york,peterborough,Wednesday,advance
1 days,london euston,birmingham new street,Wednesday,advance
1 days,manchester piccadilly,liverpool lime street,Wednesday,advance
1 days,london paddington,reading,Wednesday,advance
0 days,london st pancras,leicester,Tuesday,anytime
0 days,manchester piccadilly,liverpool lime street,Tuesday,anytime
0 days,london st pancras,leicester,Tuesday,anytime
1 days,manchester piccadilly,liverpool lime street,Wednesday,advance
1 days,london kings cross,york,Wednesday,advance
0 days,london paddington,reading,Tuesday,off-peak
1 days,london paddington,reading,Wednesday,advance
0 days,birmingham new street,london euston,Tuesday,off-peak
0 days,london paddington,reading,Tuesday,off-peak
1 days,liverpool lime street,manchester piccadilly,Wednesday,advance
0 days,liverpool lime street,manchester piccadilly,Tuesday,off-peak
1 days,london kings cross,york,Wednesday,advance
0 days,london kings cross,liverpool lime street,Tuesday,off-peak
0 days,london paddington,reading,Tuesday,off-peak
0 days,birmingham new street,edinburgh,Tuesday,off-peak
0 days,liverpool lime street,manchester piccadilly,Tuesday,off-peak
0 days,liverpool lime street,manchester piccadilly,Tuesday,off-peak
1 days,liverpool lime street,manchester piccadilly,Wednesday,advance
1 days,manchester piccadilly,liverpool lime street,Wednesday,advance
1 days,london st pancras,leicester,Wednesday,advance
0 days,manchester piccadilly,liverpool lime street,Tuesday,off-peak
1 days,london st pancras,leicester,Wednesday,advance
1 days,manchester piccadilly,liverpool lime street,Wednesday,advance
0 days,london paddington,reading,Tuesday,off-peak
1 days,london st pancras,birmingham new street,Wednesday,advance
1 days,birmingham new street,nuneaton,Wednesday,advance
1 days,birmingham new street,wolverhampton,Wednesday,advance
1 days,london paddington,reading,Wednesday,advance
1 days,birmingham new street,nuneaton,Wednesday,advance
1 days,london st pancras,birmingham new street,Wednesday,advance
1 days,london st pancras,birmingham new street,Wednesday,advance
1 days,london st pancras,birmingham new street,Wednesday,advance
1 days,birmingham new street,stafford,Wednesday,advance
1 days,manchester piccadilly,liverpool lime street,Wednesday,advance
1 days,birmingham new street,tamworth,Wednesday,advance
1 days,london kings cross,york,Wednesday,advance
0 days,london euston,manchester piccadilly,Tuesday,off-peak
0 days,london euston,birmingham new street,Tuesday,off-peak
1 days,manchester piccadilly,liverpool lime street,Wednesday,advance
1 days,london paddington,reading,Wednesday,advance
1 days,manchester piccadilly,liverpool lime street,Wednesday,advance
1 days,liverpool lime street,manchester piccadilly,Wednesday,advance
1 days,liverpool lime street,manchester piccadilly,Wednesday,advance
1 days,london euston,birmingham new street,Wednesday,advance
1 days,london st pancras,birmingham new street,Wednesday,advance
1 days,london euston,birmingham new street,Wednesday,advance
1 days,liverpool lime street,manchester piccadilly,Wednesday,advance
1 days,liverpool lime street,manchester piccadilly,Wednesday,advance
1 days,liverpool lime street,manchester piccadilly,Wednesday,advance
1 days,london paddington,reading,Wednesday,advance
1 days,london st pancras,birmingham new street,Wednesday,advance
1 days,london paddington,reading,Wednesday,advance
1 days,liverpool lime street,manchester piccadilly,Wednesday,advance
1 days,london euston,birmingham new street,Wednesday,advance
1 days,london kings cross,york,Wednesday,advance
1 days,london kings cross,york,Wednesday,advance
0 days,liverpool lime street,manchester piccadilly,Wednesday,off-peak
0 days,manchester piccadilly,liverpool lime street,Wednesday,off-peak
0 days,oxford,bristol temple meads,Wednesday,off-peak
0 days,york,durham,Wednesday,off-peak
0 days,york,durham,Wednesday,off-peak
0 days,london st pancras,birmingham new street,Wednesday,off-peak
0 days,london euston,birmingham new street,Wednesday,off-peak
2 days,london kings cross,edinburgh waverley,Friday,advance
2 days,london kings cross,edinburgh waverley,Friday,advance
2 days,london kings cross,edinburgh waverley,Friday,advance
2 days,london kings cross,edinburgh waverley,Friday,advance
2 days,london kings cross,edinburgh waverley,Friday,advance
0 days,manchester piccadilly,nottingham,Wednesday,off-peak
0 days,london euston,birmingham new street,Wednesday,off-peak
0 days,liverpool lime street,manchester piccadilly,Wednesday,off-peak
0 days,london euston,manchester piccadilly,Wednesday,off-peak
0 days,london kings cross,york,Wednesday,off-peak
0 days,york,durham,Wednesday,off-peak
0 days,york,durham,Wednesday,off-peak
0 days,london paddington,reading,Wednesday,off-peak
1 days,york,durham,Thursday,advance
1 days,york,durham,Thursday,advance
1 days,liverpool lime street,manchester piccadilly,Thursday,advance
0 days,liverpool lime street,london paddington,Wednesday,off-peak
0 days,liverpool lime street,london paddington,Wednesday,off-peak
1 days,manchester piccadilly,liverpool lime street,Thursday,advance
0 days,london kings cross,york,Wednesday,off-peak
0 days,liverpool lime street,manchester piccadilly,Wednesday,off-peak
1 days,london kings cross,york,Thursday,advance
1 days,london euston,birmingham new street,Thursday,advance
1 days,london kings cross,york,Thursday,advance
0 days,london paddington,reading,Wednesday,off-peak
0 days,manchester piccadilly,liverpool lime street,Wednesday,off-peak
0 days,liverpool lime street,manchester piccadilly,Wednesday,off-peak
0 days,london paddington,reading,Wednesday,off-peak
0 days,london euston,birmingham new street,Wednesday,off-peak
1 days,london st pancras,birmingham new street,Thursday,advance
1 days,liverpool lime street,manchester piccadilly,Thursday,advance
0 days,london paddington,reading,Wednesday,off-peak
1 days,manchester piccadilly,liverpool lime street,Thursday,advance
0 days,london kings cross,york,Wednesday,off-peak
0 days,manchester piccadilly,liverpool lime street,Wednesday,off-peak
0 days,london kings cross,liverpool lime street,Wednesday,off-peak
1 days,london paddington,reading,Thursday,advance
1 days,london kings cross,york,Thursday,advance
1 days,london paddington,reading,Thursday,advance
1 days,manchester piccadilly,nottingham,Thursday,advance
0 days,london kings cross,york,Wednesday,off-peak
0 days,london kings cross,york,Wednesday,off-peak
1 days,london euston,birmingham new street,Thursday,advance
1 days,liverpool lime street,manchester piccadilly,Thursday,advance
0 days,liverpool lime street,london euston,Wednesday,off-peak
0 days,manchester piccadilly,liverpool lime street,Wednesday,anytime
1 days,liverpool lime street,manchester piccadilly,Thursday,advance
0 days,liverpool lime street,crewe,Wednesday,anytime
0 days,london paddington,reading,Wednesday,anytime
0 days,birmingham new street,london st pancras,Wednesday,anytime
0 days,london euston,birmingham new street,Wednesday,anytime
0 days,birmingham new street,london st pancras,Wednesday,anytime
0 days,birmingham new street,london st pancras,Wednesday,anytime
0 days,york,doncaster,Wednesday,anytime
0 days,london st pancras,birmingham new street,Wednesday,anytime
0 days,london euston,manchester piccadilly,Wednesday,anytime
0 days,birmingham new street,london st pancras,Wednesday,anytime
0 days,birmingham new street,nuneaton,Wednesday,anytime
1 days,manchester piccadilly,sheffield,Thursday,advance
1 days,london kings cross,york,Thursday,advance
0 days,london paddington,reading,Wednesday,anytime
1 days,liverpool lime street,manchester piccadilly,Thursday,advance
0 days,london kings cross,york,Wednesday,off-peak
0 days,london euston,manchester piccadilly,Wednesday,anytime
1 days,london euston,birmingham new street,Thursday,advance
0 days,liverpool lime street,manchester piccadilly,Wednesday,anytime
0 days,reading,swindon,Wednesday,anytime
0 days,liverpool lime street,crewe,Wednesday,anytime
0 days,london kings cross,york,Wednesday,anytime
0 days,london euston,birmingham new street,Wednesday,anytime
1 days,london st pancras,birmingham new street,Thursday,advance
1 days,london kings cross,york,Thursday,advance
0 days,london euston,birmingham new street,Wednesday,anytime
0 days,london euston,manchester piccadilly,Wednesday,anytime
0 days,liverpool lime street,london euston,Wednesday,anytime
0 days,liverpool lime street,london euston,Wednesday,anytime
0 days,liverpool lime street,london euston,Wednesday,anytime
0 days,liverpool lime street,london euston,Wednesday,anytime
1 days,london kings cross,york,Thursday,advance
1 days,london kings cross,york,Thursday,advance
0 days,liverpool lime street,london euston,Wednesday,anytime
0 days,manchester piccadilly,liverpool lime street,Wednesday,anytime
0 days,london paddington,oxford,Wednesday,anytime
0 days,london paddington,oxford,Wednesday,anytime
0 days,london paddington,reading,Wednesday,anytime
0 days,birmingham new street,london st pancras,Wednesday,off-peak
0 days,london kings cross,edinburgh waverley,Wednesday,anytime
0 days,london paddington,reading,Wednesday,off-peak
1 days,london kings cross,york,Thursday,advance
1 days,manchester piccadilly,liverpool lime street,Thursday,advance
0 days,london kings cross,liverpool lime street,Wednesday,off-peak
1 days,manchester piccadilly,liverpool lime street,Thursday,advance
1 days,liverpool lime street,manchester piccadilly,Thursday,advance
1 days,birmingham new street,london st pancras,Thursday,advance
1 days,london euston,birmingham new street,Thursday,advance
1 days,london euston,birmingham new street,Thursday,advance
1 days,birmingham new street,london st pancras,Thursday,advance
1 days,london euston,birmingham new street,Thursday,advance
1 days,london euston,birmingham new street,Thursday,advance
1 days,london paddington,reading,Thursday,advance
0 days,london kings cross,york,Wednesday,off-peak
1 days,london paddington,reading,Thursday,advance
1 days,birmingham new street,london st pancras,Thursday,advance
1 days,london kings cross,york,Thursday,advance
1 days,london euston,birmingham new street,Thursday,advance
1 days,london kings cross,york,Thursday,advance
1 days,reading,swindon,Thursday,advance
1 days,york,doncaster,Thursday,advance
1 days,london kings cross,york,Thursday,advance
0 days,london st pancras,birmingham new street,Wednesday,off-peak
1 days,liverpool lime street,manchester piccadilly,Thursday,advance
1 days,london paddington,london waterloo,Thursday,advance
0 days,london st pancras,birmingham new street,Wednesday,off-peak
0 days,liverpool lime street,manchester piccadilly,Wednesday,off-peak
0 days,london euston,birmingham new street,Wednesday,off-peak
0 days,london paddington,liverpool lime street,Wednesday,off-peak
1 days,london euston,manchester piccadilly,Thursday,advance
0 days,manchester piccadilly,liverpool lime street,Wednesday,off-peak
1 days,london kings cross,liverpool lime street,Thursday,advance
0 days,london kings cross,york,Wednesday,off-peak
1 days,london paddington,reading,Thursday,advance
0 days,london paddington,reading,Wednesday,off-peak
1 days,manchester piccadilly,liverpool lime street,Thursday,advance
1 days,london kings cross,york,Thursday,advance
1 days,london st pancras,birmingham new street,Thursday,advance
1 days,london paddington,reading,Thursday,advance
1 days,manchester piccadilly,liverpool lime street,Thursday,advance
0 days,london st pancras,birmingham new street,Wednesday,off-peak
0 days,london st pancras,birmingham new street,Wednesday,off-peak
1 days,liverpool lime street,manchester piccadilly,Thursday,advance
1 days,london paddington,reading,Thursday,advance
0 days,birmingham new street,manchester piccadilly,Wednesday,off-peak
0 days,liverpool lime street,manchester piccadilly,Wednesday,off-peak
0 days,liverpool lime street,manchester piccadilly,Wednesday,off-peak
0 days,manchester piccadilly,liverpool lime street,Wednesday,off-peak
0 days,london paddington,reading,Wednesday,off-peak
0 days,london kings cross,york,Wednesday,off-peak
1 days,london st pancras,birmingham new street,Thursday,advance
0 days,london kings cross,york,Wednesday,off-peak
1 days,birmingham new street,manchester piccadilly,Thursday,advance
0 days,liverpool lime street,manchester piccadilly,Wednesday,off-peak
1 days,manchester piccadilly,liverpool lime street,Thursday,advance
1 days,london st pancras,birmingham new street,Thursday,advance
1 days,manchester piccadilly,liverpool lime street,Thursday,advance
1 days,london euston,birmingham new street,Thursday,advance
1 days,london st pancras,birmingham new street,Thursday,advance
1 days,london st pancras,birmingham new street,Thursday,advance
0 days,reading,london paddington,Wednesday,off-peak
1 days,london paddington,reading,Thursday,advance
0 days,london euston,birmingham new street,Wednesday,off-peak
0 days,london euston,birmingham new street,Wednesday,off-peak
0 days,manchester piccadilly,liverpool lime street,Wednesday,off-peak
1 days,london euston,manchester piccadilly,Thursday,advance
0 days,manchester piccadilly,liverpool lime street,Wednesday,anytime
0 days,manchester piccadilly,liverpool lime street,Wednesday,anytime
0 days,london euston,birmingham new street,Wednesday,anytime
0 days,london st pancras,birmingham new street,Wednesday,anytime
0 days,london euston,birmingham new street,Wednesday,anytime
0 days,birmingham new street,manchester piccadilly,Wednesday,anytime
1 days,manchester piccadilly,london euston,Thursday,advance
0 days,manchester piccadilly,liverpool lime street,Wednesday,anytime
0 days,london kings cross,york,Wednesday,anytime
1 days,liverpool lime street,manchester piccadilly,Thursday,advance
1 days,manchester piccadilly,liverpool lime street,Thursday,advance
1 days,london euston,birmingham new street,Thursday,advance
1 days,liverpool lime street,manchester piccadilly,Thursday,advance
1 days,london kings cross,york,Thursday,advance
0 days,liverpool lime street,manchester piccadilly,Wednesday,anytime
0 days,liverpool lime street,london euston,Wednesday,anytime
1 days,manchester piccadilly,london euston,Thursday,advance
0 days,london euston,birmingham new street,Wednesday,anytime
1 days,manchester piccadilly,liverpool lime street,Thursday,advance
0 days,london euston,birmingham new street,Wednesday,anytime
0 days,london paddington,reading,Wednesday,anytime
0 days,london kings cross,york,Wednesday,anytime
1 days,london st pancras,birmingham new street,Thursday,advance
1 days,london euston,birmingham new street,Thursday,advance
1 days,london st pancras,birmingham new street,Thursday,advance
0 days,liverpool lime street,london euston,Wednesday,anytime
0 days,liverpool lime street,crewe,Wednesday,anytime
0 days,birmingham new street,nuneaton,Wednesday,anytime
0 days,birmingham new street,nuneaton,Wednesday,anytime
1 days,birmingham new street,liverpool lime street,Thursday,advance
0 days,london st pancras,birmingham new street,Wednesday,anytime
1 days,manchester piccadilly,liverpool lime street,Thursday,advance
0 days,london st pancras,birmingham new street,Wednesday,anytime
0 days,liverpool lime street,crewe,Wednesday,anytime
0 days,york,peterborough,Wednesday,anytime
0 days,london st pancras,birmingham new street,Wednesday,anytime
0 days,manchester piccadilly,liverpool lime street,Wednesday,anytime
0 days,london st pancras,birmingham new street,Wednesday,anytime
0 days,liverpool lime street,crewe,Wednesday,anytime
0 days,birmingham new street,coventry,Wednesday,anytime
1 days,london euston,birmingham new street,Thursday,advance
1 days,london euston,birmingham new street,Thursday,advance
1 days,manchester piccadilly,liverpool lime street,Thursday,advance
1 days,london kings cross,york,Thursday,advance
0 days,london st pancras,birmingham new street,Wednesday,off-peak
1 days,birmingham new street,manchester piccadilly,Thursday,advance
1 days,london euston,birmingham new street,Thursday,advance
1 days,london st pancras,leicester,Thursday,advance
1 days,birmingham new street,manchester piccadilly,Thursday,advance
1 days,london kings cross,york,Thursday,advance
1 days,london euston,birmingham new street,Thursday,advance
0 days,manchester piccadilly,liverpool lime street,Wednesday,off-peak
1 days,london euston,birmingham new street,Thursday,advance
1 days,manchester piccadilly,liverpool lime street,Thursday,advance
1 days,london euston,birmingham new street,Thursday,advance
1 days,london euston,birmingham new street,Thursday,advance
0 days,london paddington,reading,Wednesday,off-peak
0 days,liverpool lime street,manchester piccadilly,Wednesday,off-peak
1 days,manchester piccadilly,liverpool lime street,Thursday,advance
1 days,london kings cross,york,Thursday,advance
0 days,london paddington,reading,Wednesday,off-peak
1 days,liverpool lime street,manchester piccadilly,Thursday,advance
1 days,london kings cross,york,Thursday,advance
0 days,london paddington,reading,Wednesday,off-peak
1 days,manchester piccadilly,liverpool lime street,Thursday,advance
0 days,london st pancras,birmingham new street,Wednesday,off-peak
1 days,london euston,birmingham new street,Thursday,advance
1 days,london st pancras,leicester,Thursday,advance
1 days,manchester piccadilly,liverpool lime street,Thursday,advance
1 days,london kings cross,york,Thursday,advance
1 days,london st pancras,leicester,Thursday,advance
1 days,manchester piccadilly,liverpool lime street,Thursday,advance
1 days,london euston,birmingham new street,Thursday,advance
1 days,london st pancras,leicester,Thursday,advance
0 days,london euston,birmingham new street,Wednesday,off-peak
0 days,manchester piccadilly,liverpool lime street,Wednesday,off-peak
1 days,manchester piccadilly,liverpool lime street,Thursday,advance
1 days,london st pancras,birmingham new street,Thursday,advance
1 days,birmingham new street,tamworth,Thursday,advance
1 days,birmingham new street,coventry,Thursday,advance
1 days,birmingham new street,stafford,Thursday,advance
1 days,london kings cross,york,Thursday,advance
1 days,london kings cross,york,Thursday,advance
1 days,birmingham new street,nuneaton,Thursday,advance
1 days,manchester piccadilly,liverpool lime street,Thursday,advance
1 days,london st pancras,birmingham new street,Thursday,advance
1 days,birmingham new street,wolverhampton,Thursday,advance
1 days,birmingham new street,stafford,Thursday,advance
1 days,liverpool lime street,crewe,Thursday,advance
1 days,birmingham new street,tamworth,Thursday,advance
1 days,reading,swindon,Thursday,advance
0 days,london euston,birmingham new street,Wednesday,off-peak
1 days,birmingham new street,stafford,Thursday,advance
0 days,liverpool lime street,manchester piccadilly,Wednesday,off-peak
0 days,liverpool lime street,manchester piccadilly,Wednesday,off-peak
0 days,london st pancras,birmingham new street,Wednesday,off-peak
0 days,london st pancras,birmingham new street,Wednesday,off-peak
1 days,london st pancras,birmingham new street,Thursday,advance
1 days,liverpool lime street,manchester piccadilly,Thursday,advance
0 days,birmingham new street,liverpool lime street,Wednesday,off-peak
0 days,london kings cross,york,Wednesday,off-peak
1 days,manchester piccadilly,liverpool lime street,Thursday,advance
1 days,manchester piccadilly,liverpool lime street,Thursday,advance
1 days,london st pancras,birmingham new street,Thursday,advance
1 days,manchester piccadilly,liverpool lime street,Thursday,advance
1 days,liverpool lime street,manchester piccadilly,Thursday,advance
1 days,london euston,birmingham new street,Thursday,advance
1 days,liverpool lime street,manchester piccadilly,Thursday,advance
1 days,liverpool lime street,manchester piccadilly,Thursday,advance
1 days,london euston,birmingham new street,Thursday,advance
1 days,london paddington,reading,Thursday,advance
1 days,london kings cross,york,Thursday,advance
1 days,london kings cross,york,Thursday,advance
1 days,liverpool lime street,manchester piccadilly,Thursday,advance
1 days,manchester piccadilly,london euston,Friday,advance
1 days,manchester piccadilly,leeds,Friday,advance
0 days,london paddington,reading,Thursday,off-peak
0 days,manchester piccadilly,liverpool lime street,Thursday,off-peak
0 days,oxford,bristol temple meads,Thursday,off-peak
0 days,london st pancras,birmingham new street,Thursday,off-peak
0 days,liverpool lime street,manchester piccadilly,Thursday,off-peak
0 days,london st pancras,birmingham new street,Thursday,off-peak
0 days,manchester piccadilly,nottingham,Thursday,off-peak
0 days,liverpool lime street,manchester piccadilly,Thursday,off-peak
0 days,london euston,birmingham new street,Thursday,off-peak
0 days,liverpool lime street,manchester piccadilly,Thursday,off-peak
0 days,york,durham,Thursday,off-peak
0 days,york,durham,Thursday,off-peak
1 days,london paddington,reading,Friday,advance
1 days,london kings cross,york,Friday,advance
0 days,manchester piccadilly,london euston,Thursday,off-peak
1 days,london kings cross,york,Friday,advance
0 days,manchester piccadilly,london euston,Thursday,off-peak
0 days,london euston,birmingham new street,Thursday,off-peak
1 days,liverpool lime street,manchester piccadilly,Friday,advance
0 days,london kings cross,york,Thursday,off-peak
0 days,london euston,birmingham new street,Thursday,off-peak
0 days,manchester piccadilly,liverpool lime street,Thursday,off-peak
0 days,london st pancras,birmingham new street,Thursday,off-peak
0 days,london st pancras,birmingham new street,Thursday,off-peak
0 days,london st pancras,birmingham new street,Thursday,off-peak
1 days,manchester piccadilly,liverpool lime street,Friday,advance
0 days,london st pancras,birmingham new street,Thursday,off-peak
0 days,london st pancras,birmingham new street,Thursday,off-peak
0 days,manchester piccadilly,liverpool lime street,Thursday,off-peak
1 days,york,durham,Friday,advance
1 days,york,durham,Friday,advance
1 days,manchester piccadilly,nottingham,Friday,advance
0 days,liverpool lime street,manchester piccadilly,Thursday,off-peak
1 days,london st pancras,birmingham new street,Friday,advance
1 days,manchester piccadilly,nottingham,Friday,advance
1 days,manchester piccadilly,nottingham,Friday,advance
0 days,london st pancras,birmingham new street,Thursday,off-peak
1 days,manchester piccadilly,liverpool lime street,Friday,advance
0 days,london paddington,reading,Thursday,off-peak
1 days,london euston,birmingham new street,Friday,advance
1 days,london paddington,reading,Friday,advance
0 days,london euston,manchester piccadilly,Thursday,off-peak
1 days,london kings cross,york,Friday,advance
1 days,liverpool lime street,manchester piccadilly,Friday,advance
0 days,manchester piccadilly,liverpool lime street,Thursday,anytime
0 days,manchester piccadilly,liverpool lime street,Thursday,anytime
1 days,london paddington,reading,Friday,advance
0 days,london paddington,reading,Thursday,anytime
0 days,manchester piccadilly,liverpool lime street,Thursday,anytime
0 days,london kings cross,york,Thursday,anytime
0 days,manchester piccadilly,liverpool lime street,Thursday,anytime
1 days,london kings cross,york,Friday,advance
0 days,birmingham new street,london st pancras,Thursday,anytime
0 days,birmingham new street,london st pancras,Thursday,anytime
0 days,york,doncaster,Thursday,anytime
1 days,manchester piccadilly,london euston,Friday,advance
0 days,london st pancras,birmingham new street,Thursday,anytime
1 days,london euston,birmingham new street,Friday,advance
0 days,london st pancras,birmingham new street,Thursday,anytime
0 days,london paddington,reading,Thursday,anytime
1 days,london kings cross,york,Friday,advance
0 days,london kings cross,york,Thursday,off-peak
1 days,london euston,birmingham new street,Friday,advance
1 days,liverpool lime street,manchester piccadilly,Friday,advance
1 days,london euston,birmingham new street,Friday,advance
1 days,liverpool lime street,manchester piccadilly,Friday,advance
0 days,liverpool lime street,manchester piccadilly,Thursday,anytime
0 days,reading,swindon,Thursday,anytime
0 days,reading,swindon,Thursday,anytime
0 days,liverpool lime street,manchester piccadilly,Thursday,anytime
0 days,manchester piccadilly,london paddington,Thursday,anytime
0 days,liverpool lime street,london euston,Thursday,anytime
0 days,liverpool lime street,london euston,Thursday,anytime
0 days,manchester piccadilly,leeds,Thursday,anytime
0 days,london st pancras,birmingham new street,Thursday,anytime
0 days,london euston,birmingham new street,Thursday,anytime
0 days,liverpool lime street,manchester piccadilly,Thursday,anytime
0 days,london paddington,reading,Thursday,anytime
1 days,london kings cross,york,Friday,advance
0 days,london paddington,reading,Thursday,anytime
1 days,london st pancras,birmingham new street,Friday,advance
0 days,london paddington,oxford,Thursday,anytime
0 days,london paddington,reading,Thursday,anytime
0 days,london paddington,oxford,Thursday,anytime
0 days,london paddington,reading,Thursday,anytime
1 days,liverpool lime street,manchester piccadilly,Friday,advance
0 days,manchester piccadilly,liverpool lime street,Thursday,off-peak
1 days,reading,oxford,Friday,advance
1 days,london kings cross,york,Friday,advance
0 days,london kings cross,edinburgh waverley,Thursday,anytime
1 days,liverpool lime street,manchester piccadilly,Friday,advance
1 days,london paddington,reading,Friday,advance
0 days,manchester piccadilly,liverpool lime street,Thursday,off-peak
1 days,birmingham new street,london st pancras,Friday,advance
1 days,london kings cross,york,Friday,advance
1 days,london paddington,reading,Friday,advance
1 days,london paddington,reading,Friday,advance
1 days,london paddington,oxford,Friday,advance
0 days,london euston,birmingham new street,Thursday,off-peak
1 days,london paddington,oxford,Friday,advance
0 days,manchester piccadilly,liverpool lime street,Thursday,off-peak
1 days,birmingham new street,london st pancras,Friday,advance
1 days,london paddington,manchester piccadilly,Friday,advance
1 days,york,peterborough,Friday,advance
0 days,manchester piccadilly,liverpool lime street,Thursday,off-peak
1 days,liverpool lime street,manchester piccadilly,Friday,advance
0 days,manchester piccadilly,liverpool lime street,Thursday,off-peak
0 days,london euston,birmingham new street,Thursday,off-peak
1 days,liverpool lime street,london euston,Friday,advance
1 days,london euston,birmingham new street,Friday,advance
0 days,london st pancras,birmingham new street,Thursday,off-peak
0 days,manchester piccadilly,liverpool lime street,Thursday,off-peak
1 days,london euston,birmingham new street,Friday,advance
1 days,manchester piccadilly,liverpool lime street,Friday,advance
0 days,london st pancras,birmingham new street,Thursday,off-peak
0 days,london euston,birmingham new street,Thursday,off-peak
1 days,manchester piccadilly,liverpool lime street,Friday,advance
1 days,liverpool lime street,manchester piccadilly,Friday,advance
0 days,manchester piccadilly,leeds,Thursday,off-peak
0 days,london st pancras,birmingham new street,Thursday,off-peak
0 days,liverpool lime street,manchester piccadilly,Thursday,off-peak
1 days,liverpool lime street,manchester piccadilly,Friday,advance
0 days,london euston,manchester piccadilly,Thursday,off-peak
0 days,london euston,birmingham new street,Thursday,off-peak
0 days,manchester piccadilly,liverpool lime street,Thursday,off-peak
0 days,manchester piccadilly,liverpool lime street,Thursday,off-peak
0 days,liverpool lime street,manchester piccadilly,Thursday,off-peak
0 days,manchester piccadilly,liverpool lime street,Thursday,off-peak
0 days,london paddington,reading,Thursday,off-peak
0 days,london paddington,reading,Thursday,off-peak
1 days,london euston,birmingham new street,Friday,advance
1 days,manchester piccadilly,liverpool lime street,Friday,advance
1 days,london kings cross,york,Friday,advance
1 days,manchester piccadilly,liverpool lime street,Friday,advance
1 days,london euston,birmingham new street,Friday,advance
0 days,london st pancras,birmingham new street,Thursday,off-peak
0 days,manchester piccadilly,liverpool lime street,Thursday,off-peak
1 days,london euston,birmingham new street,Friday,advance
0 days,london paddington,reading,Thursday,off-peak
0 days,london paddington,reading,Thursday,off-peak
0 days,birmingham new street,reading,Thursday,off-peak
1 days,liverpool lime street,manchester piccadilly,Friday,advance
0 days,london st pancras,birmingham new street,Thursday,off-peak
1 days,liverpool lime street,manchester piccadilly,Friday,advance
0 days,london st pancras,birmingham new street,Thursday,off-peak
1 days,london euston,birmingham new street,Friday,advance
0 days,london st pancras,birmingham new street,Thursday,anytime
1 days,liverpool lime street,manchester piccadilly,Friday,advance
0 days,london st pancras,birmingham new street,Thursday,off-peak
0 days,reading,london paddington,Thursday,off-peak
0 days,london st pancras,birmingham new street,Thursday,off-peak
0 days,london kings cross,york,Thursday,off-peak
0 days,london euston,birmingham new street,Thursday,off-peak
0 days,manchester piccadilly,liverpool lime street,Thursday,off-peak
0 days,london euston,birmingham new street,Thursday,off-peak
0 days,london kings cross,york,Thursday,anytime
0 days,london euston,birmingham new street,Thursday,anytime
1 days,manchester piccadilly,liverpool lime street,Friday,advance
1 days,manchester piccadilly,liverpool lime street,Friday,advance
0 days,london euston,birmingham new street,Thursday,anytime
0 days,manchester piccadilly,liverpool lime street,Thursday,anytime
1 days,manchester piccadilly,liverpool lime street,Friday,advance
1 days,manchester piccadilly,liverpool lime street,Friday,advance
0 days,london euston,birmingham new street,Thursday,anytime
1 days,manchester piccadilly,liverpool lime street,Friday,advance
0 days,liverpool lime street,sheffield,Thursday,anytime
0 days,birmingham new street,stafford,Thursday,anytime
1 days,liverpool lime street,sheffield,Friday,advance
1 days,london paddington,reading,Friday,advance
1 days,london paddington,reading,Friday,advance
1 days,london paddington,reading,Friday,advance
1 days,london st pancras,birmingham new street,Friday,advance
0 days,london kings cross,york,Thursday,anytime
0 days,london kings cross,york,Thursday,anytime
0 days,london euston,birmingham new street,Thursday,anytime
0 days,london euston,birmingham new street,Thursday,anytime
0 days,london euston,birmingham new street,Thursday,anytime
0 days,manchester piccadilly,liverpool lime street,Thursday,anytime
1 days,london paddington,reading,Friday,advance
1 days,edinburgh waverley,london kings cross,Friday,advance
0 days,manchester piccadilly,liverpool lime street,Thursday,anytime
1 days,manchester piccadilly,london euston,Friday,advance
0 days,manchester piccadilly,liverpool lime street,Thursday,anytime
0 days,london paddington,reading,Thursday,anytime
0 days,london paddington,reading,Thursday,anytime
1 days,london st pancras,birmingham new street,Friday,advance
0 days,liverpool lime street,london euston,Thursday,anytime
1 days,london euston,birmingham new street,Friday,advance
0 days,london paddington,reading,Thursday,anytime
1 days,london euston,birmingham new street,Friday,advance
0 days,birmingham new street,nuneaton,Thursday,anytime
1 days,london st pancras,birmingham new street,Friday,advance
0 days,birmingham new street,nuneaton,Thursday,anytime
0 days,london st pancras,birmingham new street,Thursday,anytime
1 days,birmingham new street,liverpool lime street,Friday,advance
0 days,london st pancras,wolverhampton,Thursday,anytime
0 days,birmingham new street,tamworth,Thursday,anytime
0 days,london st pancras,birmingham new street,Thursday,anytime
0 days,london st pancras,birmingham new street,Thursday,anytime
1 days,london euston,birmingham new street,Friday,advance
1 days,london euston,birmingham new street,Friday,advance
1 days,london euston,birmingham new street,Friday,advance
1 days,london euston,birmingham new street,Friday,advance
1 days,london kings cross,york,Friday,advance
1 days,manchester piccadilly,liverpool lime street,Friday,advance
1 days,manchester piccadilly,liverpool lime street,Friday,advance
0 days,manchester piccadilly,liverpool lime street,Thursday,off-peak
1 days,manchester piccadilly,london euston,Friday,advance
1 days,liverpool lime street,london euston,Friday,advance
0 days,london kings cross,york,Thursday,off-peak
0 days,london kings cross,york,Thursday,off-peak
0 days,manchester piccadilly,liverpool lime street,Thursday,anytime
0 days,london st pancras,leicester,Thursday,anytime
0 days,manchester piccadilly,liverpool lime street,Thursday,anytime
0 days,london st pancras,leicester,Thursday,anytime
0 days,manchester piccadilly,liverpool lime street,Thursday,anytime
1 days,manchester piccadilly,liverpool lime street,Friday,advance
1 days,london st pancras,birmingham new street,Friday,advance
1 days,london euston,birmingham new street,Friday,advance
0 days,london euston,birmingham new street,Thursday,off-peak
0 days,manchester piccadilly,liverpool lime street,Thursday,off-peak
0 days,london euston,manchester piccadilly,Thursday,off-peak
1 days,london euston,birmingham new street,Friday,advance
1 days,liverpool lime street,london euston,Friday,advance
1 days,london st pancras,leicester,Friday,advance
1 days,london st pancras,leicester,Friday,advance
1 days,london st pancras,birmingham new street,Friday,advance
1 days,london st pancras,birmingham new street,Friday,advance
1 days,london st pancras,leicester,Friday,advance
1 days,london euston,birmingham new street,Friday,advance
1 days,manchester piccadilly,liverpool lime street,Friday,advance
1 days,london paddington,reading,Friday,advance
0 days,birmingham new street,liverpool lime street,Thursday,off-peak
1 days,birmingham new street,york,Friday,advance
0 days,liverpool lime street,manchester piccadilly,Thursday,off-peak
1 days,manchester piccadilly,liverpool lime street,Friday,advance
1 days,london st pancras,birmingham new street,Friday,advance
1 days,liverpool lime street,crewe,Friday,advance
1 days,london st pancras,birmingham new street,Friday,advance
1 days,london st pancras,birmingham new street,Friday,advance
1 days,london st pancras,birmingham new street,Friday,advance
1 days,birmingham new street,tamworth,Friday,advance
1 days,manchester piccadilly,liverpool lime street,Friday,advance
1 days,london st pancras,birmingham new street,Friday,advance
1 days,london kings cross,york,Friday,advance
1 days,london st pancras,birmingham new street,Friday,advance
1 days,london st pancras,birmingham new street,Friday,advance
1 days,birmingham new street,stafford,Friday,advance
0 days,london paddington,reading,Thursday,off-peak
1 days,birmingham new street,stafford,Friday,advance
0 days,london st pancras,birmingham new street,Thursday,off-peak
0 days,london paddington,reading,Thursday,off-peak
1 days,liverpool lime street,leeds,Friday,advance
1 days,manchester piccadilly,liverpool lime street,Friday,advance
0 days,london kings cross,york,Thursday,off-peak
1 days,london kings cross,york,Friday,advance
1 days,london euston,birmingham new street,Friday,advance
1 days,london paddington,reading,Friday,advance
1 days,london paddington,reading,Friday,advance
1 days,manchester piccadilly,liverpool lime street,Friday,advance
1 days,london st pancras,birmingham new street,Friday,advance
1 days,manchester piccadilly,liverpool lime street,Friday,advance
1 days,manchester piccadilly,liverpool lime street,Friday,advance
1 days,birmingham new street,london st pancras,Friday,advance
1 days,liverpool lime street,manchester piccadilly,Friday,advance
1 days,london euston,birmingham new street,Friday,advance
1 days,london euston,birmingham new street,Friday,advance
0 days,york,edinburgh,Friday,off-peak
0 days,liverpool lime street,leeds,Friday,off-peak
0 days,york,durham,Friday,off-peak
0 days,london euston,birmingham new street,Friday,off-peak
0 days,manchester piccadilly,london paddington,Friday,off-peak
2 days,london kings cross,edinburgh waverley,Sunday,advance
2 days,london kings cross,edinburgh waverley,Sunday,advance
0 days,liverpool lime street,manchester piccadilly,Friday,off-peak
0 days,manchester piccadilly,nottingham,Friday,off-peak
0 days,liverpool lime street,manchester piccadilly,Friday,off-peak
1 days,london paddington,reading,Saturday,advance
1 days,london euston,birmingham new street,Saturday,advance
1 days,london paddington,reading,Saturday,advance
0 days,birmingham new street,london euston,Friday,off-peak
0 days,york,durham,Friday,off-peak
1 days,london euston,birmingham new street,Saturday,advance
0 days,london paddington,reading,Friday,off-peak
0 days,york,durham,Friday,off-peak
1 days,liverpool lime street,manchester piccadilly,Saturday,advance
1 days,birmingham new street,london st pancras,Saturday,advance
0 days,london kings cross,york,Friday,off-peak
0 days,manchester piccadilly,liverpool lime street,Friday,off-peak
1 days,london kings cross,york,Saturday,advance
1 days,liverpool lime street,manchester piccadilly,Saturday,advance
0 days,london st pancras,birmingham new street,Friday,off-peak
0 days,london paddington,liverpool lime street,Friday,off-peak
0 days,london kings cross,york,Friday,off-peak
1 days,london euston,birmingham new street,Saturday,advance
1 days,london euston,birmingham new street,Saturday,advance
1 days,london euston,birmingham new street,Saturday,advance
0 days,manchester piccadilly,liverpool lime street,Friday,anytime
0 days,reading,didcot,Friday,anytime
0 days,manchester piccadilly,liverpool lime street,Friday,anytime
0 days,london kings cross,york,Friday,anytime
0 days,liverpool lime street,crewe,Friday,anytime
0 days,london euston,birmingham new street,Friday,anytime
0 days,london st pancras,birmingham new street,Friday,anytime
0 days,york,doncaster,Friday,anytime
0 days,birmingham new street,london st pancras,Friday,anytime
0 days,manchester piccadilly,liverpool lime street,Friday,anytime
0 days,york,doncaster,Friday,anytime
0 days,york,doncaster,Friday,anytime
0 days,manchester piccadilly,liverpool lime street,Friday,anytime
1 days,london kings cross,york,Saturday,advance
0 days,london st pancras,birmingham new street,Friday,anytime
1 days,london euston,birmingham new street,Saturday,advance
1 days,liverpool lime street,manchester piccadilly,Saturday,advance
0 days,london kings cross,york,Friday,off-peak
0 days,london kings cross,york,Friday,off-peak
1 days,london euston,birmingham new street,Saturday,advance
1 days,london euston,birmingham new street,Saturday,advance
0 days,london euston,birmingham new street,Friday,anytime
1 days,london euston,birmingham new street,Saturday,advance
1 days,liverpool lime street,manchester piccadilly,Saturday,advance
0 days,york,peterborough,Friday,anytime
1 days,london st pancras,birmingham new street,Saturday,advance
1 days,london st pancras,birmingham new street,Saturday,advance
1 days,liverpool lime street,manchester piccadilly,Saturday,advance
0 days,york,wakefield,Friday,anytime
0 days,reading,swindon,Friday,anytime
0 days,liverpool lime street,manchester piccadilly,Friday,anytime
1 days,london kings cross,york,Saturday,advance
0 days,london paddington,london waterloo,Friday,anytime
0 days,london euston,birmingham new street,Friday,anytime
0 days,liverpool lime street,london euston,Friday,anytime
0 days,liverpool lime street,london euston,Friday,anytime
0 days,london euston,manchester piccadilly,Friday,anytime
0 days,london paddington,reading,Friday,anytime
0 days,reading,oxford,Friday,anytime
0 days,liverpool lime street,london euston,Friday,anytime
0 days,london euston,manchester piccadilly,Friday,anytime
0 days,liverpool lime street,london euston,Friday,anytime
1 days,manchester piccadilly,liverpool lime street,Saturday,advance
1 days,london paddington,reading,Saturday,advance
1 days,london paddington,reading,Saturday,advance
0 days,london euston,birmingham new street,Friday,anytime
0 days,london paddington,reading,Friday,anytime
0 days,london paddington,reading,Friday,anytime
0 days,london paddington,oxford,Friday,anytime
0 days,london paddington,reading,Friday,anytime
0 days,london paddington,reading,Friday,anytime
0 days,london paddington,reading,Friday,anytime
0 days,london paddington,reading,Friday,anytime
0 days,london paddington,reading,Friday,anytime
0 days,london paddington,reading,Friday,anytime
0 days,london paddington,oxford,Friday,anytime
1 days,liverpool lime street,manchester piccadilly,Saturday,advance
1 days,liverpool lime street,manchester piccadilly,Saturday,advance
0 days,manchester piccadilly,liverpool lime street,Friday,off-peak
0 days,liverpool lime street,manchester piccadilly,Friday,off-peak
0 days,manchester piccadilly,liverpool lime street,Friday,off-peak
1 days,london paddington,reading,Saturday,advance
1 days,manchester piccadilly,liverpool lime street,Saturday,advance
1 days,manchester piccadilly,liverpool lime street,Saturday,advance
1 days,london euston,birmingham new street,Saturday,advance
0 days,manchester piccadilly,liverpool lime street,Friday,off-peak
1 days,london st pancras,birmingham new street,Saturday,advance
1 days,birmingham new street,nuneaton,Saturday,advance
1 days,london st pancras,birmingham new street,Saturday,advance
0 days,london kings cross,york,Friday,off-peak
0 days,london euston,birmingham new street,Friday,off-peak
1 days,london paddington,oxford,Saturday,advance
1 days,london paddington,reading,Saturday,advance
1 days,london kings cross,york,Saturday,advance
0 days,liverpool lime street,manchester piccadilly,Friday,off-peak
1 days,birmingham new street,london st pancras,Saturday,advance
0 days,london st pancras,birmingham new street,Friday,off-peak
1 days,york,peterborough,Saturday,advance
1 days,york,wakefield,Saturday,advance
1 days,london euston,birmingham new street,Saturday,advance
1 days,york,peterborough,Saturday,advance
1 days,liverpool lime street,manchester piccadilly,Saturday,advance
0 days,liverpool lime street,manchester piccadilly,Friday,off-peak
1 days,london kings cross,york,Saturday,advance
0 days,london euston,birmingham new street,Friday,off-peak
1 days,birmingham new street,london st pancras,Saturday,advance
1 days,liverpool lime street,london euston,Saturday,advance
1 days,london euston,manchester piccadilly,Saturday,advance
1 days,london euston,manchester piccadilly,Saturday,advance
1 days,liverpool lime street,london euston,Saturday,advance
0 days,london st pancras,birmingham new street,Friday,off-peak
1 days,london paddington,reading,Saturday,advance
1 days,london st pancras,birmingham new street,Saturday,advance
0 days,liverpool lime street,manchester piccadilly,Friday,off-peak
0 days,london euston,birmingham new street,Friday,off-peak
1 days,london paddington,reading,Saturday,advance
1 days,london kings cross,york,Saturday,advance
1 days,london euston,birmingham new street,Saturday,advance
1 days,liverpool lime street,manchester piccadilly,Saturday,advance
1 days,liverpool lime street,manchester piccadilly,Saturday,advance
0 days,manchester piccadilly,liverpool lime street,Friday,off-peak
1 days,manchester piccadilly,liverpool lime street,Saturday,advance
0 days,liverpool lime street,manchester piccadilly,Friday,off-peak
0 days,liverpool lime street,manchester piccadilly,Friday,off-peak
0 days,london kings cross,york,Friday,off-peak
0 days,birmingham new street,london st pancras,Friday,off-peak
1 days,liverpool lime street,manchester piccadilly,Saturday,advance
0 days,london st pancras,birmingham new street,Friday,off-peak
0 days,manchester piccadilly,liverpool lime street,Friday,off-peak
1 days,liverpool lime street,manchester piccadilly,Saturday,advance
0 days,liverpool lime street,sheffield,Friday,off-peak
0 days,london paddington,liverpool lime street,Friday,off-peak
0 days,london paddington,reading,Friday,off-peak
1 days,london euston,birmingham new street,Saturday,advance
0 days,london paddington,reading,Friday,off-peak
0 days,london st pancras,birmingham new street,Friday,off-peak
0 days,manchester piccadilly,liverpool lime street,Friday,off-peak
0 days,liverpool lime street,manchester piccadilly,Friday,off-peak
0 days,london paddington,reading,Friday,off-peak
0 days,london paddington,reading,Friday,off-peak
1 days,manchester piccadilly,london st pancras,Saturday,advance
0 days,london st pancras,birmingham new street,Friday,off-peak
0 days,reading,london paddington,Friday,off-peak
0 days,london paddington,reading,Friday,off-peak
0 days,reading,london paddington,Friday,off-peak
0 days,london kings cross,york,Friday,off-peak
1 days,london paddington,reading,Saturday,advance
0 days,london euston,birmingham new street,Friday,off-peak
0 days,london paddington,reading,Friday,anytime
0 days,london euston,birmingham new street,Friday,anytime
1 days,manchester piccadilly,liverpool lime street,Saturday,advance
0 days,london euston,birmingham new street,Friday,anytime
1 days,liverpool lime street,london euston,Saturday,advance
0 days,london kings cross,liverpool lime street,Friday,anytime
1 days,reading,london paddington,Saturday,advance
1 days,reading,london paddington,Saturday,advance
0 days,liverpool lime street,leeds,Friday,anytime
0 days,london kings cross,york,Friday,anytime
0 days,manchester piccadilly,liverpool lime street,Friday,anytime
0 days,london kings cross,york,Friday,anytime
1 days,london st pancras,birmingham new street,Saturday,advance
0 days,liverpool lime street,manchester piccadilly,Friday,anytime
1 days,liverpool lime street,manchester piccadilly,Saturday,advance
0 days,liverpool lime street,manchester piccadilly,Friday,anytime
0 days,london kings cross,york,Friday,anytime
0 days,manchester piccadilly,liverpool lime street,Friday,anytime
0 days,london euston,birmingham new street,Friday,anytime
0 days,manchester piccadilly,warrington,Friday,anytime
0 days,manchester piccadilly,liverpool lime street,Friday,anytime
1 days,london paddington,reading,Saturday,advance
1 days,edinburgh waverley,london kings cross,Saturday,advance
0 days,london euston,birmingham new street,Friday,anytime
0 days,london kings cross,york,Friday,anytime
0 days,reading,birmingham new street,Friday,anytime
1 days,london st pancras,birmingham new street,Saturday,advance
1 days,london euston,birmingham new street,Saturday,advance
0 days,birmingham new street,coventry,Friday,anytime
0 days,london st pancras,birmingham new street,Friday,anytime
0 days,birmingham new street,tamworth,Friday,anytime
0 days,liverpool lime street,crewe,Friday,anytime
0 days,manchester piccadilly,liverpool lime street,Friday,anytime
0 days,birmingham new street,tamworth,Friday,anytime
0 days,birmingham new street,nuneaton,Friday,anytime
0 days,manchester piccadilly,liverpool lime street,Friday,anytime
0 days,london paddington,reading,Friday,anytime
0 days,birmingham new street,nuneaton,Friday,anytime
0 days,birmingham new street,nuneaton,Friday,anytime
0 days,reading,didcot,Friday,anytime
1 days,london euston,birmingham new street,Saturday,advance
1 days,london kings cross,york,Saturday,advance
1 days,london kings cross,york,Saturday,advance
1 days,london euston,birmingham new street,Saturday,advance
1 days,london euston,birmingham new street,Saturday,advance
0 days,york,edinburgh,Friday,off-peak
1 days,london st pancras,birmingham new street,Saturday,advance
1 days,manchester piccadilly,liverpool lime street,Saturday,advance
1 days,birmingham new street,manchester piccadilly,Saturday,advance
1 days,birmingham new street,manchester piccadilly,Saturday,advance
1 days,manchester piccadilly,london euston,Saturday,advance
0 days,manchester piccadilly,liverpool lime street,Friday,anytime
0 days,manchester piccadilly,liverpool lime street,Friday,anytime
1 days,london kings cross,york,Saturday,advance
1 days,london kings cross,york,Saturday,advance
0 days,london euston,birmingham new street,Friday,off-peak
0 days,london paddington,reading,Friday,off-peak
1 days,birmingham new street,london euston,Saturday,advance
0 days,london euston,manchester piccadilly,Friday,off-peak
0 days,liverpool lime street,manchester piccadilly,Friday,off-peak
1 days,london kings cross,york,Saturday,advance
0 days,manchester piccadilly,liverpool lime street,Friday,off-peak
1 days,liverpool lime street,manchester piccadilly,Saturday,advance
0 days,liverpool lime street,manchester piccadilly,Friday,off-peak
1 days,london st pancras,leicester,Saturday,advance
1 days,london st pancras,leicester,Saturday,advance
1 days,manchester piccadilly,liverpool lime street,Saturday,advance
1 days,london st pancras,leicester,Saturday,advance
0 days,london euston,birmingham new street,Friday,off-peak
1 days,london euston,birmingham new street,Saturday,advance
1 days,london euston,birmingham new street,Saturday,advance
1 days,birmingham new street,york,Saturday,advance
1 days,london euston,birmingham new street,Saturday,advance
1 days,birmingham new street,tamworth,Saturday,advance
1 days,london st pancras,birmingham new street,Saturday,advance
1 days,birmingham new street,tamworth,Saturday,advance
1 days,london paddington,reading,Saturday,advance
1 days,birmingham new street,nuneaton,Saturday,advance
1 days,birmingham new street,coventry,Saturday,advance
1 days,london st pancras,birmingham new street,Saturday,advance
1 days,london paddington,reading,Saturday,advance
1 days,london st pancras,birmingham new street,Saturday,advance
1 days,london st pancras,wolverhampton,Saturday,advance
1 days,london st pancras,birmingham new street,Saturday,advance
1 days,reading,swindon,Saturday,advance
1 days,liverpool lime street,crewe,Saturday,advance
1 days,london st pancras,birmingham new street,Saturday,advance
1 days,london st pancras,birmingham new street,Saturday,advance
1 days,birmingham new street,tamworth,Saturday,advance
0 days,london kings cross,york,Friday,off-peak
1 days,manchester piccadilly,liverpool lime street,Saturday,advance
1 days,london paddington,reading,Saturday,advance
1 days,london euston,manchester piccadilly,Saturday,advance
1 days,london euston,manchester piccadilly,Saturday,advance
1 days,manchester piccadilly,liverpool lime street,Saturday,advance
1 days,birmingham new street,liverpool lime street,Saturday,advance
1 days,london euston,birmingham new street,Saturday,advance
1 days,london st pancras,birmingham new street,Saturday,advance
1 days,manchester piccadilly,liverpool lime street,Saturday,advance
1 days,manchester piccadilly,liverpool lime street,Saturday,advance
1 days,birmingham new street,london st pancras,Saturday,advance
1 days,liverpool lime street,manchester piccadilly,Saturday,advance
1 days,london euston,birmingham new street,Saturday,advance
1 days,liverpool lime street,manchester piccadilly,Saturday,advance
1 days,london st pancras,birmingham new street,Saturday,advance
1 days,london euston,oxford,Sunday,advance
0 days,london euston,manchester piccadilly,Saturday,off-peak
0 days,liverpool lime street,manchester piccadilly,Saturday,off-peak
0 days,liverpool lime street,london euston,Saturday,off-peak
2 days,london kings cross,edinburgh waverley,Monday,advance
0 days,liverpool lime street,manchester piccadilly,Saturday,off-peak
0 days,london euston,birmingham new street,Saturday,off-peak
0 days,london euston,birmingham new street,Saturday,off-peak
1 days,london euston,manchester piccadilly,Sunday,advance
0 days,london paddington,reading,Saturday,off-peak
1 days,york,durham,Sunday,advance
1 days,london paddington,reading,Sunday,advance
0 days,liverpool lime street,manchester piccadilly,Saturday,off-peak
1 days,london paddington,reading,Sunday,advance
1 days,manchester piccadilly,liverpool lime street,Sunday,advance
1 days,liverpool lime street,manchester piccadilly,Sunday,advance
1 days,liverpool lime street,manchester piccadilly,Sunday,advance
0 days,london euston,birmingham new street,Saturday,off-peak
0 days,london euston,birmingham new street,Saturday,off-peak
0 days,liverpool lime street,manchester piccadilly,Saturday,off-peak
1 days,manchester piccadilly,liverpool lime street,Sunday,advance
1 days,london kings cross,york,Sunday,advance
1 days,liverpool lime street,manchester piccadilly,Sunday,advance
0 days,london euston,birmingham new street,Saturday,off-peak
0 days,london st pancras,birmingham new street,Saturday,off-peak
0 days,london st pancras,birmingham new street,Saturday,off-peak
1 days,york,durham,Sunday,advance
1 days,liverpool lime street,manchester piccadilly,Sunday,advance
0 days,london st pancras,birmingham new street,Saturday,off-peak
0 days,liverpool lime street,sheffield,Saturday,off-peak
0 days,manchester piccadilly,sheffield,Saturday,off-peak
1 days,manchester piccadilly,nottingham,Sunday,advance
1 days,liverpool lime street,manchester piccadilly,Sunday,advance
0 days,london paddington,reading,Saturday,off-peak
0 days,london paddington,reading,Saturday,off-peak
1 days,london kings cross,york,Sunday,advance
1 days,manchester piccadilly,sheffield,Sunday,advance
1 days,london kings cross,york,Sunday,advance
0 days,manchester piccadilly,liverpool lime street,Saturday,off-peak
0 days,london kings cross,york,Saturday,off-peak
0 days,london kings cross,york,Saturday,off-peak
0 days,birmingham new street,london st pancras,Saturday,off-peak
0 days,london kings cross,york,Saturday,off-peak
0 days,london euston,birmingham new street,Saturday,off-peak
0 days,london st pancras,birmingham new street,Saturday,off-peak
0 days,london euston,manchester piccadilly,Saturday,off-peak
1 days,london kings cross,york,Sunday,advance
0 days,london st pancras,birmingham new street,Saturday,off-peak
1 days,liverpool lime street,manchester piccadilly,Sunday,advance
0 days,london paddington,reading,Saturday,off-peak
0 days,york,peterborough,Saturday,off-peak
1 days,liverpool lime street,manchester piccadilly,Sunday,advance
0 days,reading,swindon,Saturday,off-peak
0 days,london paddington,london waterloo,Saturday,off-peak
0 days,york,doncaster,Saturday,off-peak
1 days,london st pancras,birmingham new street,Sunday,advance
0 days,london kings cross,york,Saturday,off-peak
0 days,london kings cross,york,Saturday,off-peak
1 days,manchester piccadilly,liverpool lime street,Sunday,advance
0 days,liverpool lime street,london euston,Saturday,off-peak
0 days,london st pancras,birmingham new street,Saturday,off-peak
0 days,liverpool lime street,london euston,Saturday,off-peak
0 days,london euston,manchester piccadilly,Saturday,off-peak
0 days,liverpool lime street,london euston,Saturday,off-peak
0 days,liverpool lime street,london euston,Saturday,off-peak
0 days,liverpool lime street,london euston,Saturday,off-peak
0 days,london paddington,reading,Saturday,off-peak
0 days,liverpool lime street,london euston,Saturday,off-peak
0 days,liverpool lime street,london euston,Saturday,off-peak
0 days,liverpool lime street,london euston,Saturday,off-peak
0 days,london st pancras,birmingham new street,Saturday,off-peak
0 days,york,liverpool lime street,Saturday,off-peak
1 days,liverpool lime street,manchester piccadilly,Sunday,advance
0 days,manchester piccadilly,leeds,Saturday,off-peak
0 days,london kings cross,york,Saturday,off-peak
0 days,london paddington,reading,Saturday,off-peak
0 days,london paddington,reading,Saturday,off-peak
0 days,london paddington,oxford,Saturday,off-peak
0 days,london kings cross,york,Saturday,off-peak
0 days,london paddington,reading,Saturday,off-peak
0 days,manchester piccadilly,leeds,Saturday,off-peak
0 days,london paddington,reading,Saturday,off-peak
1 days,manchester piccadilly,liverpool lime street,Sunday,advance
0 days,london paddington,reading,Saturday,off-peak
0 days,london kings cross,edinburgh waverley,Saturday,off-peak
1 days,london paddington,reading,Sunday,advance
0 days,manchester piccadilly,liverpool lime street,Saturday,off-peak
1 days,reading,didcot,Sunday,advance
0 days,manchester piccadilly,liverpool lime street,Saturday,off-peak
1 days,london kings cross,york,Sunday,advance
1 days,london paddington,reading,Sunday,advance
1 days,manchester piccadilly,liverpool lime street,Sunday,advance
1 days,london euston,birmingham new street,Sunday,advance
0 days,london kings cross,york,Saturday,off-peak
1 days,london euston,manchester piccadilly,Sunday,advance
0 days,london kings cross,york,Saturday,off-peak
1 days,birmingham new street,london st pancras,Sunday,advance
1 days,london euston,birmingham new street,Sunday,advance
1 days,york,doncaster,Sunday,advance
0 days,london kings cross,york,Saturday,off-peak
1 days,london kings cross,york,Sunday,advance
1 days,london paddington,reading,Sunday,advance
1 days,london paddington,oxford,Sunday,advance
1 days,london paddington,reading,Sunday,advance
1 days,liverpool lime street,manchester piccadilly,Sunday,advance
1 days,london paddington,oxford,Sunday,advance
1 days,birmingham new street,london st pancras,Sunday,advance
1 days,london paddington,reading,Sunday,advance
1 days,york,peterborough,Sunday,advance
1 days,york,peterborough,Sunday,advance
1 days,york,doncaster,Sunday,advance
1 days,york,doncaster,Sunday,advance
1 days,london kings cross,york,Sunday,advance
0 days,manchester piccadilly,liverpool lime street,Saturday,off-peak
0 days,manchester piccadilly,sheffield,Saturday,off-peak
0 days,london kings cross,york,Saturday,off-peak
0 days,london st pancras,birmingham new street,Saturday,off-peak
0 days,york,edinburgh,Saturday,off-peak
0 days,manchester piccadilly,liverpool lime street,Saturday,off-peak
1 days,liverpool lime street,london euston,Sunday,advance
1 days,london euston,manchester piccadilly,Sunday,advance
0 days,london st pancras,birmingham new street,Saturday,off-peak
0 days,london st pancras,birmingham new street,Saturday,off-peak
1 days,manchester piccadilly,leeds,Sunday,advance
0 days,london st pancras,birmingham new street,Saturday,off-peak
1 days,london paddington,reading,Sunday,advance
1 days,london paddington,reading,Sunday,advance
1 days,london paddington,reading,Sunday,advance
0 days,london euston,birmingham new street,Saturday,off-peak
0 days,london euston,birmingham new street,Saturday,off-peak
0 days,london st pancras,birmingham new street,Saturday,off-peak
1 days,london euston,birmingham new street,Sunday,advance
0 days,manchester piccadilly,liverpool lime street,Saturday,off-peak
1 days,london euston,birmingham new street,Sunday,advance
1 days,liverpool lime street,manchester piccadilly,Sunday,advance
0 days,manchester piccadilly,liverpool lime street,Saturday,off-peak
0 days,liverpool lime street,sheffield,Saturday,off-peak
0 days,manchester piccadilly,london paddington,Saturday,off-peak
0 days,london euston,birmingham new street,Saturday,off-peak
1 days,manchester piccadilly,york,Sunday,advance
1 days,manchester piccadilly,liverpool lime street,Sunday,advance
1 days,manchester piccadilly,liverpool lime street,Sunday,advance
1 days,manchester piccadilly,sheffield,Sunday,advance
0 days,liverpool lime street,manchester piccadilly,Saturday,off-peak
0 days,oxford,bristol temple meads,Saturday,off-peak
1 days,london kings cross,york,Sunday,advance
0 days,manchester piccadilly,liverpool lime street,Saturday,off-peak
1 days,london kings cross,york,Sunday,advance
0 days,london paddington,reading,Saturday,off-peak
1 days,london st pancras,birmingham new street,Sunday,advance
0 days,london euston,birmingham new street,Saturday,off-peak
0 days,manchester piccadilly,liverpool lime street,Saturday,off-peak
0 days,london euston,birmingham new street,Saturday,off-peak
0 days,london euston,birmingham new street,Saturday,off-peak
1 days,london euston,manchester piccadilly,Sunday,advance
0 days,london kings cross,york,Saturday,off-peak
0 days,york,peterborough,Saturday,off-peak
1 days,manchester piccadilly,liverpool lime street,Sunday,advance
0 days,london euston,birmingham new street,Saturday,off-peak
0 days,london euston,birmingham new street,Saturday,off-peak
0 days,birmingham new street,manchester piccadilly,Saturday,off-peak
0 days,london kings cross,liverpool lime street,Saturday,off-peak
1 days,manchester piccadilly,liverpool lime street,Sunday,advance
1 days,reading,london paddington,Sunday,advance
0 days,london kings cross,york,Saturday,off-peak
0 days,manchester piccadilly,london kings cross,Saturday,off-peak
0 days,manchester piccadilly,london euston,Saturday,off-peak
0 days,birmingham new street,stafford,Saturday,off-peak
1 days,manchester piccadilly,london paddington,Sunday,advance
0 days,birmingham new street,stafford,Saturday,off-peak
0 days,london kings cross,york,Saturday,off-peak
1 days,manchester piccadilly,london paddington,Sunday,advance
1 days,london paddington,reading,Sunday,advance
0 days,manchester piccadilly,liverpool lime street,Saturday,off-peak
1 days,london paddington,reading,Sunday,advance
0 days,london kings cross,york,Saturday,off-peak
0 days,london euston,birmingham new street,Saturday,off-peak
0 days,london st pancras,birmingham new street,Saturday,off-peak
0 days,birmingham new street,london st pancras,Saturday,off-peak
0 days,manchester piccadilly,liverpool lime street,Saturday,off-peak
0 days,london euston,birmingham new street,Saturday,off-peak
1 days,london kings cross,york,Sunday,advance
0 days,london st pancras,birmingham new street,Saturday,off-peak
0 days,manchester piccadilly,liverpool lime street,Saturday,off-peak
0 days,manchester piccadilly,liverpool lime street,Saturday,off-peak
0 days,london st pancras,birmingham new street,Saturday,off-peak
0 days,london st pancras,birmingham new street,Saturday,off-peak
0 days,london euston,birmingham new street,Saturday,off-peak
1 days,london paddington,reading,Sunday,advance
1 days,london paddington,reading,Sunday,advance
0 days,london paddington,reading,Saturday,off-peak
1 days,london st pancras,birmingham new street,Sunday,advance
0 days,london st pancras,birmingham new street,Saturday,off-peak
1 days,london st pancras,birmingham new street,Sunday,advance
1 days,reading,london paddington,Sunday,advance
0 days,birmingham new street,york,Saturday,off-peak
1 days,london euston,birmingham new street,Sunday,advance
0 days,liverpool lime street,london euston,Saturday,off-peak
1 days,london euston,birmingham new street,Sunday,advance
0 days,liverpool lime street,london euston,Saturday,off-peak
0 days,birmingham new street,coventry,Saturday,off-peak
0 days,birmingham new street,nuneaton,Saturday,off-peak
0 days,london paddington,reading,Saturday,off-peak
0 days,london st pancras,birmingham new street,Saturday,off-peak
0 days,london paddington,reading,Saturday,off-peak
0 days,london st pancras,birmingham new street,Saturday,off-peak
1 days,manchester piccadilly,liverpool lime street,Sunday,advance
1 days,manchester piccadilly,liverpool lime street,Sunday,advance
0 days,birmingham new street,nuneaton,Saturday,off-peak
0 days,london st pancras,birmingham new street,Saturday,off-peak
0 days,birmingham new street,tamworth,Saturday,off-peak
0 days,birmingham new street,tamworth,Saturday,off-peak
1 days,liverpool lime street,manchester piccadilly,Sunday,advance
1 days,london euston,birmingham new street,Sunday,advance
0 days,london st pancras,birmingham new street,Saturday,off-peak
1 days,london euston,birmingham new street,Sunday,advance
1 days,london paddington,reading,Sunday,advance
1 days,manchester piccadilly,liverpool lime street,Sunday,advance
1 days,london paddington,reading,Sunday,advance
1 days,london st pancras,leicester,Sunday,advance
1 days,manchester piccadilly,liverpool lime street,Sunday,advance
1 days,london kings cross,york,Sunday,advance
1 days,manchester piccadilly,liverpool lime street,Sunday,advance
1 days,london euston,birmingham new street,Sunday,advance
1 days,london kings cross,york,Sunday,advance
1 days,liverpool lime street,london euston,Sunday,advance
0 days,manchester piccadilly,liverpool lime street,Saturday,off-peak
0 days,manchester piccadilly,liverpool lime street,Saturday,off-peak
1 days,liverpool lime street,sheffield,Sunday,advance
0 days,london kings cross,york,Saturday,off-peak
0 days,london st pancras,leicester,Saturday,off-peak
0 days,manchester piccadilly,liverpool lime street,Saturday,off-peak
0 days,london paddington,reading,Saturday,off-peak
1 days,london euston,birmingham new street,Sunday,advance
1 days,liverpool lime street,manchester piccadilly,Sunday,advance
0 days,london kings cross,liverpool lime street,Saturday,off-peak
1 days,london kings cross,york,Sunday,advance
1 days,london euston,birmingham new street,Sunday,advance
1 days,london st pancras,leicester,Sunday,advance
1 days,manchester piccadilly,liverpool lime street,Sunday,advance
1 days,london euston,birmingham new street,Sunday,advance
1 days,london euston,birmingham new street,Sunday,advance
0 days,manchester piccadilly,liverpool lime street,Saturday,off-peak
1 days,reading,swindon,Sunday,advance
1 days,birmingham new street,tamworth,Sunday,advance
1 days,liverpool lime street,manchester piccadilly,Sunday,advance
0 days,manchester piccadilly,liverpool lime street,Saturday,off-peak
0 days,liverpool lime street,manchester piccadilly,Saturday,off-peak
0 days,london euston,birmingham new street,Saturday,off-peak
1 days,liverpool lime street,manchester piccadilly,Sunday,advance
1 days,birmingham new street,tamworth,Sunday,advance
1 days,birmingham new street,coventry,Sunday,advance
1 days,london st pancras,birmingham new street,Sunday,advance
1 days,london paddington,reading,Sunday,advance
1 days,manchester piccadilly,liverpool lime street,Sunday,advance
1 days,london st pancras,birmingham new street,Sunday,advance
1 days,london st pancras,birmingham new street,Sunday,advance
1 days,manchester piccadilly,liverpool lime street,Sunday,advance
0 days,london euston,manchester piccadilly,Saturday,off-peak
0 days,london euston,manchester piccadilly,Saturday,off-peak
1 days,london euston,birmingham new street,Sunday,advance
1 days,birmingham new street,london euston,Sunday,advance
1 days,london st pancras,birmingham new street,Sunday,advance
1 days,london paddington,reading,Sunday,advance
1 days,london euston,birmingham new street,Sunday,advance
1 days,reading,oxford,Sunday,advance
1 days,birmingham new street,london st pancras,Sunday,advance
1 days,liverpool lime street,manchester piccadilly,Sunday,advance
1 days,liverpool lime street,manchester piccadilly,Sunday,advance
1 days,london paddington,reading,Sunday,advance
1 days,london paddington,reading,Sunday,advance
1 days,london paddington,reading,Sunday,advance
1 days,london paddington,reading,Sunday,advance
1 days,london euston,birmingham new street,Sunday,advance
0 days,liverpool lime street,manchester piccadilly,Sunday,off-peak
0 days,liverpool lime street,manchester piccadilly,Sunday,off-peak
0 days,liverpool lime street,manchester piccadilly,Sunday,off-peak
0 days,liverpool lime street,leeds,Sunday,off-peak
2 days,london kings cross,edinburgh waverley,Tuesday,advance
0 days,london st pancras,birmingham new street,Sunday,off-peak
0 days,london kings cross,york,Sunday,off-peak
0 days,liverpool lime street,manchester piccadilly,Sunday,off-peak
0 days,liverpool lime street,manchester piccadilly,Sunday,off-peak
1 days,london paddington,reading,Monday,advance
0 days,york,durham,Sunday,off-peak
1 days,london kings cross,york,Monday,advance
1 days,manchester piccadilly,liverpool lime street,Monday,advance
1 days,london st pancras,birmingham new street,Monday,advance
1 days,manchester piccadilly,liverpool lime street,Monday,advance
1 days,london st pancras,birmingham new street,Monday,advance
1 days,liverpool lime street,manchester piccadilly,Monday,advance
1 days,london euston,manchester piccadilly,Monday,advance
0 days,manchester piccadilly,london euston,Sunday,off-peak
0 days,london euston,birmingham new street,Sunday,off-peak
0 days,london kings cross,york,Sunday,off-peak
0 days,london euston,birmingham new street,Sunday,off-peak
0 days,liverpool lime street,manchester piccadilly,Sunday,off-peak
0 days,london euston,birmingham new street,Sunday,off-peak
0 days,liverpool lime street,manchester piccadilly,Sunday,off-peak
1 days,liverpool lime street,manchester piccadilly,Monday,advance
0 days,london st pancras,birmingham new street,Sunday,off-peak
1 days,london kings cross,york,Monday,advance
1 days,york,durham,Monday,advance
1 days,manchester piccadilly,nottingham,Monday,advance
0 days,manchester piccadilly,liverpool lime street,Sunday,off-peak
1 days,manchester piccadilly,nottingham,Monday,advance
0 days,london euston,birmingham new street,Sunday,off-peak
0 days,london kings cross,york,Sunday,off-peak
0 days,london paddington,reading,Sunday,off-peak
1 days,liverpool lime street,manchester piccadilly,Monday,advance
1 days,liverpool lime street,manchester piccadilly,Monday,advance
0 days,manchester piccadilly,liverpool lime street,Sunday,off-peak
0 days,london paddington,reading,Sunday,off-peak
0 days,london kings cross,york,Sunday,off-peak
0 days,manchester piccadilly,liverpool lime street,Sunday,off-peak
0 days,liverpool lime street,crewe,Sunday,off-peak
0 days,birmingham new street,london st pancras,Sunday,off-peak
0 days,london kings cross,york,Sunday,off-peak
0 days,london euston,birmingham new street,Sunday,off-peak
0 days,manchester piccadilly,liverpool lime street,Sunday,off-peak
0 days,london euston,manchester piccadilly,Sunday,off-peak
0 days,birmingham new street,london st pancras,Sunday,off-peak
0 days,birmingham new street,london st pancras,Sunday,off-peak
0 days,london kings cross,york,Sunday,off-peak
0 days,london euston,birmingham new street,Sunday,off-peak
1 days,london euston,birmingham new street,Monday,advance
0 days,reading,swindon,Sunday,off-peak
0 days,london euston,birmingham new street,Sunday,off-peak
0 days,liverpool lime street,manchester piccadilly,Sunday,off-peak
0 days,reading,swindon,Sunday,off-peak
1 days,london paddington,reading,Monday,advance
1 days,manchester piccadilly,liverpool lime street,Monday,advance
0 days,manchester piccadilly,liverpool lime street,Sunday,off-peak
0 days,liverpool lime street,london euston,Sunday,off-peak
0 days,liverpool lime street,london euston,Sunday,off-peak
0 days,london euston,manchester piccadilly,Sunday,off-peak
0 days,birmingham new street,london euston,Sunday,off-peak
0 days,liverpool lime street,london euston,Sunday,off-peak
0 days,liverpool lime street,london euston,Sunday,off-peak
0 days,london euston,birmingham new street,Sunday,off-peak
0 days,liverpool lime street,london euston,Sunday,off-peak
0 days,liverpool lime street,london euston,Sunday,off-peak
0 days,liverpool lime street,london euston,Sunday,off-peak
0 days,liverpool lime street,london euston,Sunday,off-peak
0 days,london euston,birmingham new street,Sunday,off-peak
0 days,london euston,birmingham new street,Sunday,off-peak
0 days,london paddington,oxford,Sunday,off-peak
0 days,london paddington,reading,Sunday,off-peak
0 days,london paddington,reading,Sunday,off-peak
1 days,london euston,birmingham new street,Monday,advance
1 days,liverpool lime street,manchester piccadilly,Monday,advance
0 days,london kings cross,york,Sunday,off-peak
0 days,london euston,birmingham new street,Sunday,off-peak
0 days,london paddington,oxford,Sunday,off-peak
0 days,london paddington,oxford,Sunday,off-peak
0 days,manchester piccadilly,liverpool lime street,Sunday,off-peak
0 days,liverpool lime street,manchester piccadilly,Sunday,off-peak
0 days,london kings cross,york,Sunday,off-peak
0 days,london paddington,reading,Sunday,off-peak
0 days,london paddington,reading,Sunday,off-peak
0 days,london kings cross,york,Sunday,off-peak
0 days,liverpool lime street,manchester piccadilly,Sunday,off-peak
0 days,london st pancras,birmingham new street,Sunday,off-peak
1 days,london paddington,reading,Monday,advance
1 days,london kings cross,york,Monday,advance
0 days,london st pancras,birmingham new street,Sunday,off-peak
1 days,london kings cross,york,Monday,advance
0 days,london kings cross,liverpool lime street,Sunday,off-peak
1 days,birmingham new street,london st pancras,Monday,advance
1 days,birmingham new street,london kings cross,Monday,advance
1 days,london euston,birmingham new street,Monday,advance
1 days,london st pancras,birmingham new street,Monday,advance
1 days,reading,london paddington,Monday,advance
1 days,london st pancras,birmingham new street,Monday,advance
1 days,london paddington,reading,Monday,advance
1 days,london kings cross,york,Monday,advance
1 days,london kings cross,york,Monday,advance
1 days,london paddington,oxford,Monday,advance
0 days,liverpool lime street,manchester piccadilly,Sunday,off-peak
0 days,london st pancras,birmingham new street,Sunday,off-peak
1 days,london euston,birmingham new street,Monday,advance
1 days,reading,swindon,Monday,advance
1 days,york,peterborough,Monday,advance
1 days,london euston,manchester piccadilly,Monday,advance
0 days,london euston,birmingham new street,Sunday,off-peak
0 days,manchester piccadilly,york,Sunday,off-peak
1 days,london paddington,reading,Monday,advance
0 days,london kings cross,york,Sunday,off-peak
1 days,liverpool lime street,london euston,Monday,advance
1 days,york,liverpool lime street,Monday,advance
1 days,london kings cross,liverpool lime street,Monday,advance
1 days,london euston,birmingham new street,Monday,advance
1 days,manchester piccadilly,liverpool lime street,Monday,advance
0 days,manchester piccadilly,liverpool lime street,Sunday,off-peak
1 days,london st pancras,birmingham new street,Monday,advance
0 days,london st pancras,birmingham new street,Sunday,off-peak
0 days,london st pancras,birmingham new street,Sunday,off-peak
1 days,london paddington,reading,Monday,advance
1 days,london euston,birmingham new street,Monday,advance
0 days,manchester piccadilly,leeds,Sunday,off-peak
1 days,london kings cross,york,Monday,advance
0 days,birmingham new street,london st pancras,Sunday,off-peak
1 days,liverpool lime street,manchester piccadilly,Monday,advance
1 days,manchester piccadilly,liverpool lime street,Monday,advance
0 days,birmingham new street,manchester piccadilly,Sunday,off-peak
1 days,manchester piccadilly,liverpool lime street,Monday,advance
0 days,london euston,manchester piccadilly,Sunday,off-peak
1 days,london kings cross,york,Monday,advance
1 days,london kings cross,york,Monday,advance
0 days,london kings cross,york,Sunday,off-peak
0 days,london kings cross,york,Sunday,off-peak
0 days,london euston,birmingham new street,Sunday,off-peak
1 days,liverpool lime street,manchester piccadilly,Monday,advance
0 days,london euston,birmingham new street,Sunday,off-peak
1 days,manchester piccadilly,liverpool lime street,Monday,advance
0 days,liverpool lime street,sheffield,Sunday,off-peak
0 days,manchester piccadilly,london paddington,Sunday,off-peak
1 days,liverpool lime street,manchester piccadilly,Monday,advance
1 days,london st pancras,birmingham new street,Monday,advance
0 days,london st pancras,birmingham new street,Sunday,off-peak
0 days,london paddington,reading,Sunday,off-peak
0 days,manchester piccadilly,liverpool lime street,Sunday,off-peak
0 days,liverpool lime street,manchester piccadilly,Sunday,off-peak
0 days,liverpool lime street,manchester piccadilly,Sunday,off-peak
0 days,london paddington,reading,Sunday,off-peak
0 days,london st pancras,birmingham new street,Sunday,off-peak
1 days,manchester piccadilly,liverpool lime street,Monday,advance
1 days,london st pancras,birmingham new street,Monday,advance
0 days,birmingham new street,liverpool lime street,Sunday,off-peak
1 days,liverpool lime street,manchester piccadilly,Monday,advance
0 days,london st pancras,birmingham new street,Sunday,off-peak
1 days,liverpool lime street,manchester piccadilly,Monday,advance
1 days,london paddington,reading,Monday,advance
0 days,london kings cross,york,Sunday,off-peak
0 days,london euston,birmingham new street,Sunday,off-peak
0 days,london euston,birmingham new street,Sunday,off-peak
0 days,london euston,birmingham new street,Sunday,off-peak
0 days,london euston,birmingham new street,Sunday,off-peak
1 days,london kings cross,york,Monday,advance
0 days,manchester piccadilly,liverpool lime street,Sunday,off-peak
0 days,london euston,birmingham new street,Sunday,off-peak
0 days,london euston,birmingham new street,Sunday,off-peak
0 days,manchester piccadilly,liverpool lime street,Sunday,off-peak
1 days,manchester piccadilly,liverpool lime street,Monday,advance
0 days,birmingham new street,manchester piccadilly,Sunday,off-peak
0 days,manchester piccadilly,liverpool lime street,Sunday,off-peak
0 days,london kings cross,york,Sunday,off-peak
1 days,liverpool lime street,london euston,Monday,advance
0 days,manchester piccadilly,liverpool lime street,Sunday,off-peak
1 days,manchester piccadilly,sheffield,Monday,advance
1 days,liverpool lime street,manchester piccadilly,Monday,advance
0 days,manchester piccadilly,liverpool lime street,Sunday,off-peak
0 days,london kings cross,york,Sunday,off-peak
0 days,london kings cross,york,Sunday,off-peak
0 days,london kings cross,york,Sunday,off-peak
1 days,liverpool lime street,manchester piccadilly,Monday,advance
0 days,london st pancras,birmingham new street,Sunday,off-peak
0 days,reading,london paddington,Sunday,off-peak
0 days,liverpool lime street,manchester piccadilly,Sunday,off-peak
0 days,manchester piccadilly,liverpool lime street,Sunday,off-peak
0 days,reading,oxford,Sunday,off-peak
0 days,london euston,birmingham new street,Sunday,off-peak
0 days,manchester piccadilly,liverpool lime street,Sunday,off-peak
0 days,london euston,birmingham new street,Sunday,off-peak
0 days,liverpool lime street,london euston,Sunday,off-peak
0 days,birmingham new street,tamworth,Sunday,off-peak
0 days,london euston,birmingham new street,Sunday,off-peak
1 days,london kings cross,york,Monday,advance
1 days,london st pancras,birmingham new street,Monday,advance
1 days,manchester piccadilly,liverpool lime street,Monday,advance
0 days,london st pancras,birmingham new street,Sunday,off-peak
1 days,london paddington,reading,Monday,advance
1 days,london paddington,reading,Monday,advance
1 days,london paddington,reading,Monday,advance
1 days,london paddington,reading,Monday,advance
1 days,birmingham new street,liverpool lime street,Monday,advance
0 days,liverpool lime street,london euston,Sunday,off-peak
1 days,manchester piccadilly,liverpool lime street,Monday,advance
0 days,london euston,manchester piccadilly,Sunday,off-peak
0 days,reading,didcot,Sunday,off-peak
1 days,london kings cross,york,Monday,advance
0 days,manchester piccadilly,liverpool lime street,Sunday,off-peak
0 days,london paddington,reading,Sunday,off-peak
0 days,london st pancras,birmingham new street,Sunday,off-peak
0 days,manchester piccadilly,liverpool lime street,Sunday,off-peak
0 days,london euston,manchester piccadilly,Sunday,off-peak
0 days,birmingham new street,tamworth,Sunday,off-peak
0 days,birmingham new street,coventry,Sunday,off-peak
0 days,liverpool lime street,crewe,Sunday,off-peak
0 days,manchester piccadilly,liverpool lime street,Sunday,off-peak
0 days,birmingham new street,tamworth,Sunday,off-peak
0 days,birmingham new street,stafford,Sunday,off-peak
1 days,london euston,birmingham new street,Monday,advance
1 days,london euston,birmingham new street,Monday,advance
1 days,london euston,birmingham new street,Monday,advance
1 days,london euston,birmingham new street,Monday,advance
1 days,london euston,birmingham new street,Monday,advance
1 days,london kings cross,york,Monday,advance
1 days,manchester piccadilly,london kings cross,Monday,advance
0 days,liverpool lime street,manchester piccadilly,Sunday,off-peak
0 days,manchester piccadilly,liverpool lime street,Sunday,off-peak
0 days,london st pancras,birmingham new street,Sunday,off-peak
0 days,london euston,birmingham new street,Sunday,off-peak
1 days,manchester piccadilly,liverpool lime street,Monday,advance
1 days,manchester piccadilly,liverpool lime street,Monday,advance
0 days,london paddington,reading,Sunday,off-peak
0 days,liverpool lime street,manchester piccadilly,Sunday,off-peak
0 days,manchester piccadilly,sheffield,Sunday,off-peak
0 days,oxford,bristol temple meads,Sunday,off-peak
0 days,london st pancras,birmingham new street,Sunday,off-peak
0 days,manchester piccadilly,liverpool lime street,Sunday,off-peak
0 days,london kings cross,liverpool lime street,Sunday,off-peak
0 days,london paddington,reading,Sunday,off-peak
0 days,manchester piccadilly,liverpool lime street,Sunday,off-peak
0 days,london st pancras,birmingham new street,Sunday,off-peak
0 days,london euston,birmingham new street,Sunday,off-peak
1 days,manchester piccadilly,liverpool lime street,Monday,advance
1 days,manchester piccadilly,liverpool lime street,Monday,advance
1 days,manchester piccadilly,liverpool lime street,Monday,advance
1 days,london paddington,reading,Monday,advance
1 days,london paddington,reading,Monday,advance
1 days,london st pancras,birmingham new street,Monday,advance
1 days,liverpool lime street,manchester piccadilly,Monday,advance
0 days,london euston,birmingham new street,Sunday,off-peak
1 days,birmingham new street,york,Monday,advance
0 days,london paddington,reading,Sunday,off-peak
1 days,birmingham new street,nuneaton,Monday,advance
1 days,london st pancras,birmingham new street,Monday,advance
0 days,london euston,birmingham new street,Sunday,off-peak
1 days,birmingham new street,tamworth,Monday,advance
1 days,liverpool lime street,crewe,Monday,advance
1 days,london kings cross,york,Monday,advance
1 days,birmingham new street,coventry,Monday,advance
1 days,london st pancras,birmingham new street,Monday,advance
1 days,birmingham new street,nuneaton,Monday,advance
1 days,london kings cross,york,Monday,advance
1 days,york,edinburgh,Monday,advance
0 days,liverpool lime street,leeds,Sunday,off-peak
1 days,york,edinburgh,Monday,advance
0 days,london kings cross,york,Sunday,off-peak
1 days,london st pancras,birmingham new street,Monday,advance
1 days,london kings cross,york,Monday,advance
1 days,london paddington,reading,Monday,advance
1 days,london paddington,reading,Monday,advance
1 days,manchester piccadilly,liverpool lime street,Monday,advance
1 days,london paddington,reading,Monday,advance
1 days,liverpool lime street,manchester piccadilly,Monday,advance
1 days,manchester piccadilly,liverpool lime street,Monday,advance
1 days,manchester piccadilly,liverpool lime street,Monday,advance
1 days,liverpool lime street,manchester piccadilly,Monday,advance
1 days,london paddington,reading,Monday,advance
1 days,london kings cross,york,Monday,advance
1 days,london kings cross,york,Monday,advance
1 days,london euston,birmingham new street,Monday,advance
0 days,london euston,birmingham new street,Monday,off-peak
0 days,york,durham,Monday,off-peak
0 days,york,durham,Monday,off-peak
1 days,london paddington,reading,Tuesday,advance
0 days,london euston,birmingham new street,Monday,off-peak
0 days,london euston,birmingham new street,Monday,off-peak
1 days,liverpool lime street,london euston,Tuesday,advance
1 days,london euston,birmingham new street,Tuesday,advance
0 days,london euston,manchester piccadilly,Monday,off-peak
1 days,york,durham,Tuesday,advance
0 days,york,durham,Monday,off-peak
1 days,london st pancras,birmingham new street,Tuesday,advance
1 days,manchester piccadilly,liverpool lime street,Tuesday,advance
1 days,manchester piccadilly,liverpool lime street,Tuesday,advance
0 days,london paddington,reading,Monday,off-peak
1 days,london euston,manchester piccadilly,Tuesday,advance
1 days,london kings cross,york,Tuesday,advance
0 days,liverpool lime street,manchester piccadilly,Monday,off-peak
0 days,york,birmingham new street,Monday,off-peak
1 days,liverpool lime street,manchester piccadilly,Tuesday,advance
0 days,london euston,birmingham new street,Monday,off-peak
0 days,london kings cross,york,Monday,off-peak
0 days,london kings cross,york,Monday,off-peak
0 days,london kings cross,york,Monday,off-peak
0 days,london st pancras,birmingham new street,Monday,off-peak
1 days,manchester piccadilly,liverpool lime street,Tuesday,advance
1 days,liverpool lime street,leeds,Tuesday,advance
1 days,york,durham,Tuesday,advance
1 days,oxford,bristol temple meads,Tuesday,advance
1 days,liverpool lime street,manchester piccadilly,Tuesday,advance
0 days,london paddington,reading,Monday,off-peak
1 days,london euston,manchester piccadilly,Tuesday,advance
1 days,liverpool lime street,manchester piccadilly,Tuesday,advance
0 days,london paddington,reading,Monday,anytime
0 days,manchester piccadilly,liverpool lime street,Monday,anytime
0 days,york,doncaster,Monday,anytime
0 days,london euston,birmingham new street,Monday,anytime
0 days,manchester piccadilly,liverpool lime street,Monday,anytime
0 days,birmingham new street,london euston,Monday,anytime
1 days,manchester piccadilly,liverpool lime street,Tuesday,advance
0 days,london st pancras,birmingham new street,Monday,anytime
1 days,london paddington,reading,Tuesday,advance
0 days,reading,swindon,Monday,anytime
0 days,london kings cross,york,Monday,anytime
1 days,liverpool lime street,manchester piccadilly,Tuesday,advance
0 days,york,peterborough,Monday,anytime
1 days,london kings cross,york,Tuesday,advance
1 days,london kings cross,york,Tuesday,advance
1 days,london kings cross,york,Tuesday,advance
0 days,liverpool lime street,london euston,Monday,anytime
0 days,london kings cross,york,Monday,anytime
0 days,manchester piccadilly,leeds,Monday,anytime
0 days,manchester piccadilly,liverpool lime street,Monday,anytime
1 days,liverpool lime street,manchester piccadilly,Tuesday,advance
0 days,london paddington,reading,Monday,anytime
0 days,london paddington,reading,Monday,anytime
0 days,london paddington,oxford,Monday,anytime
0 days,london paddington,reading,Monday,anytime
0 days,london paddington,reading,Monday,off-peak
0 days,london paddington,reading,Monday,off-peak
1 days,london paddington,reading,Tuesday,advance
0 days,manchester piccadilly,liverpool lime street,Monday,off-peak
1 days,manchester piccadilly,liverpool lime street,Tuesday,advance
0 days,manchester piccadilly,liverpool lime street,Monday,off-peak
1 days,manchester piccadilly,liverpool lime street,Tuesday,advance
1 days,london paddington,reading,Tuesday,advance
1 days,birmingham new street,london st pancras,Tuesday,advance
1 days,manchester piccadilly,liverpool lime street,Tuesday,advance
1 days,london euston,birmingham new street,Tuesday,advance
1 days,liverpool lime street,manchester piccadilly,Tuesday,advance
1 days,london st pancras,birmingham new street,Tuesday,advance
1 days,london paddington,reading,Tuesday,advance
1 days,london paddington,oxford,Tuesday,advance
1 days,london kings cross,york,Tuesday,advance
1 days,london kings cross,york,Tuesday,advance
1 days,manchester piccadilly,liverpool lime street,Tuesday,advance
0 days,liverpool lime street,london st pancras,Monday,off-peak
1 days,liverpool lime street,crewe,Tuesday,advance
1 days,york,doncaster,Tuesday,advance
1 days,york,peterborough,Tuesday,advance
1 days,york,peterborough,Tuesday,advance
0 days,london euston,birmingham new street,Monday,off-peak
1 days,liverpool lime street,london euston,Tuesday,advance
0 days,london euston,birmingham new street,Monday,off-peak
0 days,york,edinburgh,Monday,off-peak
1 days,london paddington,reading,Tuesday,advance
0 days,york,edinburgh,Monday,off-peak
1 days,london euston,birmingham new street,Tuesday,advance
1 days,london st pancras,birmingham new street,Tuesday,advance
1 days,london paddington,reading,Tuesday,advance
1 days,london kings cross,york,Tuesday,advance
1 days,london kings cross,york,Tuesday,advance
1 days,manchester piccadilly,nottingham,Tuesday,advance
1 days,london paddington,reading,Tuesday,advance
0 days,london st pancras,birmingham new street,Monday,off-peak
1 days,london st pancras,birmingham new street,Tuesday,advance
0 days,london st pancras,birmingham new street,Monday,off-peak
1 days,london paddington,reading,Tuesday,advance
1 days,manchester piccadilly,liverpool lime street,Tuesday,advance
1 days,liverpool lime street,manchester piccadilly,Tuesday,advance
1 days,manchester piccadilly,liverpool lime street,Tuesday,advance
0 days,london kings cross,york,Monday,off-peak
0 days,manchester piccadilly,liverpool lime street,Monday,off-peak
0 days,london euston,birmingham new street,Monday,off-peak
0 days,manchester piccadilly,liverpool lime street,Monday,off-peak
0 days,london euston,birmingham new street,Monday,off-peak
0 days,manchester piccadilly,liverpool lime street,Monday,off-peak
1 days,london euston,birmingham new street,Tuesday,advance
1 days,liverpool lime street,manchester piccadilly,Tuesday,advance
0 days,manchester piccadilly,liverpool lime street,Monday,off-peak
1 days,london euston,birmingham new street,Tuesday,advance
0 days,manchester piccadilly,liverpool lime street,Monday,off-peak
0 days,london kings cross,york,Monday,off-peak
0 days,liverpool lime street,sheffield,Monday,off-peak
0 days,manchester piccadilly,liverpool lime street,Monday,off-peak
1 days,manchester piccadilly,liverpool lime street,Tuesday,advance
0 days,london paddington,liverpool lime street,Monday,off-peak
1 days,york,edinburgh,Tuesday,advance
0 days,london paddington,reading,Monday,off-peak
0 days,liverpool lime street,manchester piccadilly,Monday,off-peak
0 days,london st pancras,birmingham new street,Monday,off-peak
0 days,london kings cross,york,Monday,off-peak
0 days,liverpool lime street,manchester piccadilly,Monday,off-peak
1 days,liverpool lime street,manchester piccadilly,Tuesday,advance
1 days,liverpool lime street,manchester piccadilly,Tuesday,advance
1 days,london euston,birmingham new street,Tuesday,advance
0 days,london euston,birmingham new street,Monday,off-peak
0 days,london paddington,reading,Monday,off-peak
1 days,manchester piccadilly,liverpool lime street,Tuesday,advance
0 days,london euston,birmingham new street,Monday,off-peak
0 days,birmingham new street,liverpool lime street,Monday,off-peak
0 days,london kings cross,york,Monday,off-peak
1 days,york,edinburgh,Tuesday,advance
0 days,london euston,birmingham new street,Monday,anytime
0 days,london euston,birmingham new street,Monday,anytime
0 days,london euston,birmingham new street,Monday,anytime
0 days,london euston,birmingham new street,Monday,anytime
0 days,london euston,birmingham new street,Monday,anytime
0 days,manchester piccadilly,liverpool lime street,Monday,anytime
0 days,london euston,birmingham new street,Monday,anytime
0 days,london euston,birmingham new street,Monday,anytime
0 days,york,peterborough,Monday,anytime
1 days,london euston,birmingham new street,Tuesday,advance
0 days,manchester piccadilly,liverpool lime street,Monday,anytime
0 days,manchester piccadilly,liverpool lime street,Monday,anytime
1 days,liverpool lime street,manchester piccadilly,Tuesday,advance
1 days,london euston,birmingham new street,Tuesday,advance
1 days,london st pancras,birmingham new street,Tuesday,advance
0 days,london kings cross,york,Monday,anytime
0 days,london st pancras,leicester,Monday,anytime
0 days,manchester piccadilly,london euston,Monday,off-peak
0 days,liverpool lime street,london euston,Monday,off-peak
0 days,london kings cross,york,Monday,anytime
0 days,london paddington,reading,Monday,anytime
0 days,london kings cross,york,Monday,anytime
0 days,liverpool lime street,london euston,Monday,anytime
0 days,london kings cross,york,Monday,anytime
0 days,london kings cross,york,Monday,anytime
0 days,manchester piccadilly,liverpool lime street,Monday,anytime
1 days,london paddington,reading,Tuesday,advance
0 days,london kings cross,york,Monday,anytime
0 days,london kings cross,york,Monday,anytime
0 days,liverpool lime street,manchester piccadilly,Monday,anytime
1 days,manchester piccadilly,liverpool lime street,Tuesday,advance
0 days,liverpool lime street,manchester piccadilly,Monday,anytime
0 days,liverpool lime street,manchester piccadilly,Monday,anytime
0 days,liverpool lime street,manchester piccadilly,Monday,anytime
0 days,birmingham new street,london paddington,Monday,anytime
0 days,london kings cross,york,Monday,anytime
0 days,liverpool lime street,manchester piccadilly,Monday,anytime
0 days,liverpool lime street,manchester piccadilly,Monday,anytime
1 days,london st pancras,birmingham new street,Tuesday,advance
1 days,london st pancras,birmingham new street,Tuesday,advance
0 days,manchester piccadilly,liverpool lime street,Monday,anytime
0 days,manchester piccadilly,liverpool lime street,Monday,anytime
0 days,london st pancras,birmingham new street,Monday,anytime
0 days,manchester piccadilly,liverpool lime street,Monday,anytime
1 days,london kings cross,york,Tuesday,advance
1 days,manchester piccadilly,liverpool lime street,Tuesday,advance
1 days,london paddington,reading,Tuesday,advance
0 days,reading,liverpool lime street,Monday,anytime
0 days,liverpool lime street,manchester piccadilly,Monday,anytime
1 days,london kings cross,york,Tuesday,advance
1 days,reading,london paddington,Tuesday,advance
1 days,london euston,birmingham new street,Tuesday,advance
1 days,london euston,birmingham new street,Tuesday,advance
0 days,london paddington,reading,Monday,anytime
0 days,london st pancras,birmingham new street,Monday,anytime
0 days,london st pancras,birmingham new street,Monday,anytime
0 days,manchester piccadilly,liverpool lime street,Monday,anytime
0 days,london st pancras,birmingham new street,Monday,anytime
0 days,london st pancras,birmingham new street,Monday,anytime
0 days,liverpool lime street,crewe,Monday,anytime
0 days,birmingham new street,nuneaton,Monday,anytime
0 days,london st pancras,birmingham new street,Monday,anytime
0 days,birmingham new street,coventry,Monday,anytime
0 days,london st pancras,birmingham new street,Monday,anytime
0 days,london paddington,reading,Monday,anytime
1 days,london euston,birmingham new street,Tuesday,advance
1 days,london kings cross,york,Tuesday,advance
1 days,london euston,birmingham new street,Tuesday,advance
1 days,london euston,birmingham new street,Tuesday,advance
0 days,manchester piccadilly,liverpool lime street,Monday,off-peak
1 days,london kings cross,york,Tuesday,advance
1 days,london euston,birmingham new street,Tuesday,advance
1 days,london euston,birmingham new street,Tuesday,advance
1 days,manchester piccadilly,liverpool lime street,Tuesday,advance
1 days,manchester piccadilly,liverpool lime street,Tuesday,advance
1 days,liverpool lime street,leeds,Tuesday,advance
1 days,liverpool lime street,sheffield,Tuesday,advance
0 days,manchester piccadilly,liverpool lime street,Monday,anytime
0 days,london st pancras,leicester,Monday,anytime
0 days,london st pancras,birmingham new street,Monday,off-peak
0 days,manchester piccadilly,liverpool lime street,Monday,anytime
0 days,london kings cross,york,Monday,off-peak
0 days,london euston,birmingham new street,Monday,off-peak
0 days,manchester piccadilly,liverpool lime street,Monday,off-peak
1 days,manchester piccadilly,liverpool lime street,Tuesday,advance
1 days,liverpool lime street,manchester piccadilly,Tuesday,advance
1 days,london kings cross,york,Tuesday,advance
1 days,birmingham new street,london paddington,Tuesday,advance
1 days,london kings cross,york,Tuesday,advance
0 days,liverpool lime street,manchester piccadilly,Monday,off-peak
1 days,reading,london paddington,Tuesday,advance
0 days,london st pancras,birmingham new street,Monday,off-peak
1 days,manchester piccadilly,liverpool lime street,Tuesday,advance
1 days,london paddington,reading,Tuesday,advance
1 days,manchester piccadilly,liverpool lime street,Tuesday,advance
1 days,manchester piccadilly,liverpool lime street,Tuesday,advance
1 days,london euston,birmingham new street,Tuesday,advance
1 days,manchester piccadilly,liverpool lime street,Tuesday,advance
1 days,manchester piccadilly,liverpool lime street,Tuesday,advance
1 days,london st pancras,leicester,Tuesday,advance
1 days,manchester piccadilly,liverpool lime street,Tuesday,advance
1 days,reading,swindon,Tuesday,advance
1 days,manchester piccadilly,liverpool lime street,Tuesday,advance
1 days,manchester piccadilly,liverpool lime street,Tuesday,advance
0 days,liverpool lime street,manchester piccadilly,Monday,off-peak
1 days,london euston,birmingham new street,Tuesday,advance
1 days,london paddington,reading,Tuesday,advance
0 days,liverpool lime street,manchester piccadilly,Monday,off-peak
1 days,liverpool lime street,manchester piccadilly,Tuesday,advance
1 days,liverpool lime street,manchester piccadilly,Tuesday,advance
1 days,london paddington,reading,Tuesday,advance
1 days,london paddington,reading,Tuesday,advance
1 days,london st pancras,birmingham new street,Tuesday,advance
1 days,london st pancras,birmingham new street,Tuesday,advance
1 days,london kings cross,york,Tuesday,advance
1 days,london st pancras,birmingham new street,Tuesday,advance
1 days,liverpool lime street,crewe,Tuesday,advance
1 days,manchester piccadilly,liverpool lime street,Tuesday,advance
1 days,london st pancras,birmingham new street,Tuesday,advance
1 days,birmingham new street,wolverhampton,Tuesday,advance
1 days,london st pancras,birmingham new street,Tuesday,advance
1 days,london st pancras,birmingham new street,Tuesday,advance
1 days,london paddington,reading,Tuesday,advance
1 days,liverpool lime street,manchester piccadilly,Tuesday,advance
1 days,london paddington,reading,Tuesday,advance
1 days,birmingham new street,edinburgh,Tuesday,advance
1 days,london euston,birmingham new street,Tuesday,advance
1 days,manchester piccadilly,liverpool lime street,Tuesday,advance
1 days,london paddington,reading,Tuesday,advance
1 days,london euston,birmingham new street,Tuesday,advance
1 days,london euston,birmingham new street,Tuesday,advance
1 days,manchester piccadilly,liverpool lime street,Tuesday,advance
1 days,birmingham new street,liverpool lime street,Tuesday,advance
1 days,london euston,birmingham new street,Tuesday,advance
1 days,london paddington,reading,Tuesday,advance
1 days,london paddington,reading,Tuesday,advance
1 days,london kings cross,york,Tuesday,advance
1 days,london st pancras,birmingham new street,Tuesday,advance
1 days,london paddington,reading,Tuesday,advance
1 days,birmingham new street,liverpool lime street,Tuesday,advance
0 days,london euston,birmingham new street,Tuesday,off-peak
0 days,london kings cross,york,Tuesday,off-peak
0 days,london kings cross,york,Tuesday,off-peak
0 days,london kings cross,york,Tuesday,off-peak
0 days,manchester piccadilly,nottingham,Tuesday,off-peak
0 days,london paddington,reading,Tuesday,off-peak
0 days,london euston,birmingham new street,Tuesday,off-peak
0 days,liverpool lime street,manchester piccadilly,Tuesday,off-peak
0 days,liverpool lime street,manchester piccadilly,Tuesday,off-peak
0 days,london st pancras,birmingham new street,Tuesday,off-peak
0 days,london paddington,reading,Tuesday,off-peak
0 days,liverpool lime street,manchester piccadilly,Tuesday,off-peak
0 days,london paddington,reading,Tuesday,off-peak
0 days,manchester piccadilly,liverpool lime street,Tuesday,off-peak
0 days,manchester piccadilly,liverpool lime street,Tuesday,off-peak
0 days,manchester piccadilly,london euston,Tuesday,off-peak
0 days,london kings cross,york,Tuesday,off-peak
0 days,london euston,birmingham new street,Tuesday,off-peak
0 days,liverpool lime street,manchester piccadilly,Tuesday,off-peak
0 days,liverpool lime street,manchester piccadilly,Tuesday,off-peak
0 days,liverpool lime street,manchester piccadilly,Tuesday,off-peak
0 days,london kings cross,york,Tuesday,off-peak
0 days,london st pancras,birmingham new street,Tuesday,off-peak
0 days,london st pancras,birmingham new street,Tuesday,off-peak
0 days,liverpool lime street,london euston,Tuesday,off-peak
0 days,london kings cross,york,Tuesday,off-peak
0 days,london kings cross,york,Tuesday,anytime
0 days,manchester piccadilly,liverpool lime street,Tuesday,anytime
0 days,london st pancras,birmingham new street,Tuesday,anytime
0 days,birmingham new street,london st pancras,Tuesday,anytime
0 days,london kings cross,york,Tuesday,anytime
0 days,london euston,birmingham new street,Tuesday,anytime
0 days,york,doncaster,Tuesday,anytime
0 days,birmingham new street,london st pancras,Tuesday,anytime
0 days,birmingham new street,london st pancras,Tuesday,anytime
0 days,london kings cross,york,Tuesday,anytime
0 days,london euston,manchester piccadilly,Tuesday,anytime
0 days,london kings cross,york,Tuesday,off-peak
0 days,london kings cross,york,Tuesday,anytime
0 days,liverpool lime street,manchester piccadilly,Tuesday,anytime
0 days,reading,swindon,Tuesday,anytime
0 days,reading,swindon,Tuesday,anytime
0 days,reading,swindon,Tuesday,anytime
0 days,york,peterborough,Tuesday,anytime
0 days,london kings cross,york,Tuesday,anytime
0 days,manchester piccadilly,liverpool lime street,Tuesday,anytime
0 days,london kings cross,york,Tuesday,anytime
0 days,london paddington,reading,Tuesday,anytime
0 days,london euston,manchester piccadilly,Tuesday,anytime
0 days,london euston,manchester piccadilly,Tuesday,anytime
0 days,london st pancras,birmingham new street,Tuesday,anytime
0 days,liverpool lime street,london euston,Tuesday,anytime
0 days,manchester piccadilly,liverpool lime street,Tuesday,anytime
0 days,london kings cross,york,Tuesday,anytime
0 days,london paddington,oxford,Tuesday,anytime
0 days,london paddington,oxford,Tuesday,anytime
0 days,london euston,birmingham new street,Tuesday,off-peak
0 days,london paddington,reading,Tuesday,off-peak
0 days,london kings cross,edinburgh waverley,Tuesday,anytime
0 days,liverpool lime street,manchester piccadilly,Tuesday,off-peak
0 days,london st pancras,birmingham new street,Tuesday,off-peak
0 days,manchester piccadilly,liverpool lime street,Tuesday,off-peak
0 days,london euston,birmingham new street,Tuesday,off-peak
0 days,manchester piccadilly,sheffield,Tuesday,off-peak
0 days,london st pancras,birmingham new street,Tuesday,off-peak
0 days,london st pancras,birmingham new street,Tuesday,off-peak
0 days,london euston,birmingham new street,Tuesday,off-peak
0 days,manchester piccadilly,liverpool lime street,Tuesday,off-peak
0 days,oxford,bristol temple meads,Tuesday,off-peak
0 days,birmingham new street,liverpool lime street,Tuesday,off-peak
0 days,manchester piccadilly,liverpool lime street,Tuesday,off-peak
0 days,manchester piccadilly,liverpool lime street,Tuesday,off-peak
0 days,birmingham new street,manchester piccadilly,Tuesday,off-peak
0 days,london euston,birmingham new street,Tuesday,off-peak
0 days,manchester piccadilly,liverpool lime street,Tuesday,off-peak
0 days,liverpool lime street,manchester piccadilly,Tuesday,off-peak
0 days,london euston,birmingham new street,Tuesday,off-peak
0 days,manchester piccadilly,liverpool lime street,Tuesday,off-peak
0 days,manchester piccadilly,liverpool lime street,Tuesday,off-peak
0 days,manchester piccadilly,liverpool lime street,Tuesday,off-peak
0 days,manchester piccadilly,london paddington,Tuesday,off-peak
0 days,london paddington,reading,Tuesday,off-peak
0 days,manchester piccadilly,liverpool lime street,Tuesday,off-peak
0 days,london paddington,reading,Tuesday,off-peak
0 days,london st pancras,birmingham new street,Tuesday,off-peak
0 days,birmingham new street,liverpool lime street,Tuesday,off-peak
0 days,london euston,birmingham new street,Tuesday,off-peak
0 days,reading,london paddington,Tuesday,off-peak
0 days,london st pancras,birmingham new street,Tuesday,off-peak
0 days,manchester piccadilly,liverpool lime street,Tuesday,anytime
0 days,liverpool lime street,manchester piccadilly,Tuesday,anytime
0 days,london kings cross,york,Tuesday,anytime
0 days,london paddington,reading,Tuesday,anytime
0 days,london euston,birmingham new street,Tuesday,anytime
0 days,london euston,birmingham new street,Tuesday,anytime
0 days,london euston,birmingham new street,Tuesday,anytime
0 days,london euston,birmingham new street,Tuesday,anytime
0 days,manchester piccadilly,liverpool lime street,Tuesday,anytime
0 days,manchester piccadilly,liverpool lime street,Tuesday,anytime
0 days,liverpool lime street,london euston,Tuesday,anytime
0 days,london kings cross,york,Tuesday,anytime
0 days,london kings cross,york,Tuesday,anytime
0 days,london euston,birmingham new street,Tuesday,anytime
0 days,manchester piccadilly,liverpool lime street,Tuesday,anytime
0 days,london euston,birmingham new street,Tuesday,anytime
0 days,london euston,birmingham new street,Tuesday,anytime
0 days,london euston,birmingham new street,Tuesday,anytime
0 days,manchester piccadilly,liverpool lime street,Tuesday,anytime
0 days,birmingham new street,tamworth,Tuesday,anytime
0 days,london st pancras,birmingham new street,Tuesday,anytime
0 days,liverpool lime street,london euston,Tuesday,anytime
0 days,london st pancras,birmingham new street,Tuesday,anytime
0 days,london euston,manchester piccadilly,Tuesday,anytime
0 days,liverpool lime street,manchester piccadilly,Tuesday,anytime
0 days,london euston,manchester piccadilly,Tuesday,anytime
0 days,manchester piccadilly,liverpool lime street,Tuesday,anytime
0 days,birmingham new street,tamworth,Tuesday,anytime
0 days,london st pancras,birmingham new street,Tuesday,anytime
0 days,manchester piccadilly,liverpool lime street,Tuesday,anytime
0 days,london paddington,reading,Tuesday,off-peak
0 days,london euston,birmingham new street,Tuesday,off-peak
0 days,manchester piccadilly,liverpool lime street,Tuesday,off-peak
0 days,london euston,birmingham new street,Tuesday,off-peak
0 days,manchester piccadilly,liverpool lime street,Tuesday,off-peak
0 days,london euston,birmingham new street,Tuesday,off-peak
0 days,liverpool lime street,manchester piccadilly,Tuesday,off-peak
